1.40112709999
1.29050803185
1.1047141552
1.28447318077
1.24818110466
1.13498306274
1.29018592834
1.12371683121
1.1460750103
1.16097283363
1.25902605057
1.11310195923
1.19961500168
1.23517489433
1.10033583641
1.10295796394
1.17871022224
1.15911221504
1.1724858284
1.09146904945
1.18799090385
1.13179516792
1.13662815094
1.14810681343
1.17210507393
1.2987780571
1.14335608482
1.1342549324
1.12614607811
1.09713697433
1.1060769558
1.21869683266
1.26087617874
1.20111203194
1.14643001556
1.11928009987
1.10427999496
1.14834213257
1.08413600922
1.21711182594
1.1293990612
1.09202504158
1.16440200806
1.16493415833
1.15984511375
1.13093304634
1.12737107277
1.15052294731
1.12112593651
1.12074995041
1.20855689049
1.24142193794
1.13384890556
1.14194703102
1.13445687294
1.11213207245
1.21073293686
1.16365504265
1.12193989754
1.13507318497
1.16298007965
1.131483078
1.10734581947
1.23617005348
1.16576886177
1.26161384583
1.18912887573
1.16157484055
1.19988799095
1.17755699158
1.2348690033
1.28372907639
1.09968209267
1.12765407562
1.12588214874
1.18419289589
1.13005709648
1.11911082268
1.12259912491
1.11222696304
1.54212903976
1.12522387505
1.23043298721
1.35562705994
1.12635588646
1.189702034
1.14957404137
1.13606095314
1.12734699249
1.12799310684
1.11128211021
1.15651202202
1.22634792328
1.18557596207
1.13717603683
1.18085289001
1.1722509861
1.17123103142
1.12930989265
1.11982011795
1.17762589455
1.17109394073
1.17005109787
1.21111488342
1.17704200745
1.17674994469
1.19648885727
1.0814409256
1.13144207001
1.23361182213
1.13970994949
1.16742777824
1.19339799881
1.08512711525
1.11404514313
1.07776618004
1.15465497971
1.09560394287
1.15983080864
1.13366103172
1.19939899445
1.19899582863
1.09473013878
1.09961605072
1.14828395844
1.13097000122
1.18094682693
1.1276819706
1.15160703659
1.18273091316
1.14920496941
1.09544086456
1.09610295296
1.17490386963
1.14738106728
1.14904689789
1.07639884949
1.10793805122
1.16437888145
1.08484101295
1.09458398819
1.02374219894
1.20288419724
1.09754991531
1.16508793831
1.14581799507
1.16661214828
1.16392707825
1.12438297272
1.13762807846
1.13642692566
1.23157691956
1.1359269619
1.16951704025
1.10003805161
1.18405795097
1.16210412979
1.14116191864
1.27406406403
1.09165811539
1.18782305717
1.11409401894
1.08829808235
1.16555786133
1.15221405029
1.13874292374
1.13718295097
1.09498596191
1.0811829567
