0.551271
0.544718
0.536868
0.531668
0.5213
0.516201
0.509809
0.503465
0.495916
0.490962
0.485956
0.480923
0.474564
0.466959
0.461923
0.456936
0.445941
0.443509
0.433808
0.432584
0.421609
0.415555
0.409613
0.404843
0.398826
0.391599
0.388017
0.382082
0.376264
0.370626
0.363947
0.360626
0.356263
0.346718
0.344564
0.335561
0.330769
0.32443
0.316428
0.312318
0.305448
0.297165
0.291681
0.286303
0.279655
0.271798
0.266659
0.25654
0.251595
0.246703
0.241812
0.230612
0.225593
0.220624
0.215664
0.208384
0.201467
0.196953
0.192533
0.188197
0.183998
0.175192
0.170466
0.169514
0.160922
0.156046
0.150174
0.146264
0.142392
0.138621
0.134131
0.128883
0.125359
0.121848
0.117443
0.112108
0.108532
0.104001
0.0986241
0.095119
0.088085
0.0836458
0.0791901
0.074802
0.0713191
0.0670027
0.0618087
0.0591755
0.0549004
0.049998
0.0468284
0.0438111
0.0402867
0.0365399
0.0342986
0.0322275
0.0282304
0.0274494
0.024419
0.0228965
0.0209129
0.0184857
0.0168924
0.0153699
0.0134767
0.0112529
0.00978475
0.00824344
0.00624105
0.00413161
0.00150865
0.000264156
0.00388176
0.00609347
0.00857053
0.00970798
0.0114615
0.0129909
0.0146628
0.0157447
0.0168028
0.0177965
0.0186747
0.0200599
0.0203241
0.0214558
0.0221355
0.0228624
0.0236866
0.0245582
0.0266104
0.0279569
0.028829
0.0296186
0.0303649
0.031025
0.0312751
0.0315407
0.0315874
0.0314999
0.0313039
0.031061
0.0302321
0.0299946
0.0294291
0.0277354
0.0266836
0.025637
0.0248273
0.0239941
0.0229849
0.0217881
0.0210588
0.0204037
0.0197864
0.0184945
0.0181905
0.0169308
0.0162032
0.0152259
0.0138429
0.012792
0.0114224
0.00982694
0.0088447
0.00788892
0.00554347
0.00554347
0.00373514
0.002324
0.000769581
0.00300132
0.00513722
0.00677151
0.00872979
0.0110776
0.0122072
0.0140241
0.0162361
0.0178279
0.0195118
0.0216622
0.0241929
0.025754
0.0272138
0.0302654
0.0305317
0.0325136
0.0335073
0.0348004
0.0363529
0.0374191
0.0385506
0.0396597
0.0410312
0.0427592
0.0439174
0.0450012
0.0470157
0.0479851
0.0487607
0.0496196
0.0509147
0.052651
0.0535891
0.0551965
0.0571591
0.0584064
0.0596325
0.0626191
0.0646508
0.0660805
0.0675641
0.0693718
0.0714879
0.0725223
0.0741926
0.0757067
0.0772831
0.0779347
0.0788823
0.0797985
0.080349
0.0814183
0.0822134
0.0830586
0.0839881
0.0847797
0.0855754
0.0866168
0.0878225
0.0883588
0.0890787
0.0895748
0.0896472
0.0896225
0.0896049
0.0895459
0.08943
0.0893089
0.0893068
0.0895406
0.089709
0.090105
0.090684
0.0914309
0.0918895
0.0926628
0.0945095
0.0958098
0.0972172
0.0985088
0.100313
0.102681
0.104375
0.10609
0.10781
0.10999
0.112285
0.115921
0.117511
0.119148
0.120786
0.12151
0.122479
0.123643
0.124956
0.125837
0.127527
0.128374
0.129304
0.130337
0.131723
0.133566
0.134829
0.137218
0.138476
0.139891
0.140848
0.141996
0.142796
0.143445
0.14451
0.145011
0.146116
0.146768
0.147602
0.148556
0.149118
0.149675
0.150223
0.150806
0.151299
0.151515
0.152055
0.152332
0.152403
0.152376
0.152283
0.15211
0.151973
0.151744
0.151476
0.151251
0.150978
0.150733
0.150709
0.151059
0.151465
0.151962
0.152478
0.153151
0.153881
0.154218
0.155052
0.155517
0.156121
0.156984
0.158115
0.158846
0.159909
0.162088
0.163063
0.163987
0.164922
0.165844
0.166897
0.168711
0.169131
0.170704
0.171354
0.171992
0.172693
0.173428
0.174871
0.175152
0.176011
0.176272
0.176345
0.176203
0.176049
0.175782
0.17539
0.175108
0.17469
0.173707
0.173186
0.172832
0.172599
0.172429
0.172226
0.172004
0.171675
0.171232
0.169874
0.169
0.168029
0.167242
0.166414
0.165192
0.163062
0.161485
0.160067
0.159042
0.158056
0.157148
0.155807
0.155362
0.155064
0.154783
0.154483
0.15382
0.153336
0.152717
0.151816
0.150858
0.1503
0.148886
0.148795
0.148513
0.148477
0.148578
0.148646
0.148732
0.148803
0.148814
0.148811
0.148755
0.148616
0.148506
0.148462
0.148404
0.148128
0.147577
0.14725
0.146659
0.146009
0.145639
0.145368
0.145293
0.145447
0.145625
0.145739
0.145555
0.145452
0.144789
0.144226
0.143485
0.142772
0.141754
0.140585
0.140094
0.139538
0.139147
0.13878
0.138767
0.138769
0.138784
0.138831
0.138879
0.138968
0.138984
0.138885
0.138655
0.138268
0.137659
0.136893
0.136451
0.13595
0.135332
0.135038
0.134683
0.134463
0.134368
0.134304
0.134208
0.134022
0.133972
0.133422
0.132904
0.132276
0.131625
0.13106
0.130161
0.130105
0.129892
0.129443
0.12912
0.128755
0.128478
0.128264
0.128035
0.127659
0.127171
0.126924
0.126746
0.126665
0.12644
0.126062
0.125718
0.125419
0.125029
0.124556
0.124153
0.123597
0.12292
0.122641
0.122384
0.12227
0.12215
0.121966
0.121367
0.120733
0.120241
0.119627
0.118877
0.117809
0.116465
0.115829
0.114205
0.113338
0.112707
0.112174
0.111594
0.111055
0.110825
0.110614
0.110379
0.109721
0.109432
0.109307
0.109227
0.109214
0.109157
0.109096
0.109101
0.109125
0.10908
0.109046
0.108975
0.108916
0.108912
0.108949
0.109009
0.109161
0.109439
0.109711
0.109752
0.109738
0.109658
0.109501
0.109389
0.109381
0.109393
0.109477
0.109541
0.109594
0.1096
0.109642
0.109721
0.109932
0.110409
0.110829
0.111346
0.111985
0.11271
0.114414
0.11454
0.115373
0.115538
0.115556
0.115406
0.115291
0.115249
0.11536
0.115586
0.115821
0.116118
0.116437
0.117278
0.117449
0.118127
0.118475
0.11866
0.11873
0.1188
0.118939
0.119131
0.119414
0.119683
0.119966
0.120195
0.120591
0.120805
0.12095
0.121018
0.121061
0.121101
0.12116
0.12127
0.121373
0.121454
0.121294
0.120904
0.12027
0.119727
0.119054
0.118289
0.117999
0.11774
0.117508
0.117302
0.117144
0.116967
0.116457
0.116131
0.115795
0.115422
0.115205
0.115105
0.115038
0.114976
0.115064
0.115131
0.115254
0.115466
0.115749
0.116138
0.116461
0.116766
0.117059
0.117924
0.118746
0.119245
0.119649
0.119969
0.120278
0.120646
0.120979
0.121162
0.121338
0.121509
0.121609
0.121803
0.121969
0.122096
0.122146
0.122085
0.121974
0.121689
0.121252
0.684735
0.630808
0.625588
0.58477
0.560128
0.531414
0.512704
0.494313
0.471857
0.44569
0.432917
0.412201
0.388196
0.372665
0.357486
0.342624
0.324483
0.293058
0.276204
0.259758
0.243681
0.228136
0.216127
0.204537
0.1906
0.174508
0.166721
0.15405
0.139414
0.130099
0.112354
0.10383
0.0935147
0.0815521
0.0756752
0.0679325
0.0602535
0.0433281
0.0396936
0.0255685
0.0187521
0.0121461
0.00408654
0.00544557
0.0116534
0.0176697
0.0291997
0.0346552
0.04129
0.0489179
0.0537695
0.0585285
0.0632539
0.0679939
0.0788562
0.081291
0.0860921
0.0962999
0.101452
0.106278
0.109977
0.114463
0.119533
0.12278
0.126033
0.129249
0.1331
0.137384
0.1394
0.144911
0.146072
0.150408
0.152351
0.154226
0.156003
0.158014
0.160204
0.161528
0.162773
0.165642
0.16631
0.168925
0.170118
0.171275
0.17268
0.174426
0.175672
0.176909
0.179292
0.18029
0.18081
0.182968
0.184396
0.185738
0.186993
0.188102
0.189196
0.190041
0.191131
0.192535
0.193439
0.194327
0.19522
0.196063
0.197665
0.197953
0.198892
0.199465
0.199975
0.200623
0.201002
0.2014
0.201604
0.201654
0.201589
0.201052
0.200854
0.200046
0.199729
0.199353
0.198952
0.19881
0.198574
0.198359
0.198253
0.198122
0.19801
0.197745
0.197381
0.196824
0.19632
0.195788
0.195071
0.194173
0.193766
0.19309
0.192262
0.191893
0.19084
0.190598
0.18981
0.189599
0.189471
0.189539
0.189763
0.189987
0.190189
0.190281
0.19028
0.189925
0.189399
0.188767
0.18794
0.18693
0.185522
0.183627
0.182279
0.180948
0.179373
0.177735
0.175856
0.174891
0.173879
0.172651
0.171391
0.170846
0.170185
0.168953
0.168254
0.167687
0.167043
0.166054
0.164524
0.163333
0.161984
0.160544
0.157426
0.156762
0.154351
0.153209
0.152112
0.150877
0.149691
0.148997
0.148344
0.147597
0.146879
0.146094
0.145699
0.14471
0.144363
0.143974
0.143602
0.143277
0.142966
0.142177
0.141997
0.141105
0.140356
0.139566
0.138975
0.138446
0.13794
0.137271
0.136243
0.135382
0.134351
0.131751
0.131165
0.128753
0.127594
0.126102
0.124327
0.123422
0.12193
0.120352
0.119066
0.117763
0.114556
0.112728
0.110965
0.109333
0.107778
0.106186
0.104836
0.103097
0.10125
0.0989352
0.0972892
0.0956029
0.0939692
0.0921065
0.0900618
0.0890641
0.0874298
0.0848361
0.0843406
0.0833821
0.0813459
0.0808683
0.0787451
0.0776778
0.0766432
0.0755807
0.074197
0.0725113
0.0713532
0.0691137
0.0680043
0.0665257
0.0647865
0.0636776
0.0626023
0.061205
0.0595816
0.0585862
0.0576476
0.0557873
0.0545205
0.0531089
0.051618
0.0503914
0.0492092
0.0477542
0.0459388
0.0447297
0.0425091
0.0422717
0.0406417
0.0399982
0.0393272
0.0386075
0.03825
0.0380173
0.0378211
0.0378296
0.037953
0.0381842
0.038589
0.0390676
0.0395863
0.0397901
0.0398662
0.0399253
0.0399509
0.0400847
0.0399679
0.039792
0.0396459
0.039486
0.0393201
0.0393532
0.0394865
0.0397877
0.0402407
0.0405164
0.0409718
0.041431
0.0416915
0.0419308
0.0425739
0.0430921
0.0435603
0.0438922
0.0445859
0.045343
0.0468231
0.0479911
0.0503899
0.0539204
0.0566801
0.0606195
0.0660173
0.0698693
0.0738566
0.0779663
0.0877608
0.0900439
0.0995902
0.104451
0.110608
0.118211
0.123417
0.128664
0.133859
0.138896
0.144949
0.151955
0.161141
0.165673
0.17006
0.175372
0.181466
0.185418
0.189255
0.193019
0.201226
0.203045
0.206644
0.214539
0.216266
0.222928
0.227657
0.229917
0.232905
0.235957
0.239838
0.244455
0.247566
0.250695
0.257405
0.260884
0.263593
0.26679
0.270281
0.272436
0.274553
0.276649
0.279357
0.282705
0.284977
0.289829
0.292441
0.295808
0.299986
0.302792
0.30566
0.308561
0.312289
0.316901
0.320004
0.323033
0.329519
0.330885
0.336094
0.338577
0.340943
0.343131
0.345196
0.347684
0.352483
0.352966
0.356682
0.358916
0.360689
0.362401
0.364501
0.367075
0.368743
0.370368
0.373376
0.375208
0.377094
0.379027
0.380635
0.382767
0.385552
0.387442
0.389367
0.391235
0.393433
0.395696
0.396975
0.398077
0.399849
0.400623
0.401337
0.402053
0.402717
0.403212
0.403624
0.403977
0.404318
0.404482
0.404492
0.40454
0.404592
0.404767
0.405081
0.405325
0.405544
0.405788
0.406352
0.406708
0.407076
0.407395
0.407689
0.408304
0.408345
0.408426
0.40842
0.408407
0.408488
0.408713
0.409018
0.409405
0.409863
0.410284
0.410497
0.410704
0.41095
0.411083
0.411207
0.411459
0.411866
0.41203
0.412173
0.41228
0.412301
0.412342
0.412374
0.412367
0.412414
0.412526
0.412786
0.412821
0.41289
0.41325
0.413579
0.414036
0.414463
0.414875
0.415304
0.415846
0.416469
0.416906
0.417381
0.418361
0.418527
0.419189
0.419655
0.420007
0.420274
0.420376
0.420357
0.420125
0.419678
0.419377
0.418874
0.418305
0.417919
0.417327
0.417113
0.41694
0.416819
0.416686
0.416661
0.416757
0.416943
0.417217
0.417902
0.41806
0.41875
0.418984
0.419028
0.418808
0.418591
0.418222
0.417805
0.417644
0.417503
0.417502
0.417405
0.417104
0.416892
0.416226
0.416033
0.415614
0.414433
0.413495
0.412419
0.411532
0.410682
0.409897
0.408952
0.407694
0.40675
0.404718
0.40349
0.41523
0.380803
0.347362
0.315034
0.289991
0.265773
0.236747
0.203521
0.182286
0.161738
0.141804
0.117754
0.090181
0.055473
0.0389047
0.0228201
0.00710538
0.00820177
0.0410407
0.0480651
0.0753478
0.0917061
0.107484
0.119659
0.134384
0.151248
0.1621
0.172702
0.182987
0.195416
0.209601
0.21864
0.235591
0.24548
0.253045
0.26029
0.269041
0.279149
0.284001
0.291854
0.300924
0.306725
0.31762
0.322778
0.32892
0.335857
0.340271
0.344459
0.348484
0.356093
0.359777
0.364331
0.369667
0.373103
0.376502
0.379799
0.383749
0.388088
0.390776
0.3933
0.398264
0.399243
0.402973
0.404665
0.406527
0.408431
0.409191
0.410098
0.410745
0.411008
0.411406
0.411545
0.411675
0.411773
0.411894
0.41197
0.411799
0.411719
0.411242
0.410959
0.410543
0.409901
0.409442
0.408955
0.408355
0.40746
0.406326
0.405757
0.404908
0.404071
0.402976
0.402184
0.401295
0.400509
0.399625
0.398696
0.397426
0.395623
0.394293
0.392831
0.389279
0.387315
0.385469
0.384041
0.382674
0.381144
0.379699
0.378865
0.378084
0.37706
0.375812
0.375167
0.373194
0.372764
0.371858
0.369777
0.369333
0.367462
0.366207
0.364617
0.363802
0.362411
0.360995
0.359265
0.358182
0.35712
0.355886
0.354729
0.354227
0.353408
0.352512
0.35203
0.351593
0.351075
0.350056
0.349817
0.349375
0.348797
0.348751
0.348853
0.349104
0.349295
0.349243
0.349042
0.34867
0.348078
0.347639
0.347206
0.346158
0.345832
0.345514
0.345148
0.344839
0.344437
0.343963
0.343089
0.342726
0.342354
0.341995
0.341413
0.34061
0.339481
0.338879
0.33806
0.337069
0.336093
0.335739
0.33607
0.336824
0.338321
0.340647
0.342385
0.344757
0.347923
0.349578
0.352437
0.355952
0.357694
0.360477
0.363667
0.36566
0.369314
0.371421
0.373701
0.375149
0.376563
0.378332
0.380576
0.381759
0.383431
0.385632
0.388453
0.390381
0.392256
0.39623
0.398322
0.400439
0.402584
0.404775
0.406858
0.408525
0.410516
0.412745
0.413797
0.415205
0.416909
0.418802
0.419701
0.422512
0.423156
0.425487
0.426532
0.427485
0.428598
0.429993
0.430717
0.432016
0.433677
0.434885
0.436254
0.439222
0.44108
0.44327
0.444758
0.446274
0.44788
0.451131
0.452785
0.454496
0.456638
0.459038
0.460539
0.462007
0.463711
0.465613
0.466545
0.469244
0.469813
0.471889
0.472892
0.473964
0.475049
0.476439
0.478108
0.479175
0.480146
0.481613
0.482282
0.482779
0.482989
0.483168
0.483265
0.483232
0.483183
0.483131
0.483014
0.482831
0.482569
0.482205
0.481666
0.48112
0.480458
0.480019
0.479191
0.47906
0.478558
0.478384
0.478265
0.478162
0.47822
0.478303
0.478359
0.478423
0.478409
0.478324
0.478274
0.47828
0.478266
0.478162
0.47812
0.478044
0.477952
0.477848
0.477454
0.477291
0.477282
0.477457
0.477715
0.478191
0.478656
0.479139
0.47964
0.480224
0.480912
0.481453
0.481991
0.482429
0.483037
0.483118
0.483101
0.483099
0.483068
0.482962
0.482748
0.482639
0.482793
0.483272
0.484115
0.487174
0.488061
0.49255
0.495963
0.500508
0.503767
0.50717
0.510634
0.514187
0.517774
0.522317
0.531658
0.535502
0.539462
0.543589
0.548906
0.55548
0.559866
0.565376
0.569838
0.574292
0.584004
0.586105
0.594272
0.598234
0.602084
0.605754
0.612771
0.616162
0.619392
0.623125
0.627292
0.629321
0.634547
0.635855
0.641086
0.644329
0.646225
0.649381
0.653042
0.654851
0.659602
0.661833
0.664567
0.667901
0.670142
0.672435
0.674685
0.676889
0.681561
0.68257
0.686436
0.688657
0.690663
0.692529
0.693981
0.695345
0.696994
0.699024
0.700378
0.701679
0.702886
0.704191
0.705486
0.70718
0.707998
0.708908
0.709824
0.711038
0.711889
0.712733
0.713504
0.714934
0.715577
0.716169
0.716657
0.717205
0.717683
0.71787
0.718181
0.718148
0.717554
0.717063
0.716364
0.715335
0.714553
0.713717
0.712866
0.711764
0.710293
0.709242
0.708202
0.705729
0.704134
0.702365
0.700798
0.69918
0.697524
0.695403
0.692912
0.691714
0.687846
0.687472
0.684482
0.682622
0.680659
0.678969
0.67661
0.673539
0.671878
0.669604
0.66736
0.66276
0.661839
0.658505
0.656545
0.65443
0.652553
0.650605
0.647485
0.643984
0.642124
0.638987
0.635063
0.632405
0.629822
0.627261
0.623946
0.617686
0.616283
0.610518
0.606704
0.60357
0.599515
0.594544
0.591228
0.587912
0.58386
0.581495
0.573797
0.573022
0.569869
0.562668
0.558712
0.55474
0.551473
0.548122
0.544705
0.540459
0.535384
0.532027
0.52524
0.521808
0.517459
0.512278
0.508885
0.50555
0.502299
0.49488
0.491383
0.48961
0.486007
0.478482
0.473575
0.46747
0.463218
0.458831
0.454277
0.449591
0.43891
0.432037
0.427615
0.423237
0.417685
0.410994
0.406471
0.40186
0.397231
0.391524
0.384707
0.380148
0.375626
0.365493
0.359809
0.355277
0.986232
0.982569
0.976342
0.970091
0.962725
0.957964
0.953288
0.947584
0.940771
0.936076
0.931269
0.921311
0.916208
0.909839
0.902099
0.896761
0.891302
0.884397
0.875947
0.870145
0.864131
0.85009
0.846957
0.834412
0.826533
0.818608
0.810585
0.80413
0.796127
0.78665
0.780364
0.774193
0.768088
0.75607
0.748578
0.741187
0.733955
0.728253
0.721313
0.713309
0.709378
0.702922
0.695163
0.689991
0.68481
0.678264
0.670315
0.666334
0.654671
0.652122
0.642115
0.637267
0.631272
0.624008
0.619138
0.614246
0.609284
0.602929
0.595011
0.589648
0.584272
0.572129
0.56547
0.558967
0.553803
0.547539
0.540331
0.535696
0.531132
0.526701
0.521327
0.510864
0.509835
0.502604
0.497475
0.492393
0.488437
0.483607
0.478844
0.473199
0.47042
0.465802
0.460342
0.457624
0.453087
0.4477
0.444252
0.440928
0.433654
0.432028
0.425549
0.421555
0.417516
0.414205
0.410094
0.405362
0.402278
0.399329
0.395772
0.39167
0.389075
0.386564
0.383603
0.380322
0.378719
0.374062
0.37305
0.368819
0.366003
0.363201
0.361047
0.358459
0.355944
0.352905
0.351431
0.349061
0.346448
0.344754
0.343102
0.341032
0.338533
0.336897
0.335339
0.332197
0.330749
0.32951
0.328541
0.32761
0.326553
0.325475
0.324973
0.324091
0.323006
0.322245
0.32126
0.319966
0.318955
0.31786
0.315536
0.314309
0.313038
0.31202
0.310977
0.309565
0.307818
0.306711
0.305737
0.304899
0.303247
0.30219
0.301628
0.300809
0.299768
0.298459
0.297583
0.296658
0.295723
0.293683
0.293279
0.291746
0.290973
0.290068
0.289004
0.288245
0.287505
0.286872
0.286298
0.285163
0.284929
0.284512
0.283927
0.283913
0.284081
0.284276
0.284675
0.285278
0.285646
0.286416
0.287391
0.288594
0.289392
0.290146
0.290783
0.291749
0.291914
0.292423
0.292707
0.293038
0.293492
0.293989
0.294215
0.2944
0.294541
0.294531
0.294512
0.294423
0.294391
0.294458
0.294701
0.295091
0.29563
0.295959
0.296525
0.297232
0.297564
0.298053
0.299456
0.299608
0.300751
0.301295
0.301974
0.302767
0.303183
0.303849
0.30472
0.305371
0.306055
0.306857
0.309507
0.309814
0.312701
0.314427
0.316302
0.318381
0.321272
0.325027
0.327647
0.332957
0.335651
0.338405
0.341897
0.346009
0.348713
0.351417
0.354743
0.358724
0.361428
0.366878
0.369686
0.373154
0.376459
0.380253
0.382797
0.38533
0.387933
0.39124
0.395257
0.398033
0.400878
0.407304
0.410948
0.414761
0.417882
0.421778
0.426247
0.429013
0.431564
0.434532
0.437869
0.439907
0.441879
0.444239
0.446945
0.448738
0.450482
0.45389
0.456021
0.458719
0.46068
0.462735
0.464908
0.467858
0.471576
0.474079
0.477111
0.479923
0.481995
0.485949
0.487904
0.4898
0.491365
0.493416
0.496077
0.497972
0.49991
0.501849
0.503828
0.508217
0.510644
0.512584
0.514474
0.516665
0.518692
0.521076
0.522278
0.524246
0.526406
0.527667
0.529989
0.5311
0.532171
0.533549
0.535218
0.5364
0.537529
0.5385
0.539963
0.540316
0.540284
0.540063
0.539454
0.538944
0.537867
0.535334
0.534709
0.531852
0.529858
0.527663
0.525326
0.523376
0.521398
0.519457
0.517552
0.513172
0.512138
0.509981
0.505406
0.502507
0.499058
0.49684
0.494668
0.49257
0.490121
0.487328
0.485588
0.483944
0.479817
0.479383
0.47592
0.474147
0.472385
0.47029
0.467867
0.466626
0.464526
0.461876
0.460519
0.45654
0.455672
0.453973
0.450096
0.449177
0.445347
0.44279
0.44022
0.43816
0.436062
0.433899
0.431218
0.42824
0.4264
0.423197
0.421749
0.420146
0.418702
0.417094
0.416011
0.414965
0.413754
0.412384
0.411515
0.410398
0.409446
0.408235
0.406843
0.4059
0.403756
0.402513
0.400919
0.399013
0.397777
0.396542
0.395355
0.393085
0.39195
0.390834
0.389772
0.388471
0.387037
0.386135
0.38527
0.383555
0.383169
0.382423
0.38082
0.379861
0.378777
0.377867
0.376907
0.375577
0.373875
0.372984
0.370745
0.369452
0.368306
0.367326
0.366613
0.366006
0.365471
0.365113
0.365008
0.365038
0.365371
0.365654
0.365951
0.366111
0.366089
0.365935
0.365702
0.365308
0.364638
0.364004
0.362422
0.361458
0.360006
0.357986
0.356603
0.354894
0.353351
0.351749
0.350879
0.350067
0.34899
0.34763
0.346723
0.345772
0.344816
0.342939
0.342566
0.340971
0.340139
0.339172
0.338201
0.337585
0.336977
0.336357
0.334678
0.333803
0.33334
0.33152
0.330583
0.329803
0.329263
0.328952
0.328708
0.328531
0.328434
0.328418
0.328399
0.328379
0.328176
0.327781
0.327175
0.324082
0.324082
0.323621
0.322882
0.322117
0.321625
0.321284
0.321166
0.32116
0.321455
0.321692
0.322001
0.322211
0.322345
0.322484
0.322597
0.322649
0.322649
0.322539
0.322458
0.322383
0.322552
0.32299
0.323566
0.324242
0.325099
0.32621
0.327018
0.327859
0.328709
0.329612
0.332024
0.333345
0.33441
0.335716
0.337347
0.338528
0.339983
0.341776
0.343048
0.344284
0.345466
0.346614
0.347988
0.349485
0.35033
0.351788
0.352538
0.3534
0.354034
0.354827
0.355782
0.357197
0.359182
0.360714
0.362353
0.365877
0.368138
0.37087
0.3728
0.374829
0.377024
0.380064
0.383992
0.386634
0.389828
0.393556
0.396114
0.398737
0.404506
0.405712
0.410305
0.412365
