0.571049
0.5568
0.549145
0.541654
0.535688
0.52976
0.522363
0.513399
0.507422
0.501399
0.493889
0.4851
0.479315
0.473491
0.466134
0.457221
0.451223
0.439177
0.431622
0.42263
0.416636
0.410698
0.403334
0.394675
0.388897
0.383128
0.375879
0.367242
0.362956
0.350345
0.344867
0.33939
0.332575
0.325712
0.317526
0.312089
0.306731
0.301407
0.289331
0.282621
0.277307
0.270729
0.263034
0.25805
0.253101
0.246972
0.240989
0.233906
0.229181
0.224467
0.219793
0.209325
0.203588
0.199107
0.193756
0.187613
0.184685
0.180973
0.176521
0.171432
0.16899
0.165803
0.161912
0.154425
0.150629
0.147506
0.143536
0.138814
0.135672
0.132607
0.129699
0.126183
0.122091
0.119441
0.116907
0.111769
0.110679
0.108464
0.10332
0.100298
0.0978422
0.094752
0.0910608
0.0887132
0.086511
0.08436
0.0816322
0.0783237
0.0760789
0.0737907
0.0685028
0.0672919
0.0625652
0.0596874
0.0567452
0.0543616
0.0513443
0.0477865
0.0454299
0.0430832
0.0401196
0.0364586
0.0340955
0.031822
0.0296027
0.0250247
0.0241181
0.0210531
0.0194849
0.0181672
0.0170996
0.0163677
0.0154744
0.0143486
0.0135113
0.0126361
0.0115447
0.0103443
0.00954968
0.00859104
0.00783218
0.00700538
0.00485685
0.00350555
0.00322876
0.000923116
0.000595782
0.00238694
0.00324283
0.00452952
0.00588487
0.00662918
0.00729219
0.0080899
0.00902661
0.00959307
0.0100522
0.0103941
0.0105629
0.0107946
0.0113866
0.0117857
0.0122952
0.0128328
0.0135614
0.0144242
0.0149825
0.0154992
0.0163188
0.0164821
0.017214
0.0176136
0.0181171
0.0187849
0.0192634
0.0198074
0.0204752
0.0212791
0.0216386
0.0224375
0.0229496
0.0235352
0.0241898
0.024717
0.0254241
0.0263036
0.0269635
0.027684
0.0285956
0.0297159
0.030402
0.031062
0.0316472
0.0326884
0.0330396
0.0332231
0.0333373
0.0334577
0.0336403
0.0338888
0.0340537
0.0340809
0.0339705
0.0334708
0.0329447
0.0316687
0.0308131
0.0300442
0.0293275
0.0287206
0.0281617
0.0275261
0.0267134
0.0260439
0.0252775
0.0242704
0.023102
0.0224442
0.021878
0.0214346
0.0208593
0.0207012
0.0205396
0.0203303
0.0201181
0.0198193
0.0193373
0.019015
0.0186976
0.0178186
0.0173471
0.0170481
0.0169081
0.0168221
0.0160394
0.0160394
0.0155197
0.0148795
0.0129668
0.0127594
0.0111034
0.00583647
0.00583647
0.00311003
0.00139683
0.000356897
0.0021123
0.00342926
0.00497033
0.00666208
0.00768532
0.00875244
0.009291
0.00995878
0.0104854
0.0108366
0.0108366
0.0111132
0.0112147
0.0117015
0.0120158
0.0123836
0.012859
0.0134941
0.0138594
0.0140728
0.0140656
0.0131241
0.012809
0.0116303
0.0110664
0.0104366
0.00947958
0.00819576
0.00754657
0.00653691
0.00555753
0.0044456
0.00390489
0.00304996
0.00185482
0.00169937
0.00124664
0.00111217
0.00108261
0.00120635
0.001599
0.00231494
0.00294124
0.00360878
0.00429802
0.00598667
0.00708096
0.00807417
0.00867257
0.00902089
0.00921376
0.0092829
0.00932319
0.009322
0.00927908
0.00924761
0.009183
0.00918515
0.00935323
0.00969344
0.0100601
0.0105453
0.0111797
0.0118844
0.0121469
0.0124966
0.0129489
0.0132743
0.0137254
0.0137941
0.0138963
0.0140909
0.0142597
0.014495
0.0147751
0.0149947
0.015167
0.0153928
0.0156145
0.0156901
0.0156164
0.0155061
0.0153382
0.0148402
0.0143813
0.0139896
0.0132941
0.0123913
0.0117204
0.011055
0.0102306
0.00918229
0.00848256
0.00778093
0.00641723
0.00584767
0.00544119
0.00515009
0.00475243
0.00419861
0.00372823
0.00306569
0.00244297
0.00179378
0.00118203
0.000255335
0.000175945
6.29397e-05
0.000153773
0.000215759
0.000160687
8.60653e-05
2.81322e-05
0.000103946
0.000244368
0.000342831
0.000391705
0.000431757
0.000575756
0.000906428
0.000957209
0.00124091
0.00139636
0.00152009
0.00155824
0.00150769
0.00144428
0.0012843
0.000940282
0.000555968
5.62643e-05
0.00116987
0.00147145
0.00212064
0.00300728
0.00424343
0.00638147
0.00777854
0.00913842
0.0104342
0.0113182
0.0120887
0.0128781
0.0136982
0.0141486
0.0145765
0.0149639
0.0152967
0.0153077
0.0151539
0.0149434
0.0149932
0.0150936
0.0152796
0.0156339
0.0162604
0.017282
0.0180296
0.0187558
0.0193902
0.0200418
0.020609
0.0210138
0.0211671
0.0214348
0.0220129
0.0225885
0.0233063
0.0244621
0.0259717
0.0269537
0.0279574
0.0289711
0.0301741
0.0313256
0.0326664
0.0342507
0.0350229
0.036033
0.0371042
0.0376153
0.038017
0.0384207
0.038819
0.0391237
0.0394618
0.0398921
0.0406302
0.0417431
0.0425675
0.0443148
0.0449766
0.0455162
0.0458232
0.046106
0.0462013
0.0461117
0.0459112
0.0456904
0.045534
0.0455677
0.0457848
0.0461477
0.0472482
0.0479258
0.0485883
0.049145
0.0498323
0.050662
0.0511238
0.0514883
0.0517129
0.0518731
0.051901
0.0518831
0.0518378
0.051761
0.0517458
0.051689
0.0517811
0.0518423
0.0522362
0.0525425
0.0529822
0.0534335
0.0537443
0.0539489
0.0540342
0.0540161
0.0540674
0.054297
0.0547061
0.0554418
0.0565189
0.0580905
0.0590492
0.0599935
0.0607824
0.0616423
0.062497
0.0632881
0.0650485
0.0654862
0.0674881
0.0685102
0.0696547
0.0708122
0.071347
0.0721001
0.0730432
0.0739866
0.0750053
0.0756188
0.076199
0.0777022
0.0781385
0.0790487
0.080898
0.081765
0.0824099
0.0830597
0.0837168
0.0840088
0.0841624
0.0842144
0.0842135
0.0843095
0.0843416
0.0846885
0.085037
0.0855173
0.0860937
0.0867881
0.0876023
0.0882271
0.0889361
0.0896842
0.0900785
0.0906803
0.0913276
0.0922021
0.0932488
0.0938931
0.0954517
0.0963004
0.0970977
0.0977564
0.098505
0.0993982
0.10004
0.100693
0.101518
0.102642
0.103452
0.104397
0.105276
0.105763
0.106244
0.106754
0.107185
0.107805
0.108244
0.108716
0.109333
0.110061
0.110903
0.111358
0.111963
0.112848
0.113578
0.114377
0.115262
0.116523
0.118193
0.119285
0.120451
0.121602
0.12208
0.123021
0.12334
0.123648
0.123905
0.124098
0.124316
0.124522
0.124539
0.124457
0.12432
0.12416
0.12396
0.123395
0.123209
0.122778
0.121853
0.121399
0.120906
0.12063
0.120434
0.12025
0.119942
0.119513
0.119237
0.118932
0.118027
0.117479
0.116896
0.116445
0.11606
0.115672
0.115164
0.114376
0.113705
0.112874
0.110954
0.10976
0.108385
0.107797
0.107296
0.106564
0.105776
0.104701
0.104138
0.103389
0.102455
0.101925
0.101067
0.100258
0.0997738
0.0993208
0.0988708
0.686153
0.675137
0.632587
0.612176
0.587407
0.558642
0.540055
0.521959
0.500046
0.474638
0.458253
0.438346
0.415398
0.400599
0.386119
0.371944
0.354566
0.337533
0.320922
0.301737
0.277348
0.265623
0.251491
0.235307
0.225001
0.215033
0.203016
0.189119
0.180205
0.171562
0.163144
0.144929
0.140991
0.12571
0.118423
0.109553
0.0991509
0.0940902
0.0874554
0.0809562
0.073099
0.064097
0.0526356
0.0456882
0.0388335
0.0334361
0.0268155
0.0189994
0.0151668
0.0100773
0.00386145
0.00324247
0.00659559
0.0159698
0.0179553
0.0255501
0.0292101
0.0335747
0.0384084
0.0414447
0.044401
0.047966
0.0520753
0.0548075
0.0575766
0.0611458
0.0654934
0.0683131
0.0710572
0.077021
0.0801623
0.0839542
0.0858817
0.0890267
0.0920025
0.0953835
0.0969388
0.0994355
0.102238
0.103942
0.105993
0.108525
0.11033
0.112771
0.115842
0.117842
0.119753
0.121485
0.123386
0.126
0.127228
0.128623
0.129916
0.131268
0.132915
0.133904
0.134777
0.135553
0.136886
0.137526
0.137934
0.138314
0.138712
0.13889
0.138957
0.138969
0.138903
0.13874
0.138623
0.138737
0.138833
0.138863
0.138898
0.138967
0.139214
0.139491
0.139765
0.139942
0.140089
0.140366
0.140615
0.141028
0.141526
0.141827
0.142223
0.142359
0.142609
0.143103
0.14346
0.143848
0.144291
0.144968
0.145837
0.146412
0.146932
0.147925
0.148519
0.149119
0.14996
0.150377
0.150923
0.15152
0.151991
0.152144
0.152291
0.152267
0.152148
0.152225
0.152312
0.152481
0.152764
0.153071
0.153395
0.153759
0.154212
0.154863
0.1552
0.155583
0.155906
0.156125
0.156343
0.156433
0.156545
0.156703
0.156849
0.157042
0.157397
0.157573
0.157864
0.158314
0.158768
0.159325
0.161011
0.16144
0.162365
0.16446
0.165426
0.166278
0.166963
0.167333
0.167532
0.167366
0.167049
0.166652
0.165997
0.165113
0.164567
0.164109
0.163793
0.163412
0.163169
0.162862
0.162672
0.162578
0.162638
0.16277
0.16296
0.163163
0.163362
0.163405
0.16335
0.163045
0.162504
0.161541
0.160018
0.159187
0.158571
0.158073
0.157513
0.156945
0.156691
0.156594
0.15659
0.156744
0.156899
0.157078
0.157241
0.157371
0.157573
0.157997
0.158306
0.158625
0.15891
0.159269
0.159646
0.160077
0.160142
0.160058
0.159786
0.159507
0.159105
0.158354
0.157173
0.156172
0.155015
0.153692
0.150498
0.148735
0.146979
0.145651
0.143977
0.142017
0.14071
0.139428
0.137752
0.135707
0.134312
0.132819
0.131285
0.129378
0.127215
0.124554
0.123219
0.121816
0.120016
0.117728
0.116153
0.114494
0.11234
0.109819
0.108659
0.106842
0.104721
0.103327
0.101999
0.0990984
0.0977616
0.0964172
0.0952468
0.0939744
0.092377
0.0905101
0.0892324
0.0879178
0.0865985
0.0835655
0.0819332
0.0802711
0.0788605
0.0774693
0.075784
0.073832
0.0724938
0.0711905
0.0696566
0.0679429
0.0668241
0.065675
0.0631475
0.0614542
0.059382
0.0583881
0.0567538
0.0547422
0.0534097
0.0521244
0.0506945
0.0492631
0.0484483
0.0477494
0.0463942
0.0458409
0.0454608
0.0452432
0.045309
0.0458041
0.0470742
0.0479797
0.049806
0.0523476
0.0541218
0.0559447
0.0578651
0.0627787
0.0656731
0.0679344
0.0701989
0.0731198
0.076638
0.0790203
0.0815095
0.0841387
0.0903342
0.0938566
0.0974277
0.100229
0.103634
0.107668
0.110407
0.113232
0.116067
0.119481
0.123464
0.125494
0.128904
0.132983
0.135744
0.141923
0.145269
0.147958
0.150707
0.154242
0.158455
0.161206
0.163936
0.167408
0.171722
0.17474
0.177797
0.181614
0.186309
0.192923
0.19629
0.200369
0.204901
0.207738
0.21048
0.213884
0.217256
0.221085
0.22291
0.225789
0.229077
0.23116
0.235153
0.237046
0.239424
0.242175
0.243511
0.245274
0.247366
0.249347
0.251515
0.252909
0.254385
0.257941
0.259925
0.261991
0.264016
0.265857
0.26722
0.268859
0.270602
0.271114
0.272249
0.273498
0.27433
0.275248
0.277329
0.278778
0.280819
0.282367
0.284002
0.285731
0.287487
0.289276
0.294012
0.296556
0.298651
0.300741
0.303215
0.306048
0.307378
0.30948
0.311894
0.313407
0.314771
0.31749
0.318071
0.319207
0.321576
0.323016
0.324708
0.325563
0.326934
0.328562
0.329707
0.330827
0.332196
0.333732
0.334723
0.335761
0.338239
0.339759
0.34146
0.34297
0.34451
0.346101
0.348038
0.349668
0.351114
0.351748
0.352079
0.352089
0.35192
0.351639
0.35136
0.35088
0.350106
0.349603
0.348631
0.347207
0.346358
0.344824
0.342945
0.341993
0.339281
0.338703
0.336468
0.33505
0.333952
0.332628
0.331165
0.330209
0.329218
0.327969
0.326468
0.325416
0.324261
0.323065
0.320429
0.319894
0.318865
0.316951
0.316039
0.315056
0.314224
0.313355
0.312291
0.31095
0.309949
0.308945
0.307225
0.306306
0.305349
0.30449
0.303413
0.302103
0.301254
0.300425
0.299381
0.298272
0.297616
0.296962
0.296291
0.29481
0.294531
0.293557
0.293193
0.292833
0.292415
0.292172
0.291955
0.291733
0.291551
0.291337
0.291279
0.291127
0.29077
0.290732
0.290662
0.290217
0.289746
0.289287
0.288704
0.287908
0.286829
0.286314
0.285636
0.284791
0.283908
0.283408
0.450796
0.424396
0.392325
0.355037
0.330848
0.307184
0.278374
0.245108
0.229035
0.202983
0.177782
0.148487
0.129539
0.111127
0.0719132
0.0513524
0.0315498
0.0123764
0.00243654
0.0167706
0.0341087
0.0508456
0.0701703
0.0827066
0.0949298
0.109814
0.127079
0.138247
0.1492
0.173123
0.178336
0.188683
0.208935
0.221189
0.235485
0.244725
0.255986
0.268917
0.277148
0.28689
0.297727
0.302862
0.311004
0.320212
0.326095
0.333115
0.341136
0.34625
0.352412
0.355979
0.361804
0.368613
0.377259
0.382516
0.387731
0.392869
0.396896
0.401766
0.407404
0.411862
0.416204
0.420493
0.424639
0.428588
0.432312
0.435801
0.438365
0.440756
0.443558
0.446625
0.448107
0.450549
0.452924
0.454785
0.456633
0.461025
0.462982
0.464859
0.466272
0.467593
0.469181
0.470873
0.471937
0.47321
0.474779
0.475903
0.477076
0.478252
0.480949
0.482405
0.483737
0.484865
0.485685
0.486436
0.486905
0.486996
0.486849
0.486404
0.485477
0.483988
0.482775
0.481328
0.477502
0.475284
0.473142
0.471064
0.469068
0.467212
0.465774
0.463973
0.461711
0.460219
0.458709
0.456851
0.454622
0.453083
0.45156
0.45004
0.446397
0.445536
0.443828
0.440143
0.438336
0.436669
0.435309
0.433925
0.432505
0.430691
0.428774
0.427197
0.42341
0.421069
0.418585
0.416477
0.41436
0.411738
0.408781
0.407365
0.405094
0.402645
0.401272
0.400052
0.397517
0.396941
0.396085
0.393234
0.391854
0.390476
0.389325
0.388218
0.386879
0.385239
0.384116
0.382941
0.381464
0.379641
0.378414
0.375907
0.374726
0.373282
0.37174
0.370918
0.369972
0.368879
0.368245
0.367606
0.367251
0.366817
0.366263
0.365678
0.365152
0.364809
0.364634
0.364914
0.365203
0.36534
0.365236
0.365006
0.364723
0.364362
0.363868
0.363295
0.363005
0.362598
0.362221
0.361788
0.361461
0.360987
0.360605
0.360317
0.360046
0.359739
0.359486
0.359149
0.358578
0.357877
0.356905
0.356238
0.355104
0.354563
0.35426
0.354246
0.354478
0.354942
0.355522
0.356141
0.357561
0.357917
0.359357
0.360104
0.360858
0.361722
0.362546
0.363008
0.363353
0.363578
0.363765
0.363785
0.363528
0.363344
0.363161
0.363018
0.363012
0.363152
0.363373
0.363797
0.364303
0.364817
0.365099
0.365325
0.36585
0.366229
0.366691
0.36701
0.367363
0.367759
0.368128
0.36832
0.368542
0.368766
0.368985
0.369311
0.369621
0.36989
0.370078
0.370219
0.370291
0.370283
0.370326
0.370419
0.370922
0.371075
0.372015
0.37291
0.373851
0.374614
0.375366
0.376356
0.377656
0.3784
0.379423
0.380735
0.382458
0.384855
0.385946
0.386982
0.388248
0.389591
0.390225
0.391274
0.392489
0.393268
0.394147
0.395143
0.395883
0.39666
0.397671
0.398927
0.400492
0.401112
0.401665
0.402135
0.40228
0.402352
0.402378
0.402328
0.402209
0.402035
0.401862
0.401741
0.401552
0.400847
0.400307
0.399744
0.39938
0.399155
0.398983
0.398998
0.399162
0.399355
0.399605
0.400361
0.400586
0.401746
0.402856
0.404384
0.406417
0.408375
0.41119
0.415163
0.418164
0.422154
0.427174
0.430692
0.434299
0.438893
0.444361
0.44804
0.451741
0.456483
0.462382
0.466379
0.470399
0.479669
0.484801
0.489849
0.493788
0.498637
0.504474
0.507324
0.511856
0.516996
0.520199
0.523255
0.52699
0.531352
0.534114
0.536755
0.542379
0.545281
0.548125
0.550328
0.552411
0.554407
0.556913
0.559906
0.561864
0.563754
0.566057
0.568643
0.570267
0.57367
0.575495
0.577264
0.578684
0.580541
0.582996
0.58473
0.58653
0.588303
0.591827
0.593603
0.595729
0.598051
0.599135
0.600808
0.602679
0.603803
0.604755
0.605584
0.606526
0.607427
0.607934
0.607992
0.607976
0.60789
0.607853
0.607832
0.607837
0.607776
0.607739
0.607649
0.607529
0.607231
0.606886
0.606514
0.606263
0.606035
0.605878
0.605668
0.605356
0.605057
0.604373
0.603863
0.603215
0.602416
0.601764
0.601078
0.600429
0.599426
0.599068
0.598683
0.598176
0.597748
0.597026
0.596094
0.595533
0.594831
0.593901
0.593336
0.59276
0.592214
0.591962
0.591493
0.590931
0.590538
0.590141
0.589683
0.58858
0.587852
0.58728
0.58645
0.585158
0.584104
0.582638
0.581095
0.579077
0.578013
0.576555
0.574719
0.571294
0.570892
0.569252
0.565581
0.563443
0.561136
0.559184
0.557101
0.554963
0.552798
0.547876
0.546811
0.544734
0.540206
0.539233
0.535364
0.53345
0.530978
0.527795
0.525469
0.523049
0.519825
0.515835
0.513258
0.510817
0.507989
0.504914
0.502994
0.501063
0.496221
0.493327
0.49025
0.487591
0.484813
0.482004
0.479133
0.471805
0.471087
0.465189
0.462057
0.458831
0.454741
0.44968
0.446138
0.44251
0.438775
0.431068
0.427192
0.422343
0.8429
0.837546
0.832075
0.826487
0.820817
0.807682
0.800243
0.792906
0.787147
0.781498
0.774661
0.766545
0.761131
0.755642
0.750096
0.737415
0.734568
0.723294
0.71764
0.710547
0.701984
0.696172
0.688905
0.680267
0.674531
0.668853
0.663189
0.656172
0.647757
0.642131
0.630967
0.625323
0.619547
0.612135
0.603157
0.598638
0.591134
0.582159
0.576112
0.570063
0.556572
0.553591
0.547662
0.534669
0.52781
0.52122
0.516052
0.511028
0.506089
0.50004
0.492998
0.48953
0.477933
0.476792
0.472302
0.462853
0.46087
0.453356
0.448841
0.444395
0.439953
0.436391
0.432809
0.428409
0.423175
0.419617
0.416027
0.408913
0.405342
0.401701
0.396974
0.391225
0.387482
0.383802
0.380163
0.375672
0.370295
0.363128
0.358801
0.354609
0.351319
0.348173
0.344383
0.340745
0.336454
0.333682
0.331042
0.328506
0.323266
0.322228
0.318315
0.316024
0.31372
0.311451
0.309628
0.307763
0.305866
0.303516
0.300893
0.299232
0.297636
0.294405
0.293735
0.290952
0.289519
0.287678
0.285277
0.283518
0.2816
0.279641
0.277172
0.274169
0.27219
0.268498
0.266309
0.264339
0.262923
0.261643
0.260146
0.258598
0.257686
0.256814
0.256002
0.25419
0.253797
0.252262
0.251464
0.250781
0.250267
0.249768
0.249199
0.248521
0.248211
0.247695
0.247053
0.246742
0.246163
0.24604
0.245931
0.245758
0.24563
0.245526
0.245354
0.244963
0.244661
0.244429
0.244234
0.244054
0.24411
0.244271
0.244513
0.24491
0.245658
0.246106
0.246859
0.247842
0.248345
0.249103
0.249766
0.250118
0.250629
0.251503
0.25203
0.254064
0.254664
0.257745
0.26025
0.262464
0.26549
0.269345
0.271357
0.274852
0.279353
0.282518
0.285835
0.289324
0.293815
0.299241
0.302908
0.31138
0.313276
0.320688
0.325237
0.329668
0.333995
0.337327
0.341254
0.344297
0.347364
0.350438
0.357127
0.360712
0.361416
0.366752
0.369286
0.372438
0.3757
0.37975
0.38245
0.38513
0.387755
0.390886
0.394472
0.396783
0.401775
0.404386
0.406958
0.408999
0.411608
0.414716
0.416727
0.418745
0.421238
0.424064
0.425441
0.427326
0.429736
0.434096
0.435059
0.438987
0.44105
0.443784
0.44722
0.44953
0.451908
0.454303
0.456724
0.462404
0.465686
0.468874
0.471368
0.473751
0.475943
0.478428
0.481156
0.48283
0.486082
0.488105
0.490091
0.491931
0.493268
0.494823
0.496448
0.497392
0.498314
0.499173
0.499978
0.500969
0.503101
0.503612
0.505658
0.506989
0.508302
0.509329
0.510305
0.511575
0.513097
0.513873
0.515117
0.516501
0.5174
0.518995
0.519585
0.520097
0.520604
0.521154
0.521482
0.521532
0.521459
0.520727
0.520502
0.519516
0.518848
0.518283
0.517905
0.517445
0.516874
0.516556
0.516004
0.515479
0.514871
0.514396
0.513766
0.513012
0.512469
0.51196
0.511502
0.510603
0.510454
0.509848
0.509429
0.50881
0.508115
0.507777
0.507331
0.50689
0.50665
0.50652
0.506471
0.506447
0.506544
0.506763
0.507149
0.507404
0.507678
0.5074
0.506701
0.505596
0.501885
0.499101
0.49598
0.493225
0.490317
0.486549
0.481774
0.478523
0.475245
0.46887
0.465163
0.46166
0.458429
0.456057
0.453767
0.450976
0.447551
0.44575
0.44262
0.439253
0.435031
0.432178
0.429385
0.426025
0.422277
0.417774
0.415143
0.412627
0.41069
0.408741
0.406832
0.403122
0.40125
0.399293
0.396765
0.393308
0.390939
0.388061
0.386042
0.383951
0.38135
0.378272
0.376255
0.374324
0.37244
0.368987
0.367377
0.365433
0.363287
0.362292
0.36097
0.359404
0.357587
0.356376
0.355224
0.353119
0.352328
0.351687
0.351586
0.350773
0.350302
0.350019
0.349789
0.349643
0.349591
0.349541
0.349408
0.349112
0.348611
0.348281
0.347968
0.347558
0.347448
0.347424
0.347583
0.347845
0.348393
0.348874
0.349346
0.349767
0.350695
0.350889
0.351743
0.352282
0.352864
0.35341
0.35393
0.354497
0.35508
0.355486
0.356488
0.357078
0.357487
0.357863
0.358158
0.358235
0.358296
0.358355
0.35834
0.358247
0.358176
0.358245
0.358549
0.358822
0.359432
0.360909
0.361301
0.362977
0.364003
0.365082
0.366008
0.366954
0.367929
0.368885
0.370817
0.371222
0.37287
0.373603
0.374223
0.374784
0.375315
0.375638
0.375989
0.376406
0.376953
0.377361
0.377758
0.378646
0.378863
0.37974
0.380374
0.38101
0.381721
0.382468
0.383021
0.383596
0.384312
0.384961
0.385544
0.385861
0.386119
0.3863
0.386363
0.386318
0.386287
0.386378
0.386661
0.386883
0.387222
0.387654
0.388235
0.389154
0.390488
0.392679
0.393871
0.395288
0.396765
0.397606
0.398603
0.399779
0.400642
0.401582
0.402815
0.404276
0.405265
0.406239
0.407137
0.408816
0.409721
0.410706
0.411635
0.412679
0.413893
0.41554
0.417446
0.41835
0.420971
0.421513
0.423717
0.425214
0.426712
0.428115
0.429464
0.430875
0.43238
0.433873
0.435324
0.436425
0.437399
0.438266
0.439039
0.44064
0.441038
0.442795
0.444127
0.445635
0.446858
0.448417
0.450335
0.451342
0.452977
0.454899
0.456078
0.45711
0.457954
0.459553
0.459902
0.461215
0.4621
0.463032
0.463882
0.464832
0.466103
0.46752
0.469376
0.470313
0.471923
0.473546
0.475344
0.476487
0.477579
0.479919
0.481057
0.482111
0.482938
0.48382
0.485013
0.486111
0.487393
0.490723
0.493002
0.494567
0.496181
0.49823
