0.545099
0.538482
0.53192
0.526736
0.52158
0.515234
0.507722
0.504034
0.497843
0.491599
0.484014
0.478987
0.47398
0.462886
0.460465
0.450772
0.44593
0.439827
0.432574
0.428967
0.423069
0.416029
0.411306
0.406589
0.400766
0.393882
0.389412
0.380874
0.376703
0.372599
0.367646
0.361916
0.358097
0.35414
0.348959
0.342265
0.337541
0.332671
0.326498
0.319042
0.309198
0.304412
0.299651
0.293824
0.286989
0.282496
0.278093
0.273764
0.268387
0.261844
0.257422
0.248616
0.243165
0.23684
0.232836
0.228896
0.224099
0.21944
0.214161
0.210867
0.207643
0.204406
0.197029
0.195346
0.188547
0.185137
0.181734
0.1776
0.172932
0.169888
0.166817
0.163752
0.156797
0.155232
0.148923
0.14495
0.14185
0.138049
0.133446
0.13036
0.127257
0.124199
0.120414
0.115927
0.112938
0.109911
0.103281
0.0997922
0.0964471
0.0939545
0.0916435
0.0890888
0.0864023
0.0851962
0.0834247
0.0815939
0.080447
0.0793272
0.0766353
0.075085
0.0738717
0.0724374
0.0707209
0.0696123
0.0685068
0.0670153
0.0651231
0.063772
0.0623895
0.06063
0.0584639
0.0570396
0.0556483
0.0528894
0.0515939
0.0504908
0.0496699
0.048862
0.0478704
0.0468167
0.0462805
0.0459231
0.0456378
0.045263
0.0447695
0.0440447
0.0434561
0.0421475
0.0412715
0.0402688
0.0396299
0.0390734
0.0386407
0.0383015
0.0380218
0.0378952
0.0377209
0.0374844
0.037318
0.0367694
0.0364536
0.0361472
0.0359586
0.0358168
0.035627
0.0355006
0.0352835
0.0350684
0.0347647
0.0343835
0.0340785
0.0332906
0.0327461
0.0320742
0.0316742
0.0312949
0.0309325
0.0306106
0.0305243
0.0305489
0.0306478
0.0307656
0.0308841
0.0309351
0.0310658
0.0312737
0.0317355
0.0326738
0.0334804
0.034356
0.0364569
0.0364569
0.0375285
0.038809
0.0396501
0.0414155
0.0424872
0.0434651
0.0445218
0.0458585
0.0473827
0.0480473
0.0490441
0.0499541
0.050435
0.0508365
0.0517498
0.0523303
0.0528093
0.0534761
0.0544012
0.0549943
0.0556209
0.0563008
0.0571552
0.0580278
0.0584784
0.0588603
0.0597136
0.060395
0.0613264
0.0621516
0.0630735
0.0642867
0.0657866
0.0664954
0.0676867
0.0693012
0.0704207
0.0715615
0.0731179
0.0750509
0.0763338
0.0791691
0.0806656
0.0820162
0.0831746
0.0841439
0.0849706
0.0855477
0.0861227
0.0868323
0.0878445
0.0883932
0.0893943
0.0907334
0.091422
0.0926335
0.0941028
0.0957962
0.0964269
0.0969485
0.0971976
0.0974263
0.0979302
0.0983439
0.098775
0.0992816
0.099914
0.100725
0.103312
0.104837
0.106462
0.107884
0.109829
0.112507
0.114388
0.116336
0.118852
0.122096
0.124418
0.126819
0.129968
0.133823
0.135758
0.141678
0.143051
0.148424
0.15087
0.153066
0.155587
0.158383
0.159772
0.16202
0.164631
0.165942
0.168081
0.170593
0.172309
0.17651
0.179028
0.181651
0.183711
0.185715
0.188029
0.190642
0.192398
0.194148
0.196238
0.198464
0.199865
0.201309
0.204571
0.206413
0.206791
0.210114
0.211512
0.212907
0.214633
0.216208
0.217354
0.21846
0.219779
0.221316
0.222262
0.22377
0.224417
0.225144
0.225853
0.226305
0.22675
0.227234
0.227768
0.228112
0.228572
0.229241
0.232213
0.234369
0.236853
0.239034
0.2419
0.245528
0.248015
0.250604
0.253335
0.257016
0.261868
0.264391
0.268713
0.274015
0.277475
0.285032
0.289205
0.293252
0.296402
0.300329
0.304992
0.307259
0.310876
0.315116
0.317255
0.32079
0.324817
0.327373
0.329813
0.332174
0.334976
0.340183
0.342761
0.344889
0.347018
0.349586
0.352644
0.35469
0.35673
0.358827
0.361609
0.365039
0.369434
0.372031
0.374373
0.376074
0.377619
0.379075
0.380414
0.382869
0.38422
0.385426
0.385845
0.386421
0.387026
0.387836
0.388368
0.388928
0.389591
0.391434
0.392591
0.393703
0.394497
0.395122
0.39562
0.396004
0.39616
0.39618
0.39623
0.39644
0.396723
0.397227
0.397929
0.398732
0.399182
0.399707
0.400057
0.400303
0.400547
0.400709
0.400689
0.400605
0.400445
0.400287
0.399837
0.399001
0.398312
0.397533
0.39674
0.395003
0.394205
0.393682
0.393064
0.392462
0.392032
0.39106
0.389594
0.388747
0.386193
0.384316
0.381751
0.380355
0.378006
0.375336
0.373672
0.372154
0.370758
0.369103
0.366163
0.364804
0.363095
0.360967
0.359879
0.357926
0.3553
0.353848
0.35183
0.346928
0.345807
0.341238
0.338947
0.336613
0.334268
0.331424
0.328169
0.326561
0.321727
0.320617
0.3162
0.313887
0.310729
0.306472
0.30343
0.300335
0.297302
0.293594
0.289238
0.286304
0.283345
0.276426
0.272443
0.269244
0.265286
0.260407
0.257063
0.253715
0.250429
0.247239
0.240909
0.236766
0.231551
0.228009
0.224498
0.220958
0.216519
0.211053
0.207337
0.203583
0.196227
0.191901
0.186709
0.18316
0.179535
0.174943
0.16922
0.165326
0.161328
0.156115
0.150725
0.144148
0.139805
0.135479
0.12699
0.121789
0.115694
0.111693
0.107749
0.1039
0.100067
0.0952181
0.0892728
0.0813615
0.0765397
0.0727073
0.0679539
0.0621399
0.0592106
0.0553627
0.0505561
0.044713
0.0418015
0.0369185
0.0319853
0.0261288
0.0183853
0.0136129
0.00896248
0.00527955
0.000574564
0.00529218
0.00925667
0.0132147
0.0172476
0.0233363
0.0292994
0.0332534
0.0371709
0.0420428
0.0479806
0.0520221
0.0570644
0.0650625
0.0699079
0.0708523
0.0782458
0.0826737
0.0877711
0.0911039
0.0945136
0.0980773
0.101759
0.105567
0.110521
0.12103
0.125294
0.130515
0.136576
0.140559
0.145433
0.151219
0.155123
0.158995
0.162868
0.167624
0.173184
0.175955
0.184224
0.186014
0.189481
0.193688
0.198591
0.20481
0.208682
0.209472
0.212636
0.220541
0.224604
0.228757
0.232097
0.236321
0.241368
0.243841
0.247999
0.253087
0.255738
0.260339
0.266241
0.270307
0.275432
0.281614
0.285663
0.289591
0.297329
0.301178
0.306068
0.312014
0.316048
0.320103
0.324236
0.329481
0.335636
0.343686
0.347694
0.351683
0.356554
0.36236
0.365263
0.370062
0.375705
0.378516
0.386835
0.388702
0.392444
0.400672
0.405068
0.409539
0.41321
0.416962
0.421669
0.427385
0.431288
0.435221
0.43918
0.444256
0.450451
0.453524
0.463702
0.468922
0.47317
0.477522
0.481942
0.487637
0.494612
0.498156
0.50414
0.511326
0.520819
0.526745
0.532663
0.537304
0.543049
0.549776
0.862481
0.841362
0.820796
0.781194
0.762102
0.73883
0.71176
0.698585
0.677069
0.6561
0.635562
0.61949
0.588535
0.573715
0.559317
0.541794
0.52146
0.508269
0.495398
0.467832
0.453214
0.438996
0.427939
0.417119
0.406469
0.395956
0.382937
0.367532
0.357501
0.335606
0.323851
0.312426
0.303428
0.294515
0.283588
0.270913
0.262681
0.254696
0.246886
0.231757
0.222695
0.212023
0.204946
0.196083
0.18538
0.178283
0.171318
0.16453
0.156414
0.150208
0.142739
0.134014
0.128361
0.117407
0.111956
0.105203
0.0973828
0.0923746
0.0863176
0.0793962
0.0748818
0.069423
0.0631976
0.0601519
0.0552066
0.0504949
0.0450702
0.0415998
0.0382102
0.0305133
0.0261941
0.0219591
0.018676
0.0154293
0.0122218
0.00900391
0.00489893
4.63412e-05
0.00320748
0.00701029
0.0115962
0.0146854
0.0217667
0.0256191
0.0263847
0.0322677
0.0358605
0.0401088
0.0429711
0.0458811
0.0494712
0.053718
0.0565415
0.0593896
0.0628898
0.0668482
0.0693922
0.0718422
0.0770938
0.0799533
0.0826846
0.084761
0.0866874
0.0884257
0.0903938
0.0924782
0.0936906
0.0948312
0.0974953
0.0986865
0.100185
0.101444
0.103004
0.104938
0.106251
0.10753
0.108832
0.11015
0.113063
0.114229
0.115098
0.115923
0.116699
0.117609
0.118757
0.119323
0.120243
0.121416
0.122977
0.123733
0.124762
0.126209
0.126999
0.128458
0.130322
0.131633
0.13293
0.134396
0.135948
0.136854
0.137621
0.138614
0.138843
0.138782
0.138627
0.138348
0.137944
0.137522
0.137342
0.137295
0.137332
0.137375
0.13732
0.13729
0.137408
0.137609
0.137938
0.13835
0.138783
0.13905
0.13924
0.13929
0.13899
0.138609
0.138061
0.137231
0.136291
0.135727
0.134836
0.134369
0.133914
0.13374
0.133714
0.133773
0.133929
0.134081
0.134235
0.134433
0.134677
0.13499
0.135323
0.136132
0.136637
0.137205
0.137563
0.137883
0.138194
0.13844
0.13859
0.13855
0.138511
0.138507
0.138506
0.138434
0.138296
0.137982
0.137627
0.137232
0.136308
0.136088
0.135781
0.13474
0.134297
0.133715
0.132995
0.13243
0.131854
0.131079
0.129971
0.129224
0.128495
0.127699
0.126874
0.126339
0.125741
0.124226
0.123843
0.123052
0.121234
0.119984
0.118626
0.117846
0.117107
0.116365
0.115636
0.114826
0.114046
0.113178
0.112626
0.112088
0.11145
0.110805
0.110189
0.109415
0.108408
0.107895
0.106048
0.105869
0.10439
0.103562
0.102743
0.101194
0.100257
0.099261
0.0983408
0.0976689
0.0968882
0.0960824
0.0949787
0.0943418
0.093441
0.0924881
0.0913074
0.0899441
0.0880446
0.0868889
0.0858509
0.0851998
0.0846664
0.0842432
0.0838625
0.0834946
0.0833693
0.0833627
0.0834038
0.0838701
0.0843519
0.0849539
0.0855005
0.0860429
0.0866288
0.0869877
0.0871679
0.0872449
0.0873835
0.0875438
0.0874989
0.0873636
0.0872099
0.0869678
0.0867971
0.0867167
0.0870066
0.0873315
0.087749
0.0881354
0.0885032
0.0888295
0.0891988
0.0896202
0.0899394
0.0904628
0.0911263
0.0914412
0.0916961
0.0924106
0.0926167
0.093057
0.0939431
0.0944217
0.0950298
0.0955169
0.0960739
0.0967359
0.0976003
0.0981559
0.0994062
0.101136
0.103433
0.106732
0.109216
0.111957
0.115769
0.120758
0.1242
0.130905
0.134929
0.139704
0.142913
0.146113
0.149209
0.152958
0.157242
0.160702
0.175628
0.178324
0.180419
0.181483
0.185656
0.188215
0.191263
0.193237
0.195157
0.197432
0.200188
0.20166
0.204193
0.20725
0.20883
0.2115
0.214554
0.216455
0.220053
0.22207
0.224166
0.225418
0.226641
0.227859
0.229497
0.231214
0.233374
0.234552
0.23669
0.23947
0.240939
0.24551
0.248187
0.250958
0.253876
0.256895
0.259898
0.262745
0.26601
0.268035
0.269964
0.272291
0.27487
0.276405
0.27788
0.279686
0.281819
0.28329
0.28473
0.286466
0.288209
0.290255
0.291594
0.294386
0.295754
0.297084
0.298331
0.299818
0.30165
0.302913
0.305578
0.307423
0.309853
0.311509
0.313199
0.314824
0.316358
0.318031
0.319676
0.320543
0.32131
0.323346
0.323567
0.325482
0.326703
0.327888
0.328953
0.329729
0.330409
0.33095
0.331494
0.332131
0.332552
0.333551
0.334123
0.334884
0.335769
0.336391
0.33704
0.337949
0.339098
0.339826
0.341235
0.341406
0.342608
0.343048
0.343476
0.344001
0.344755
0.345322
0.346199
0.347404
0.348166
0.348858
0.349646
0.350564
0.351155
0.352106
0.35273
0.353505
0.354562
0.355215
0.355767
0.356298
0.356913
0.357652
0.358142
0.358603
0.359096
0.3604
0.360689
0.361774
0.362468
0.363436
0.364149
0.36515
0.366223
0.367285
0.368157
0.369041
0.37012
0.371476
0.372438
0.373356
0.374405
0.375607
0.376463
0.377306
0.378985
0.379736
0.380287
0.380624
0.380822
0.380923
0.381019
0.381031
0.380964
0.380817
0.380594
0.380388
0.380182
0.379641
0.379279
0.378989
0.378828
0.378668
0.378529
0.378353
0.378254
0.378097
0.377287
0.376671
0.375728
0.374765
0.373654
0.373005
0.372485
0.371901
0.371079
0.370463
0.369844
0.369268
0.367976
0.367673
0.366345
0.365516
0.364361
0.363163
0.361803
0.360968
0.360135
0.359219
0.358205
0.355693
0.355121
0.353004
0.351692
0.350254
0.34861
0.346825
0.345321
0.343435
0.341084
0.339422
0.337761
0.335682
0.33319
0.331605
0.330038
0.328504
0.324809
0.323128
0.322813
0.320537
0.319433
0.318619
0.437071
0.400117
0.376211
0.35281
0.302157
0.27527
0.249338
0.224386
0.200455
0.181989
0.15968
0.134027
0.117455
0.101305
0.0856354
0.0666451
0.0446478
0.030489
0.0034549
0.0126548
0.028118
0.0429569
0.0544392
0.0655342
0.0789337
0.0943469
0.104326
0.114114
0.126066
0.139929
0.15775
0.168447
0.17668
0.186499
0.197703
0.204778
0.211519
0.219551
0.228728
0.234607
0.24038
0.246127
0.253246
0.261553
0.266988
0.272389
0.284693
0.287447
0.298525
0.305529
0.312503
0.319339
0.324644
0.331153
0.338726
0.343674
0.348525
0.353231
0.358965
0.365642
0.368847
0.373957
0.379851
0.387501
0.392303
0.397102
0.401726
0.405293
0.409547
0.414352
0.41735
0.420244
0.422989
0.42614
0.429584
0.431649
0.435451
0.437717
0.440484
0.44231
0.444139
0.446039
0.448596
0.451773
0.453872
0.456367
0.458301
0.461936
0.464135
0.466249
0.46782
0.469746
0.471615
0.473679
0.474638
0.476087
0.477417
0.478822
0.47967
0.480425
0.481332
0.482394
0.483097
0.484793
0.485899
0.487162
0.48803
0.48894
0.490042
0.491316
0.491886
0.492616
0.49355
0.494852
0.495579
0.498516
0.498833
0.50114
0.502037
0.5029
0.503703
0.504089
0.504428
0.504745
0.505085
0.505548
0.505869
0.50619
0.506568
0.506905
0.506919
0.507095
0.507255
0.507368
0.507362
0.507187
0.50663
0.506122
0.505532
0.504813
0.504017
0.501984
0.501521
0.497781
0.497781
0.497715
0.497713
0.497656
0.497201
0.497084
0.496805
0.495904
0.495325
0.494722
0.493988
0.49294
0.491395
0.490233
0.488687
0.486586
0.48512
0.483623
0.481768
0.479684
0.478405
0.477257
0.476211
0.474219
0.473808
0.472004
0.470785
0.469518
0.468549
0.467387
0.466117
0.465447
0.464578
0.463478
0.46205
0.461029
0.46
0.457653
0.455961
0.454865
0.453855
0.452627
0.451009
0.450153
0.448947
0.447375
0.445562
0.444703
0.442427
0.44197
0.44049
0.439912
0.439415
0.439049
0.438611
0.438205
0.438059
0.437981
0.437985
0.438051
0.438207
0.438409
0.438627
0.438734
0.438755
0.43864
0.438493
0.438303
0.438022
0.437799
0.437508
0.437178
0.436827
0.436567
0.436323
0.436052
0.435874
0.435497
0.434746
0.434304
0.433394
0.432122
0.431253
0.430321
0.429077
0.427572
0.426607
0.42565
0.42333
0.422769
0.421583
0.418766
0.417134
0.415664
0.414624
0.413777
0.413048
0.412566
0.412352
0.412392
0.412624
0.413169
0.414045
0.41451
0.415992
0.416334
0.417629
0.418292
0.4192
0.420251
0.420891
0.421549
0.422201
0.423017
0.423733
0.424515
0.425034
0.425613
0.427277
0.428331
0.429489
0.430794
0.432093
0.43312
0.434098
0.435293
0.43685
0.437635
0.438817
0.439854
0.440879
0.441307
0.441994
0.44323
0.443467
0.444299
0.444673
0.445057
0.445543
0.445869
0.446197
0.446439
0.446768
0.447153
0.448116
0.44833
0.449269
0.44981
0.450358
0.450754
0.45131
0.451999
0.452516
0.453125
0.453893
0.455048
0.456685
0.457832
0.460246
0.46158
0.463496
0.466241
0.46844
0.470937
0.474511
0.479324
0.482722
0.486304
0.491029
0.496874
0.500728
0.504558
0.513332
0.51829
0.523397
0.527563
0.531784
0.537034
0.543366
0.54754
0.552741
0.558969
0.563005
0.566974
0.570966
0.580046
0.582099
0.590212
0.594197
0.599038
0.60476
0.607544
0.611955
0.616905
0.620078
0.623118
0.626768
0.631064
0.633878
0.637304
0.642369
0.645175
0.647648
0.649963
0.651791
0.653555
0.655595
0.657975
0.659611
0.661708
0.664226
0.665825
0.667405
0.669326
0.671575
0.67298
0.67436
0.677248
0.677868
0.680115
0.681171
0.681945
0.682529
0.682918
0.683208
0.683453
0.683629
0.683718
0.683784
0.6837
0.683587
0.683486
0.683359
0.682717
0.682113
0.681312
0.680611
0.679872
0.678903
0.677994
0.677006
0.676388
0.675681
0.674845
0.674309
0.673733
0.673076
0.671055
0.669298
0.667937
0.666529
0.664843
0.663051
0.662261
0.661099
0.659825
0.658887
0.657761
0.656177
0.654066
0.652859
0.648738
0.647783
0.645802
0.641183
0.640197
0.63618
0.63349
0.630725
0.627949
0.625659
0.623258
0.620164
0.616276
0.614279
0.611616
0.60566
0.602491
0.599446
0.59646
0.593402
0.590871
0.588339
0.585201
0.58144
0.578854
0.57618
0.573426
0.567215
0.565832
0.560323
0.556808
0.553251
0.550395
0.547558
0.544042
0.539886
0.537064
0.534144
0.527204
0.523336
0.522569
0.516442
0.513413
0.50964
0.505029
0.501885
0.498648
0.495346
0.491211
0.48642
0.484165
0.477715
0.476266
0.471172
0.467451
0.462824
0.459736
0.456701
0.453656
0.449814
0.445234
0.442176
0.435919
0.431962
0.427033
0.423643
0.420217
0.416813
0.413402
0.409067
0.403678
0.400011
0.392558
0.388032
0.383699
0.379528
0.376342
0.372554
0.368213
0.366114
0.362609
0.358222
0.355235
0.352198
0.348347
0.343705
0.34061
0.980717
0.972418
0.963747
0.956688
0.949612
0.942522
0.935393
0.919159
0.908112
0.90069
0.893293
0.885943
0.876761
0.86588
0.858684
0.851541
0.842589
0.831854
0.824785
0.817774
0.802297
0.798953
0.785736
0.779191
0.77095
0.761023
0.754361
0.747632
0.740842
0.732336
0.722283
0.715646
0.700943
0.694552
0.691377
0.678579
0.670526
0.660777
0.654145
0.647387
0.640471
0.633506
0.624781
0.614283
0.602152
0.593682
0.583657
0.578775
0.570845
0.561648
0.557127
0.549787
0.541217
0.53558
0.530021
0.518932
0.513424
0.50657
0.498544
0.493307
0.488122
0.481699
0.474113
0.469087
0.46412
0.45426
0.448132
0.442133
0.436365
0.430769
0.425249
0.419727
0.41427
0.408885
0.40348
0.397988
0.393627
0.389379
0.384158
0.378144
0.374268
0.370487
0.365936
0.359037
0.355831
0.351991
0.347475
0.344561
0.341679
0.338764
0.335752
0.32893
0.327462
0.321827
0.318438
0.315182
0.312239
0.310139
0.30788
0.305515
0.304464
0.302819
0.301033
0.299978
0.299085
0.298338
0.297297
0.297197
0.296927
0.296872
0.296937
0.297169
0.297523
0.297675
0.297896
0.298152
0.298416
0.298541
0.298466
0.29835
0.298343
0.298367
0.298353
0.298318
0.298263
0.298122
0.297702
0.297702
0.29767
0.297747
0.298155
0.298385
0.298633
0.298785
0.298872
0.298911
0.298945
0.298924
0.298854
0.29881
0.298827
0.299043
0.299163
0.299346
0.299495
0.299587
0.299698
0.30001
0.300258
0.300567
0.300996
0.301603
0.301967
0.303516
0.303949
0.305809
0.306869
0.307969
0.309441
0.311431
0.312531
0.315492
0.317301
0.319273
0.320395
0.321391
0.322534
0.323765
0.324396
0.325493
0.326849
0.327716
0.328488
0.329375
0.330296
0.330782
0.331357
0.332001
0.332388
0.332792
0.333448
0.334452
0.335891
0.33668
0.337666
0.33884
0.339393
0.34038
0.341582
0.342404
0.343186
0.344089
0.345105
0.345797
0.346471
0.348089
0.348538
0.350438
0.351322
0.352209
0.35307
0.353851
0.355524
0.355914
0.356689
0.358402
0.359661
0.361238
0.362297
0.36332
0.364331
0.365629
0.367233
0.369239
0.369239
0.370693
0.372546
0.373755
0.37526
0.376301
0.377409
0.378752
0.380155
0.380987
0.381836
0.382684
0.383579
0.385772
0.386278
0.388551
0.389767
0.391287
0.393215
0.394648
0.396557
0.398875
0.400327
0.40164
0.403737
0.404603
0.405568
0.406351
0.407084
0.407719
0.408334
0.408965
0.409431
0.409916
0.410541
0.411442
0.41223
0.41314
0.414186
0.417182
0.41792
0.420942
0.422369
0.423956
0.425531
0.426348
0.427096
0.427787
0.428513
0.430429
0.430932
0.433211
0.434749
0.43601
0.437323
0.438929
0.44087
0.441853
0.443458
0.44518
0.445951
0.448175
0.449435
0.450628
0.451634
0.452312
0.452957
0.453581
0.454177
0.454946
0.456631
0.456821
0.458389
0.459399
0.460502
0.461672
0.46258
0.46353
0.464714
0.465917
0.466567
0.467124
0.46764
0.468508
0.468646
0.468823
0.468724
0.468513
0.468179
0.467839
0.467272
0.466268
0.465041
0.462967
0.459784
0.45736
0.454729
0.451268
0.446909
0.443944
0.441013
0.438083
0.43161
0.430214
0.423754
0.421531
0.41859
0.415626
0.41192
0.407627
0.405548
0.402092
0.395062
0.394344
0.388605
0.385813
0.382368
0.378326
0.376291
0.372802
0.368513
0.366296
0.362578
0.358136
0.355165
0.352144
0.345479
0.342071
0.339487
0.337098
0.334275
0.331165
0.329241
0.327407
0.323387
0.321691
0.319681
0.317759
0.315537
0.314415
0.312898
0.311027
0.308894
0.307824
0.305967
0.303546
0.301462
0.299386
0.296992
0.295416
0.293895
0.292433
0.289216
0.287495
0.286178
0.284572
0.28281
0.281952
0.280601
0.279118
0.278119
0.27715
0.275979
0.274545
0.273767
0.270987
0.269471
0.268182
0.266856
0.265164
0.263272
0.262375
0.261006
0.25962
0.258796
0.258073
0.257093
0.256768
0.25664
0.256834
0.257379
0.257807
0.258612
0.259692
0.260531
0.261468
0.26256
0.265625
0.266396
0.267962
0.271693
0.273802
0.275407
0.277318
0.279649
0.281272
0.283039
0.284931
0.287538
0.290893
0.292557
0.297404
0.298469
0.302592
0.304652
0.30679
0.3095
0.312651
0.31469
0.316734
0.318847
0.323694
0.324761
0.328895
0.330803
0.333045
0.335574
0.337247
0.339014
0.340851
0.343298
0.34652
0.348747
0.353256
0.356111
0.359029
0.361893
0.364158
0.366329
0.368346
0.371026
0.373533
0.375184
0.378407
0.378407
0.382624
0.383068
0.386811
0.388774
0.391343
0.394531
0.396114
0.398792
0.401955
0.403944
0.405889
0.40962
0.411855
0.413939
0.415926
0.417482
0.419489
0.422039
0.423912
0.425971
0.428154
0.4309
0.43424
0.436524
0.438844
0.444134
0.447166
0.450197
0.452687
0.455185
0.458247
0.461903
0.463782
0.466895
0.470581
0.473086
0.476201
0.479806
0.482147
0.486627
0.489213
0.491597
0.493879
0.495584
0.497242
0.498864
0.500958
0.503598
0.5054
0.509051
0.511397
0.513691
0.515966
0.51813
0.519789
0.521897
0.524557
0.526001
0.528642
0.532022
0.534268
0.536951
0.53903
0.541694
0.546124
0.548795
0.551302
0.553666
0.555768
0.557579
0.559251
0.560848
0.562172
0.563537
0.565316
0.567602
0.569179
0.57084
0.572552
0.574718
0.57749
0.58146
0.583513
0.585654
0.588402
0.591667
0.59385
0.596132
