0.560871
0.547207
0.544244
0.538358
0.531074
0.522608
0.511492
0.504542
0.497566
0.490519
0.484884
0.477781
0.469375
0.463931
0.458521
0.451717
0.443459
0.43793
0.432349
0.425371
0.416979
0.412812
0.400377
0.39764
0.386797
0.38149
0.374815
0.366784
0.362739
0.354742
0.348147
0.340408
0.335343
0.330285
0.325252
0.318924
0.31134
0.306301
0.296382
0.291421
0.285155
0.277625
0.272653
0.267709
0.261636
0.254593
0.249989
0.245473
0.239917
0.233158
0.229656
0.223612
0.212177
0.205508
0.198712
0.191911
0.185247
0.178684
0.173571
0.167411
0.160194
0.155526
0.149812
0.145305
0.140888
0.136537
0.127861
0.122323
0.115597
0.111152
0.106708
0.102326
0.0970605
0.0909587
0.0869834
0.0830758
0.0747727
0.0730528
0.0663175
0.0629328
0.0595427
0.055221
0.0508367
0.04733
0.0438158
0.036167
0.0345654
0.0314096
0.0243145
0.0195819
0.0164003
0.0131957
0.00998096
0.00591634
0.00113935
0.00196472
0.00508072
0.00821411
0.0121595
0.0168681
0.0230281
0.0260759
0.0298978
0.0345441
0.0367902
0.0404066
0.0445833
0.0471838
0.0496082
0.0517913
0.0542052
0.056738
0.058188
0.0609133
0.0623058
0.0637284
0.0649262
0.0664579
0.0682591
0.0691121
0.070256
0.0716712
0.0733601
0.0745729
0.0758529
0.0789887
0.0797165
0.0811916
0.0849937
0.0853716
0.0882575
0.0898448
0.0912588
0.092469
0.0935826
0.0946745
0.0957237
0.0964773
0.0972073
0.0977604
0.0980174
0.0984823
0.0992159
0.0996212
0.100401
0.101414
0.10213
0.103464
0.103891
0.104062
0.103872
0.103254
0.102687
0.10201
0.101215
0.0991907
0.0979586
0.0969692
0.0959121
0.0948299
0.0924368
0.0907682
0.0887608
0.0874662
0.0862153
0.0849615
0.0834502
0.0816829
0.080858
0.0795928
0.0781814
0.0775196
0.0755215
0.0750759
0.0741378
0.0718369
0.0703788
0.06878
0.0674614
0.0661687
0.0649495
0.0634828
0.0616428
0.0606744
0.0573946
0.0565559
0.052914
0.0505294
0.0476852
0.04589
0.044167
0.0420166
0.0395669
0.0380135
0.0364524
0.0348109
0.0326598
0.0300473
0.0283558
0.0267809
0.0237106
0.0226071
0.0220916
0.0200425
0.019605
0.017774
0.0166359
0.0154374
0.0144089
0.0131716
0.0116501
0.0105984
0.00957018
0.0084232
0.00728647
0.00662202
0.00598285
0.00530792
0.004283
0.00280058
0.000577186
0.000591491
0.0020608
0.00371893
0.00484684
0.00608012
0.00732294
0.00856505
0.0115904
0.0122623
0.014916
0.0168359
0.0180513
0.0191499
0.0203655
0.0215302
0.0220339
0.0226104
0.0232755
0.0240444
0.0246266
0.0252598
0.0268614
0.0278415
0.0288345
0.0296449
0.0304149
0.0310848
0.0316623
0.0317593
0.0315984
0.0312019
0.0305968
0.0293037
0.0283575
0.0272756
0.0258339
0.024095
0.0228819
0.0216663
0.0204249
0.0174014
0.0171203
0.0152097
0.0143703
0.0135931
0.0128774
0.0121273
0.0115447
0.011292
0.0111203
0.0111129
0.011152
0.0112886
0.0115649
0.0117712
0.0117564
0.0115065
0.0109851
0.0101688
0.00963455
0.00907214
0.00833856
0.00750437
0.00707977
0.00637789
0.00537467
0.00524236
0.00494482
0.0049565
0.00497105
0.00490215
0.00471714
0.00447587
0.0042706
0.00405365
0.00371488
0.00334963
0.00292884
0.00219455
0.00181643
0.00151508
0.00132007
0.00112934
0.0007877
0.000346407
0.000355228
0.00103827
0.00213804
0.00369342
0.00485947
0.00609347
0.00743523
0.0109844
0.0118305
0.0149143
0.0172522
0.0200618
0.0219374
0.0238613
0.0257722
0.02815
0.0308672
0.0325806
0.0341784
0.0371464
0.0390048
0.0412839
0.0428911
0.0445394
0.0462638
0.0484514
0.0509645
0.052476
0.0537827
0.0562436
0.056718
0.0585762
0.0598447
0.0611314
0.0623692
0.0639263
0.0649877
0.0660004
0.0669674
0.0679306
0.0692316
0.0708532
0.0726122
0.0737902
0.0748156
0.0756824
0.0762157
0.0765788
0.076849
0.0769965
0.0768141
0.0766513
0.07622
0.0750406
0.0747347
0.0733379
0.0723287
0.0711033
0.0699616
0.0685123
0.0670926
0.0654495
0.0645109
0.0636802
0.0627996
0.0619983
0.0611691
0.0606393
0.0601535
0.0597169
0.0595663
0.0595882
0.0594971
0.0592783
0.0590718
0.058693
0.0579332
0.0572673
0.0564851
0.0554516
0.0542805
0.0536449
0.0531033
0.0526088
0.0522555
0.0520991
0.0517164
0.0511443
0.0511443
0.0497214
0.0486291
0.0475443
0.0465246
0.0457016
0.0447304
0.0437193
0.0430711
0.0424772
0.0419653
0.0408925
0.0408925
0.040167
0.0396599
0.0395798
0.0395588
0.0395886
0.0395579
0.0394534
0.0390737
0.0386371
0.0381372
0.0374303
0.0366734
0.0364309
0.036157
0.0360428
0.0361012
0.0362733
0.0365885
0.0371468
0.0379419
0.0383978
0.0390083
0.0390091
0.0388093
0.0385995
0.038346
0.0380542
0.0376794
0.0374456
0.0372148
0.0369974
0.0369661
0.037119
0.0374363
0.0380013
0.0384197
0.0388682
0.0394172
0.0400657
0.0408984
0.041256
0.0415152
0.0418509
0.0422524
0.0428601
0.0439105
0.0448686
0.0460821
0.0479558
0.0505592
0.0523404
0.054013
0.0559251
0.0579761
0.0589588
0.0621151
0.062436
0.065023
0.0665802
0.0677542
0.0692416
0.0711
0.0723006
0.073403
0.0743748
0.0754986
0.0769469
0.0780298
0.0791823
0.0806148
0.0831053
0.0836472
0.0859778
0.0874958
0.0889758
0.0900332
0.0909148
0.0917218
0.0927772
0.094161
0.0951215
0.0961531
0.097271
0.100358
0.102181
0.103731
0.105682
0.107928
0.109393
0.110757
0.11206
0.113558
0.115198
0.116197
0.117904
0.118731
0.119811
0.121166
0.122004
0.122738
0.123416
0.124026
0.124769
0.125726
0.126868
0.127589
0.128351
0.128929
0.129554
0.130348
0.13121
0.13162
0.132288
0.132946
0.133297
0.134099
0.134806
0.135572
0.136338
0.137204
0.137865
0.138445
0.138999
0.13963
0.140323
0.140798
0.141314
0.142424
0.142961
0.143365
0.143553
0.143665
0.143681
0.14353
0.143174
0.142994
0.142854
0.142938
0.143444
0.143905
0.144445
0.145144
0.145879
0.146321
0.146636
0.146795
0.146832
0.146717
0.146463
0.145535
0.144837
0.14408
0.143371
0.142828
0.14224
0.141366
0.14023
0.139426
0.138545
0.137407
0.136147
0.135555
0.133785
0.133413
0.132113
0.131494
0.130913
0.1302
0.129268
0.128671
0.128109
0.128276
0.128276
0.129268
0.129902
0.130473
0.131096
0.131529
0.131596
0.131585
0.131387
0.131286
0.131155
0.131049
0.130992
0.131012
0.131025
0.130874
0.785084
0.734112
0.707
0.680788
0.660508
0.635938
0.607547
0.593756
0.571259
0.545099
0.528179
0.511695
0.495571
0.460608
0.453068
0.441942
0.406237
0.389002
0.372107
0.358806
0.342484
0.323542
0.311327
0.299403
0.284887
0.268159
0.260127
0.249718
0.237189
0.22285
0.213654
0.204765
0.183862
0.174
0.166359
0.158895
0.149861
0.139543
0.132903
0.124757
0.115297
0.110669
0.104614
0.0973095
0.088926
0.0782453
0.0730357
0.0665715
0.0589394
0.0551749
0.0489505
0.0416423
0.0380145
0.0332782
0.0275716
0.0211704
0.0171614
0.00866297
0.0041901
0.000695119
0.00346235
0.00806716
0.0109668
0.0137908
0.0165325
0.0191881
0.0224675
0.0264854
0.0320852
0.035591
0.0389787
0.0416163
0.0448422
0.0479334
0.0510156
0.0541587
0.0578008
0.0595305
0.0623048
0.0653232
0.0672331
0.0694967
0.0707583
0.0727657
0.075217
0.0788704
0.0808938
0.0829797
0.0855256
0.0883614
0.0900117
0.0914819
0.0931383
0.0950071
0.096133
0.0971889
0.0982515
0.101039
0.10226
0.103113
0.103881
0.104514
0.105253
0.106058
0.106391
0.107306
0.107484
0.107756
0.108102
0.108177
0.108271
0.108447
0.108681
0.108929
0.109128
0.109347
0.109618
0.110216
0.110739
0.110846
0.11153
0.111796
0.112134
0.112512
0.112973
0.113561
0.114207
0.114685
0.115793
0.116458
0.117164
0.117658
0.11821
0.118841
0.11915
0.119572
0.119899
0.120091
0.120178
0.120207
0.120196
0.12022
0.120281
0.120223
0.119998
0.119691
0.119193
0.11858
0.117852
0.11716
0.116501
0.116107
0.115746
0.115472
0.115161
0.114876
0.114748
0.114622
0.114501
0.114464
0.114381
0.114104
0.113626
0.113377
0.112486
0.112393
0.111788
0.111432
0.111063
0.110901
0.110722
0.110539
0.110385
0.110443
0.110607
0.110909
0.111767
0.112299
0.112949
0.113529
0.113833
0.114056
0.114168
0.113981
0.113649
0.113151
0.111886
0.110916
0.109737
0.10919
0.108415
0.107775
0.10753
0.107111
0.10664
0.106124
0.105955
0.105751
0.105763
0.105861
0.105929
0.105959
0.105914
0.105671
0.105026
0.104422
0.103657
0.102571
0.101336
0.0998791
0.0992861
0.0987201
0.0980864
0.0975459
0.0973837
0.0973019
0.097274
0.0973393
0.0974069
0.0975308
0.097833
0.0981299
0.0985711
0.0989437
0.0994119
0.0999514
0.100217
0.100533
0.10092
0.101327
0.101618
0.102116
0.102965
0.103636
0.104327
0.10523
0.106319
0.107636
0.108397
0.108563
0.110011
0.110796
0.111909
0.113284
0.11424
0.115191
0.116412
0.117772
0.118645
0.119489
0.120253
0.121888
0.122767
0.123541
0.124361
0.125363
0.126407
0.12689
0.127585
0.128301
0.128662
0.128946
0.129677
0.130276
0.130907
0.131396
0.13191
0.132679
0.133757
0.134313
0.135259
0.13624
0.136739
0.137196
0.138104
0.138578
0.139059
0.139345
0.139588
0.139858
0.140132
0.140357
0.140775
0.140826
0.141267
0.141424
0.14162
0.141826
0.142103
0.142347
0.142391
0.142313
0.142104
0.141738
0.141571
0.14129
0.140865
0.140635
0.140289
0.140056
0.140055
0.140182
0.140522
0.140793
0.141247
0.143036
0.143611
0.146794
0.149432
0.152499
0.155923
0.158807
0.161744
0.165349
0.169588
0.171723
0.175411
0.179905
0.182794
0.185614
0.191944
0.193325
0.198891
0.202558
0.205608
0.209465
0.213363
0.218094
0.221186
0.224222
0.227897
0.232207
0.235062
0.23782
0.240387
0.243364
0.246829
0.251222
0.253903
0.256516
0.258534
0.260468
0.262847
0.265782
0.26781
0.269806
0.272231
0.27509
0.277045
0.279058
0.283389
0.286139
0.289494
0.291846
0.294293
0.296778
0.299802
0.303096
0.304601
0.308349
0.310175
0.311975
0.314076
0.316367
0.317738
0.319034
0.321661
0.323
0.324008
0.325298
0.326763
0.327464
0.328386
0.329233
0.330892
0.331634
0.331783
0.3332
0.334193
0.335394
0.336049
0.337131
0.33822
0.338816
0.339362
0.339819
0.340304
0.340316
0.340309
0.340311
0.340478
0.340672
0.341023
0.341758
0.342257
0.343212
0.344556
0.345498
0.346523
0.347883
0.349703
0.351015
0.352355
0.354854
0.356293
0.357814
0.358745
0.359629
0.360427
0.361079
0.362242
0.36283
0.363444
0.364121
0.364617
0.365101
0.365614
0.366222
0.366947
0.367496
0.368554
0.369039
0.36956
0.370204
0.370565
0.371221
0.37214
0.372888
0.373789
0.375784
0.376813
0.377862
0.378863
0.379846
0.381962
0.383052
0.384001
0.385354
0.387149
0.388448
0.389755
0.391387
0.393207
0.394067
0.395393
0.396703
0.397275
0.398955
0.399321
0.400918
0.401763
0.402622
0.403435
0.404249
0.405272
0.406585
0.407488
0.408357
0.409388
0.411291
0.412064
0.412545
0.413006
0.413559
0.414332
0.414898
0.41558
0.416339
0.417743
0.418326
0.418842
0.419464
0.42012
0.42043
0.42071
0.421629
0.422262
0.422797
0.423185
0.423473
0.423716
0.424021
0.42437
0.42458
0.424853
0.425187
0.425919
0.426056
0.426326
0.427139
0.427711
0.427839
0.429145
0.429877
0.430628
0.431223
0.431796
0.432405
0.433061
0.434442
0.434702
0.435766
0.436469
0.437058
0.437463
0.437763
0.43796
0.437929
0.437633
0.437307
0.437082
0.436799
0.436519
0.436324
0.436248
0.436231
0.436302
0.436392
0.436822
0.436999
0.437414
0.438511
0.43923
0.43981
0.44042
0.351253
0.312578
0.287467
0.262955
0.233229
0.199075
0.177159
0.155883
0.109947
0.0856422
0.0668233
0.0440071
0.0176705
0.000685006
0.0159141
0.0320797
0.0517223
0.0744509
0.0998895
0.113963
0.120886
0.151242
0.167552
0.183413
0.195736
0.207747
0.219412
0.233588
0.249891
0.260303
0.270291
0.288839
0.297492
0.305747
0.315584
0.326796
0.332146
0.347292
0.350484
0.356711
0.369931
0.376984
0.383748
0.390262
0.394087
0.400368
0.407711
0.412471
0.417071
0.422645
0.428992
0.433056
0.437067
0.44482
0.449394
0.454534
0.457739
0.460716
0.464156
0.467951
0.470264
0.4725
0.474682
0.477307
0.480304
0.48224
0.485824
0.488158
0.489951
0.491554
0.492724
0.493818
0.494776
0.495649
0.496649
0.497823
0.498661
0.500455
0.501576
0.502974
0.503809
0.504443
0.504913
0.50521
0.505056
0.504784
0.504147
0.503118
0.502197
0.499566
0.497916
0.497566
0.494394
0.492221
0.49005
0.487995
0.485645
0.484515
0.482762
0.48077
0.47978
0.478039
0.475905
0.474815
0.471555
0.470828
0.467777
0.465846
0.463857
0.461699
0.459921
0.458153
0.455992
0.453624
0.452171
0.450708
0.448835
0.446498
0.444883
0.44318
0.439158
0.436715
0.434103
0.431913
0.429605
0.427272
0.424354
0.421005
0.418853
0.416244
0.413366
0.411692
0.410153
0.407229
0.405355
0.403124
0.401595
0.400107
0.398629
0.39711
0.393685
0.39294
0.389869
0.387865
0.385795
0.385379
0.381969
0.379799
0.377167
0.375897
0.373807
0.371458
0.370105
0.368835
0.366392
0.365276
0.364018
0.362573
0.361637
0.36066
0.359694
0.358569
0.357486
0.356916
0.356517
0.356014
0.355701
0.355117
0.354142
0.353406
0.35237
0.351081
0.350233
0.349372
0.348404
0.347493
0.346454
0.345768
0.345001
0.343129
0.342234
0.341544
0.34065
0.339418
0.338435
0.337377
0.336275
0.335144
0.33296
0.331798
0.330635
0.330085
0.329742
0.329635
0.33001
0.330321
0.330898
0.331662
0.332116
0.333647
0.334016
0.334768
0.335677
0.336581
0.33709
0.337878
0.338128
0.338171
0.338214
0.338103
0.337921
0.337837
0.337854
0.338083
0.338394
0.338805
0.339338
0.339932
0.340633
0.341382
0.341828
0.342886
0.343569
0.344321
0.344876
0.34546
0.346015
0.34652
0.347383
0.347929
0.348496
0.348814
0.349135
0.349541
0.350123
0.35072
0.351259
0.351489
0.351755
0.352197
0.352573
0.353037
0.353559
0.354374
0.355712
0.356698
0.357705
0.360002
0.361361
0.36164
0.364131
0.365769
0.367852
0.369326
0.370807
0.372205
0.373859
0.375795
0.376693
0.379265
0.380674
0.382046
0.383098
0.38408
0.385293
0.38688
0.387689
0.389088
0.390778
0.391876
0.392884
0.39462
0.395345
0.395865
0.396205
0.396527
0.396819
0.39704
0.39717
0.397318
0.397486
0.397536
0.397505
0.39731
0.396961
0.396287
0.39584
0.395416
0.395149
0.394981
0.394824
0.394713
0.394689
0.394788
0.394987
0.395549
0.395831
0.396111
0.39631
0.396492
0.39674
0.396958
0.397141
0.397266
0.397867
0.398551
0.399564
0.401212
0.403398
0.406745
0.409446
0.412538
0.415924
0.424426
0.426478
0.430671
0.439262
0.444664
0.450107
0.45678
0.460086
0.464378
0.469592
0.475561
0.47938
0.483161
0.491493
0.493275
0.50019
0.504355
0.50838
0.511573
0.514715
0.518494
0.522894
0.525857
0.528799
0.531721
0.535282
0.539475
0.544771
0.54732
0.549771
0.553999
0.556957
0.559325
0.562369
0.566242
0.56824
0.571659
0.575722
0.578437
0.581188
0.584581
0.588448
0.59092
0.593869
0.597263
0.599411
0.60139
0.605003
0.607102
0.609256
0.610437
0.611489
0.612487
0.613623
0.614977
0.615894
0.616846
0.618665
0.619782
0.621016
0.621826
0.622623
0.62332
0.624108
0.624941
0.625453
0.627328
0.628238
0.628914
0.6295
0.630211
0.630941
0.631278
0.631513
0.631714
0.63195
0.631977
0.632053
0.632224
0.632224
0.632207
0.631743
0.631238
0.630474
0.629559
0.628925
0.628209
0.627479
0.626074
0.625808
0.625295
0.624033
0.623745
0.623139
0.621678
0.620754
0.61979
0.618937
0.618086
0.617164
0.616118
0.613541
0.611707
0.609414
0.607797
0.605693
0.604398
0.602676
0.600502
0.597783
0.594059
0.592223
0.589877
0.586879
0.584771
0.582547
0.580283
0.577428
0.573977
0.571736
0.56903
0.565865
0.563824
0.561789
0.559288
0.554656
0.553573
0.551274
0.545649
0.542276
0.538911
0.536344
0.533935
0.531159
0.528155
0.526259
0.524317
0.522223
0.519459
0.515983
0.513486
0.507428
0.503961
0.501112
0.49757
0.493463
0.490674
0.487059
0.482637
0.479689
0.476683
0.473563
0.469567
0.464601
0.462063
0.454439
0.45024
0.446178
0.443016
0.439904
0.435979
0.43112
0.42868
0.42464
0.419815
0.416533
0.413173
0.408876
0.403745
0.400344
0.392804
0.388671
0.384519
0.381229
0.377977
0.374766
0.371623
0.367707
0.363675
0.358613
0.355158
0.348302
0.343999
0.977597
0.971117
0.967129
0.960235
0.951551
0.945658
0.939668
0.933634
0.9198
0.911889
0.903903
0.897479
0.891005
0.884511
0.878046
0.863841
0.860774
0.854666
0.841116
0.833654
0.826265
0.820392
0.814479
0.806982
0.7995
0.790715
0.785042
0.779503
0.768502
0.762871
0.757177
0.749949
0.741179
0.735289
0.729455
0.723657
0.710471
0.703136
0.695863
0.690045
0.684165
0.676656
0.667593
0.661636
0.655741
0.648427
0.63972
0.633899
0.628068
0.615173
0.608215
0.601366
0.596051
0.590828
0.585714
0.580632
0.574362
0.567095
0.562396
0.553415
0.548171
0.543099
0.538157
0.532234
0.528313
0.524391
0.520439
0.515465
0.509555
0.505757
0.502029
0.493939
0.489689
0.485495
0.4821
0.478689
0.474392
0.469085
0.465401
0.461552
0.457643
0.448801
0.443896
0.440033
0.43535
0.430738
0.425485
0.422173
0.41823
0.413681
0.410811
0.408027
0.405291
0.401978
0.398004
0.395366
0.392076
0.388264
0.385824
0.382838
0.379316
0.377039
0.374213
0.370906
0.368713
0.364315
0.362184
0.360193
0.358319
0.356513
0.35427
0.35156
0.348047
0.346257
0.343908
0.341125
0.339386
0.33768
0.336089
0.334577
0.332772
0.330765
0.329521
0.32741
0.326533
0.325458
0.324259
0.323459
0.32258
0.321388
0.320172
0.318666
0.317594
0.316406
0.313338
0.311635
0.31006
0.30891
0.307795
0.306469
0.304888
0.304105
0.302854
0.301737
0.300596
0.300001
0.299569
0.29877
0.298401
0.29817
0.298059
0.297929
0.29769
0.297569
0.297298
0.296898
0.29654
0.296034
0.295445
0.294735
0.293964
0.293401
0.292195
0.291357
0.290181
0.289578
0.288641
0.287775
0.287343
0.286963
0.286538
0.286025
0.285608
0.285183
0.284204
0.283652
0.283167
0.282586
0.281945
0.281683
0.281282
0.280775
0.280554
0.280278
0.279633
0.279312
0.279097
0.278923
0.278752
0.278628
0.278549
0.278612
0.279073
0.279622
0.280418
0.28107
0.281776
0.282558
0.283696
0.285325
0.286443
0.287837
0.288914
0.290864
0.291683
0.292386
0.292874
0.293392
0.29409
0.29497
0.295519
0.295975
0.296385
0.296806
0.297083
0.297359
0.297518
0.297833
0.298176
0.298721
0.29921
0.299869
0.300624
0.301076
0.301696
0.302435
0.303368
0.304026
0.305548
0.30653
0.307635
0.308641
0.310068
0.311617
0.312653
0.314667
0.317379
0.318749
0.322986
0.335393
0.335393
0.337761
0.340831
0.344557
0.346467
0.34971
0.353567
0.356086
0.358506
0.363165
0.366029
0.369393
0.371
0.373615
0.376684
0.37865
0.380632
0.382639
0.386677
0.388772
0.390849
0.393302
0.396048
0.397868
0.399684
0.40346
0.405876
0.408874
0.410971
0.413629
0.416812
0.41844
0.421289
0.424846
0.427219
0.430052
0.432141
0.434462
0.436532
0.438807
0.440152
0.441438
0.44383
0.445245
0.446652
0.448249
0.449047
0.450111
0.451223
0.452778
0.454884
0.456434
0.458157
0.462884
0.465236
0.467001
0.468615
0.470072
0.471322
0.473479
0.474745
0.476376
0.477265
0.478879
0.480824
0.481948
0.482837
0.483515
0.483979
0.484006
0.483761
0.483309
0.481088
0.479526
0.47819
0.476806
0.47534
0.473312
0.470568
0.469131
0.466688
0.463703
0.459821
0.457932
0.455672
0.452972
0.451194
0.449418
0.447564
0.445218
0.442271
0.440238
0.437574
0.43537
0.430447
0.427806
0.42727
0.423012
0.420272
0.416912
0.414653
0.412407
0.409699
0.406537
0.404947
0.402198
0.39873
0.395739
0.392189
0.390441
0.387644
0.384446
0.38243
0.380561
0.3771
0.375182
0.373032
0.37157
0.370067
0.368604
0.366768
0.364949
0.362949
0.361702
0.360438
0.35884
0.356829
0.355461
0.352846
0.351285
0.349476
0.348212
0.346867
0.343978
0.342422
0.340854
0.339281
0.337676
0.336007
0.333939
0.331693
0.330343
0.328111
0.326939
0.325993
0.325191
0.324487
0.323642
0.323146
0.322724
0.322341
0.32201
0.321602
0.321032
0.320633
0.319924
0.319409
0.318589
0.317914
0.317215
0.316507
0.315842
0.315017
0.314101
0.313549
0.312452
0.311798
0.31108
0.310629
0.31025
0.309796
0.309349
0.309176
0.308919
0.308435
0.308209
0.307874
0.307303
0.306867
0.30638
0.305798
0.305149
0.303516
0.303173
0.301917
0.301402
0.301005
0.300749
0.30094
0.30136
0.301978
0.303064
0.304744
0.305731
0.309275
0.30962
0.312234
0.313512
0.314794
0.316156
0.317612
0.321528
0.323527
0.331973
0.331973
0.332957
0.334663
0.335546
0.336784
0.3383
0.33971
0.34134
0.343548
0.346189
0.347492
0.349234
0.353046
0.355624
0.357426
0.359238
0.36099
0.363118
0.365696
0.367051
0.369331
0.3716
0.374251
0.375904
0.37745
0.380943
0.381278
0.384136
0.38567
0.387323
0.389579
0.392374
0.394246
0.396117
0.398015
0.402706
0.403164
0.4066
0.40808
0.409372
0.410898
0.412691
0.413553
0.414713
0.417792
0.419504
0.420969
0.422493
0.424524
0.427075
0.428343
0.430496
0.433043
0.434626
0.436166
0.437651
0.441182
0.441508
0.44397
0.445151
0.446377
0.447983
0.450158
0.451388
0.453589
0.456244
0.458018
0.461631
0.463905
0.466658
0.468537
0.4704
0.472796
0.475676
0.477543
0.4794
0.481315
0.483706
0.486523
0.488324
0.491793
0.49399
0.496201
0.49795
0.49964
0.501337
0.50301
0.50506
0.507163
0.511323
0.512354
0.516774
0.519095
0.522043
0.525074
0.528058
0.531579
0.533817
0.536489
0.539677
0.541845
0.544121
0.546555
0.549098
