0.550417
0.537184
0.530639
0.529322
0.517669
0.511257
0.504918
0.499894
0.494952
0.488733
0.48122
0.476154
0.471134
0.464898
0.457528
0.452696
0.447876
0.44186
0.434594
0.42974
0.418894
0.412971
0.407007
0.379802
0.379802
0.372974
0.368499
0.364118
0.354695
0.349582
0.344569
0.34055
0.336413
0.330988
0.325293
0.318151
0.313177
0.308083
0.301633
0.293965
0.288908
0.283919
0.277864
0.270792
0.266161
0.256001
0.250446
0.244991
0.240654
0.236277
0.231811
0.226131
0.220439
0.2136
0.209084
0.203616
0.197195
0.19297
0.188782
0.183674
0.177841
0.170259
0.165422
0.160495
0.156451
0.15134
0.145169
0.141057
0.137025
0.132172
0.126426
0.123509
0.118633
0.112705
0.108687
0.104641
0.0953742
0.090295
0.0852539
0.081168
0.0770599
0.0718805
0.0667455
0.0606207
0.0565504
0.0524643
0.0472782
0.0411273
0.0371459
0.0332191
0.0284495
0.0230407
0.0196942
0.0135425
0.0100029
0.00608012
0.00359591
0.00112552
0.00134534
0.00452832
0.00843631
0.0110493
0.014243
0.0180616
0.0205968
0.023128
0.0263687
0.0304135
0.0360478
0.0396461
0.0432878
0.0462345
0.0491509
0.0520199
0.0554373
0.0593195
0.0617389
0.0663442
0.0691894
0.071444
0.0741528
0.0770976
0.0788649
0.0806198
0.0828544
0.0857051
0.0876646
0.0897144
0.0917967
0.0965748
0.0976353
0.0996644
0.103513
0.105186
0.106708
0.107846
0.108907
0.109882
0.111056
0.112156
0.113477
0.1143
0.115092
0.116622
0.116892
0.117814
0.118491
0.11937
0.11995
0.12056
0.12117
0.122004
0.123137
0.123722
0.12473
0.126637
0.127327
0.127935
0.128623
0.129233
0.129511
0.129741
0.130047
0.130527
0.130861
0.131118
0.131305
0.131388
0.131195
0.130633
0.129595
0.129024
0.128511
0.127946
0.127253
0.126836
0.123757
0.122803
0.121727
0.120285
0.118613
0.117614
0.116795
0.116125
0.115566
0.115243
0.115184
0.11518
0.115131
0.11513
0.11506
0.11492
0.114814
0.114707
0.114567
0.114441
0.114405
0.114582
0.114732
0.115003
0.115229
0.115187
0.11501
0.114198
0.113653
0.113217
0.112827
0.112421
0.111343
0.110627
0.110472
0.10979
0.107978
0.107802
0.106429
0.105779
0.105105
0.104516
0.104298
0.104168
0.104142
0.104158
0.104171
0.104149
0.103864
0.103554
0.103078
0.102809
0.102644
0.102649
0.102867
0.103487
0.104771
0.105821
0.106848
0.109149
0.110359
0.11141
0.112737
0.114213
0.115116
0.116003
0.116836
0.117853
0.11896
0.119442
0.120387
0.120462
0.120899
0.121008
0.120946
0.120558
0.120162
0.11964
0.119064
0.118297
0.117296
0.116514
0.11492
0.114202
0.113789
0.113682
0.113651
0.113602
0.113575
0.113574
0.113541
0.113528
0.113473
0.113272
0.112789
0.112344
0.111786
0.111078
0.110295
0.109905
0.109577
0.109219
0.108732
0.108223
0.108062
0.107667
0.107359
0.107139
0.106872
0.106565
0.106241
0.105948
0.105244
0.105166
0.104737
0.104612
0.104498
0.104433
0.104391
0.104414
0.104561
0.104838
0.105205
0.105432
0.106216
0.106287
0.106949
0.107282
0.107815
0.108657
0.109401
0.110264
0.111586
0.11365
0.114861
0.119291
0.122197
0.125346
0.127926
0.131107
0.13466
0.136849
0.138984
0.141024
0.143528
0.146658
0.148263
0.152469
0.155129
0.15838
0.160507
0.162624
0.165301
0.16835
0.170192
0.171934
0.17367
0.175828
0.178418
0.179701
0.181782
0.185842
0.187404
0.189256
0.190909
0.19277
0.193999
0.195164
0.196258
0.197542
0.198835
0.199486
0.200067
0.201216
0.20196
0.20288
0.204177
0.204888
0.206106
0.207674
0.208459
0.209807
0.211654
0.213085
0.214586
0.217362
0.218888
0.220615
0.221622
0.222645
0.222996
0.223579
0.224742
0.224858
0.225395
0.226973
0.227406
0.229362
0.230655
0.232088
0.232878
0.233514
0.234013
0.234329
0.234755
0.234997
0.235269
0.235621
0.235922
0.236217
0.236622
0.237218
0.237632
0.237998
0.238357
0.239585
0.240709
0.241515
0.242341
0.243109
0.243993
0.244803
0.245134
0.245365
0.245638
0.245903
0.246411
0.247041
0.247671
0.248372
0.249395
0.250869
0.251693
0.253101
0.254387
0.255689
0.256351
0.257234
0.257643
0.258072
0.258361
0.258689
0.259097
0.259382
0.25986
0.260515
0.261362
0.262121
0.262964
0.26404
0.265357
0.266195
0.267043
0.268092
0.269352
0.270272
0.272397
0.273653
0.275304
0.277125
0.279626
0.281039
0.28364
0.287018
0.288716
0.293328
0.29379
0.297184
0.299165
0.301463
0.30301
0.304554
0.306061
0.307824
0.309897
0.311316
0.312719
0.314353
0.316052
0.317097
0.31936
0.320628
0.322258
0.323813
0.325657
0.326865
0.328136
0.329428
0.331041
0.332827
0.333806
0.335507
0.336636
0.338066
0.339053
0.340407
0.342107
0.343372
0.344749
0.346569
0.348399
0.349792
0.351487
0.35245
0.355061
0.355578
0.35747
0.358294
0.359171
0.360198
0.360921
0.361682
0.362601
0.36351
0.364041
0.364505
0.365083
0.365825
0.366257
0.366646
0.367691
0.367788
0.368635
0.369059
0.369505
0.369898
0.370287
0.37043
0.370506
0.370627
0.370977
0.371285
0.371578
0.371902
0.37279
0.372857
0.373303
0.373459
0.373576
0.373743
0.374006
0.374114
0.374321
0.374323
0.374154
0.373778
0.373405
0.372908
0.372177
0.371353
0.370974
0.370703
0.370546
0.370656
0.370748
0.370829
0.370751
0.370681
0.370556
0.370344
0.370169
0.370119
0.369997
0.369879
0.369821
0.369754
0.369834
0.369988
0.370192
0.3703
0.370333
0.370332
0.370231
0.370044
0.369978
0.369944
0.36983
0.369864
0.369947
0.370031
0.37014
0.370292
0.370333
0.3704
0.370488
0.370766
0.371373
0.371985
0.372636
0.373287
0.373936
0.3752
0.375278
0.375796
0.376
0.376239
0.376549
0.376975
0.377265
0.377615
0.378078
0.378438
0.378593
0.37883
0.378916
0.378864
0.378804
0.378732
0.378615
0.378377
0.378044
0.377752
0.377471
0.37691
0.376526
0.375894
0.375129
0.374708
0.374361
0.853918
0.817815
0.800169
0.771337
0.737558
0.693893
0.688569
0.667594
0.622249
0.612498
0.574777
0.556695
0.539095
0.521971
0.489138
0.473362
0.454285
0.43232
0.418163
0.401017
0.381151
0.368344
0.352869
0.334918
0.323231
0.311817
0.297903
0.281719
0.271319
0.261202
0.248913
0.23464
0.227653
0.205061
0.202866
0.185621
0.177226
0.166863
0.154819
0.147102
0.139693
0.132565
0.125656
0.10922
0.101379
0.0953608
0.0881864
0.0813189
0.0746657
0.06951
0.0644843
0.058284
0.0521003
0.0471144
0.0371855
0.0311858
0.0241811
0.0196345
0.0152217
0.00978462
0.00326706
6.99847e-05
0.00507578
0.0109952
0.0147242
0.0183393
0.0227129
0.0268609
0.0332073
0.036402
0.0405018
0.0456168
0.0490725
0.0524569
0.0565146
0.0609576
0.0636705
0.066242
0.0717419
0.0745706
0.0751229
0.079618
0.0818561
0.0844867
0.0873703
0.0891468
0.0907754
0.0923453
0.0952771
0.096909
0.0987957
0.099942
0.100971
0.101938
0.10281
0.104637
0.105777
0.106726
0.107897
0.108967
0.110018
0.111073
0.111977
0.113211
0.114634
0.115241
0.115998
0.116986
0.11826
0.120123
0.121232
0.12145
0.123301
0.124225
0.125391
0.126836
0.127723
0.128543
0.129318
0.130274
0.131321
0.131927
0.132823
0.133273
0.133695
0.133956
0.13426
0.13453
0.134818
0.135002
0.134988
0.134702
0.134356
0.133888
0.133526
0.133188
0.13285
0.1327
0.132545
0.132425
0.132363
0.132373
0.132373
0.132406
0.132532
0.132394
0.132176
0.131926
0.131599
0.13117
0.130953
0.130677
0.130423
0.130165
0.129975
0.129885
0.129727
0.129629
0.129679
0.130331
0.130442
0.131495
0.132131
0.132767
0.133313
0.133881
0.134321
0.134594
0.134356
0.133965
0.133415
0.132792
0.132067
0.131066
0.130095
0.129094
0.128603
0.12788
0.127411
0.126789
0.126456
0.126231
0.126103
0.12605
0.126115
0.126183
0.126212
0.126211
0.125775
0.125566
0.12439
0.123591
0.122534
0.121405
0.120878
0.120136
0.119484
0.118797
0.118457
0.118269
0.11818
0.118154
0.118165
0.118281
0.118376
0.118448
0.118545
0.119096
0.119482
0.11956
0.120135
0.120414
0.120717
0.121073
0.121275
0.121505
0.121822
0.122943
0.123684
0.124283
0.125051
0.12587
0.126341
0.126764
0.127228
0.127758
0.128333
0.13007
0.130257
0.131855
0.132673
0.13372
0.134864
0.13561
0.136318
0.136922
0.137462
0.138701
0.139515
0.140393
0.141371
0.141932
0.14244
0.142949
0.143421
0.143565
0.143693
0.143811
0.144462
0.144546
0.145197
0.145651
0.146383
0.146966
0.147563
0.14817
0.148835
0.149398
0.149732
0.150081
0.150752
0.150867
0.151089
0.151421
0.151601
0.151783
0.151827
0.151844
0.151879
0.15194
0.151909
0.151886
0.151917
0.151981
0.152049
0.151974
0.151933
0.151449
0.151044
0.150601
0.15027
0.149884
0.14948
0.149095
0.148622
0.14855
0.148563
0.14867
0.148855
0.149186
0.149445
0.14997
0.151416
0.152147
0.15296
0.154063
0.155385
0.15599
0.156803
0.157505
0.157909
0.158369
0.159375
0.159765
0.160328
0.161213
0.162429
0.164107
0.165851
0.167941
0.17029
0.173529
0.17783
0.180074
0.183888
0.188495
0.191572
0.198573
0.202274
0.20573
0.208421
0.211107
0.213701
0.218803
0.220703
0.223196
0.225609
0.230345
0.233387
0.23714
0.239609
0.242629
0.246263
0.248747
0.251308
0.25397
0.256636
0.261959
0.265422
0.269026
0.273374
0.276131
0.278703
0.281693
0.285082
0.287316
0.290066
0.292632
0.295479
0.296797
0.298913
0.301273
0.302783
0.304213
0.305613
0.309017
0.310306
0.31187
0.313029
0.314124
0.315106
0.316984
0.318311
0.319949
0.321037
0.322187
0.32334
0.324397
0.32534
0.327391
0.328034
0.328304
0.329087
0.329504
0.330089
0.330605
0.331181
0.331828
0.332613
0.333821
0.335522
0.336776
0.339731
0.341131
0.343343
0.344926
0.346573
0.356227
0.356227
0.357882
0.359528
0.362651
0.364495
0.366157
0.367807
0.368555
0.369501
0.37128
0.372188
0.376804
0.376804
0.378716
0.379696
0.379887
0.380875
0.382023
0.383373
0.383968
0.38475
0.385843
0.386749
0.387843
0.389168
0.391022
0.39348
0.395139
0.396758
0.398596
0.400476
0.401533
0.402398
0.404088
0.404258
0.405603
0.406293
0.407097
0.407957
0.4084
0.408759
0.409055
0.40911
0.408972
0.408842
0.408752
0.408713
0.408691
0.408704
0.408681
0.408686
0.40871
0.408932
0.409114
0.409631
0.409631
0.409717
0.409768
0.409719
0.409343
0.409171
0.409103
0.409077
0.409172
0.409381
0.409548
0.409565
0.409517
0.409417
0.409321
0.40887
0.408597
0.408452
0.408431
0.408369
0.408166
0.407879
0.407663
0.407424
0.407249
0.40706
0.406848
0.406844
0.406831
0.406807
0.406816
0.406914
0.407121
0.407532
0.407809
0.40828
0.408884
0.409317
0.410204
0.410841
0.411687
0.412189
0.41264
0.413096
0.413614
0.414252
0.41482
0.41553
0.415733
0.4158
0.415793
0.415646
0.415557
0.415483
0.415385
0.415367
0.415441
0.415723
0.416022
0.416385
0.416732
0.417186
0.417727
0.418388
0.419904
0.420756
0.421754
0.422663
0.423138
0.4235
0.423856
0.424337
0.425056
0.42552
0.427314
0.42795
0.428513
0.382105
0.350528
0.31388
0.290105
0.244144
0.216491
0.18441
0.163665
0.138432
0.109105
0.0947958
0.0714835
0.0444117
0.026958
0.00993597
0.00662077
0.0267268
0.0499101
0.0647615
0.0825621
0.102671
0.127611
0.142228
0.145068
0.166956
0.179816
0.194456
0.203775
0.212767
0.221451
0.232026
0.244251
0.252091
0.261599
0.270869
0.278104
0.293716
0.301944
0.309849
0.317415
0.323303
0.329089
0.336087
0.344107
0.347928
0.35405
0.360862
0.364056
0.369139
0.374816
0.378433
0.381968
0.390352
0.394341
0.397428
0.400379
0.403157
0.406461
0.410158
0.412429
0.414489
0.416828
0.419367
0.420976
0.424183
0.426163
0.428067
0.429965
0.431403
0.432754
0.434207
0.43571
0.436355
0.437241
0.438026
0.43848
0.439199
0.439415
0.439477
0.439563
0.439561
0.439309
0.439054
0.43879
0.438602
0.438411
0.438466
0.438496
0.438833
0.438999
0.439095
0.439172
0.439176
0.439182
0.439171
0.439078
0.438901
0.438763
0.438205
0.43769
0.43705
0.436671
0.436381
0.436172
0.435893
0.435457
0.435185
0.434656
0.433835
0.433208
0.431684
0.430724
0.429378
0.427503
0.426206
0.424902
0.422504
0.421107
0.420078
0.419186
0.418497
0.417921
0.417279
0.41646
0.415897
0.414676
0.413924
0.412985
0.412298
0.411639
0.410829
0.409774
0.409016
0.408188
0.407342
0.406219
0.40482
0.404082
0.401701
0.401469
0.399769
0.399129
0.398551
0.397833
0.397063
0.396661
0.396203
0.395681
0.395384
0.394471
0.394131
0.394085
0.39398
0.394208
0.394385
0.394566
0.39461
0.394069
0.393988
0.393135
0.392665
0.392096
0.391593
0.391305
0.391064
0.390834
0.390464
0.389915
0.389626
0.389237
0.389031
0.388727
0.388369
0.387865
0.387113
0.386117
0.385437
0.384795
0.38427
0.383767
0.383474
0.383524
0.384316
0.385072
0.386176
0.387559
0.388272
0.389564
0.391172
0.391997
0.393399
0.395027
0.396665
0.397309
0.398226
0.399103
0.399602
0.399967
0.400239
0.400713
0.400754
0.401226
0.40169
0.40233
0.403282
0.404018
0.404762
0.405598
0.406507
0.40705
0.407619
0.408205
0.409029
0.410018
0.410666
0.411888
0.412529
0.413228
0.413719
0.414161
0.414631
0.415169
0.415492
0.416059
0.416626
0.416932
0.417157
0.417547
0.417662
0.417927
0.418712
0.419203
0.419994
0.421269
0.422183
0.423108
0.424023
0.424955
0.427514
0.427802
0.430156
0.431391
0.433039
0.43505
0.435986
0.437467
0.439185
0.440222
0.441212
0.443162
0.444334
0.445664
0.446278
0.447302
0.448658
0.449577
0.450537
0.451485
0.452406
0.454265
0.454844
0.455192
0.455385
0.455421
0.455023
0.454648
0.453828
0.452826
0.451349
0.450463
0.447275
0.445641
0.443507
0.441367
0.438729
0.437443
0.435339
0.433006
0.431952
0.430249
0.428376
0.42749
0.42614
0.424747
0.424096
0.421896
0.421676
0.419894
0.418699
0.417529
0.416197
0.415263
0.414269
0.413285
0.412047
0.410546
0.409452
0.408353
0.407263
0.404883
0.404691
0.40328
0.402683
0.402224
0.401933
0.402174
0.402557
0.404933
0.405326
0.409135
0.411891
0.415506
0.418009
0.420606
0.423358
0.426219
0.432016
0.435654
0.440008
0.442869
0.445753
0.448635
0.451447
0.454878
0.458343
0.462551
0.465347
0.468096
0.47481
0.475454
0.480511
0.482929
0.485347
0.488321
0.491882
0.493697
0.496872
0.500886
0.503667
0.509219
0.512002
0.514815
0.518276
0.522221
0.524122
0.527166
0.530687
0.534545
0.536535
0.538454
0.540308
0.542467
0.544644
0.545887
0.548423
0.549745
0.551097
0.552205
0.553317
0.554638
0.556211
0.557182
0.558138
0.559043
0.561259
0.562502
0.56471
0.566402
0.568167
0.570018
0.572343
0.575227
0.576686
0.5791
0.581846
0.583574
0.586963
0.588588
0.590609
0.593082
0.594744
0.596765
0.598986
0.600286
0.601383
0.602347
0.604226
0.605334
0.606321
0.60756
0.608468
0.609425
0.610395
0.611532
0.612861
0.613713
0.614553
0.615505
0.616593
0.617244
0.61799
0.618763
0.619079
0.619072
0.618723
0.618081
0.617497
0.616802
0.615817
0.614547
0.613632
0.612339
0.610695
0.609589
0.608434
0.607162
0.605784
0.602256
0.601421
0.598016
0.596292
0.594625
0.592615
0.59027
0.589137
0.586139
0.58427
0.581902
0.580624
0.578282
0.575768
0.57248
0.570794
0.568067
0.565059
0.563681
0.561572
0.559249
0.556405
0.554078
0.551106
0.54896
0.546625
0.543531
0.539721
0.537073
0.533734
0.529841
0.527202
0.524449
0.520905
0.516608
0.51443
0.510663
0.505971
0.499416
0.495238
0.494404
0.487746
0.484512
0.480581
0.47596
0.473628
0.467222
0.464015
0.46082
0.457583
0.453476
0.448521
0.445308
0.442145
0.435985
0.432916
0.42986
0.425999
0.421393
0.419125
0.415416
0.411126
0.408299
0.405418
0.397871
0.39711
0.3911
0.388096
0.385117
0.381406
0.376864
0.373763
0.370554
0.916453
0.910789
0.905118
0.898094
0.889866
0.884563
0.878005
0.871514
0.867681
0.855376
0.849354
0.844564
0.839883
0.834252
0.827894
0.823854
0.819976
0.816163
0.808329
0.803294
0.797115
0.792929
0.78871
0.784536
0.780381
0.775115
0.768688
0.765489
0.754785
0.749226
0.744644
0.738898
0.732139
0.727688
0.723252
0.71884
0.714396
0.709927
0.69892
0.694648
0.689373
0.68428
0.678342
0.674452
0.670566
0.666738
0.663025
0.658505
0.654141
0.649231
0.646103
0.640049
0.636254
0.631704
0.629405
0.626291
0.62233
0.617597
0.614558
0.611563
0.607878
0.603647
0.60092
0.597486
0.591875
0.58901
0.58529
0.580541
0.577168
0.57289
0.567691
0.564193
0.560717
0.557325
0.550678
0.546714
0.542953
0.538667
0.535907
0.532637
0.528853
0.526389
0.523961
0.521498
0.519035
0.515941
0.512907
0.509412
0.50713
0.502611
0.499854
0.496569
0.494398
0.492221
0.48947
0.486244
0.484728
0.482326
0.479528
0.477632
0.475715
0.473362
0.470521
0.468531
0.466483
0.461587
0.459287
0.457567
0.455433
0.453294
0.451078
0.449316
0.446111
0.443632
0.441567
0.439393
0.436438
0.432534
0.429832
0.42648
0.42317
0.419209
0.416515
0.413777
0.410446
0.406703
0.404421
0.402239
0.398128
0.395649
0.392777
0.390966
0.389287
0.387725
0.386
0.384279
0.3832
0.382153
0.381185
0.379191
0.378269
0.377511
0.376771
0.376001
0.375026
0.373753
0.372757
0.371438
0.36997
0.369275
0.368083
0.366626
0.365637
0.364579
0.361752
0.360694
0.359564
0.358404
0.357862
0.357157
0.356268
0.355084
0.354293
0.35348
0.351648
0.350583
0.350374
0.348724
0.347818
0.346759
0.346035
0.345346
0.344671
0.343943
0.343007
0.342037
0.340913
0.340422
0.339938
0.33942
0.338988
0.338876
0.338889
0.339
0.339337
0.339653
0.340156
0.340691
0.342133
0.342885
0.343644
0.344533
0.345351
0.345732
0.346039
0.346432
0.346694
0.347087
0.347296
0.347599
0.347794
0.347863
0.347857
0.347742
0.347557
0.347307
0.347111
0.346866
0.347005
0.34725
0.347515
0.347781
0.348052
0.348319
0.348672
0.34889
0.349112
0.349338
0.349485
0.349542
0.34957
0.349541
0.349483
0.349483
0.349665
0.34997
0.350071
0.350246
0.350405
0.35042
0.350435
0.350474
0.350689
0.350984
0.351318
0.351682
0.352159
0.352672
0.353006
0.353376
0.353772
0.354223
0.354691
0.355008
0.355589
0.355927
0.356417
0.357068
0.357463
0.359517
0.359553
0.359542
0.359609
0.359715
0.360016
0.3605
0.360926
0.36164
0.362132
0.362976
0.364094
0.364994
0.366282
0.368459
0.369682
0.370671
0.371264
0.371741
0.372152
0.372497
0.372755
0.372969
0.373073
0.373236
0.373366
0.373528
0.373656
0.37385
0.374275
0.375075
0.37578
0.377996
0.379428
0.380581
0.381922
0.383265
0.383975
0.384506
0.385071
0.385585
0.385937
0.387293
0.387678
0.389509
0.390782
0.392133
0.393266
0.394371
0.395795
0.397545
0.398675
0.399692
0.401493
0.402595
0.403528
0.403675
0.40411
0.403792
0.402853
0.401916
0.400816
0.399541
0.397817
0.395566
0.39395
0.392301
0.388558
0.38638
0.384204
0.382388
0.380565
0.378688
0.376305
0.373505
0.371746
0.370016
0.365738
0.365299
0.361733
0.359924
0.358123
0.356394
0.354306
0.351788
0.350473
0.34816
0.345235
0.341337
0.338985
0.337199
0.33506
0.333463
0.332017
0.330659
0.32801
0.326732
0.325399
0.324289
0.322945
0.321291
0.320488
0.319269
0.317913
0.316978
0.316031
0.314769
0.313211
0.312235
0.311288
0.30928
0.308825
0.30679
0.30537
0.303836
0.302602
0.301051
0.299088
0.297726
0.296414
0.295238
0.293922
0.292664
0.291966
0.29139
0.290515
0.290163
0.289788
0.28954
0.289363
0.289213
0.289084
0.288806
0.288545
0.288302
0.288147
0.287875
0.287357
0.286876
0.286376
0.28587
0.285302
0.284649
0.284269
0.283936
0.28322
0.282872
0.282812
0.282365
0.282203
0.282049
0.282016
0.282033
0.282021
0.282028
0.282067
0.28206
0.281962
0.281535
0.281209
0.280895
0.280682
0.280597
0.280636
0.280963
0.281383
0.28205
0.283128
0.284067
0.285162
0.286369
0.289541
0.291506
0.293155
0.29476
0.296622
0.298611
0.299869
0.30109
0.30235
0.305083
0.306868
0.309003
0.310442
0.311861
0.313189
0.314706
0.316481
0.317697
0.319024
0.32206
0.324271
0.326999
0.328309
0.330441
0.332945
0.33414
0.336516
0.339018
0.340709
0.34233
0.344272
0.346197
0.349469
0.35152
0.353515
0.355045
0.356441
0.358027
0.359469
0.360573
0.361737
0.363297
0.365348
0.366876
0.370088
0.372116
0.374582
0.376275
0.377923
0.379552
0.381115
0.384098
0.384638
0.386706
0.387714
0.38892
0.390456
0.39124
0.392653
0.394531
0.395855
0.397265
0.398742
0.402142
0.402917
0.405911
0.407287
0.40896
0.410884
0.411819
0.413263
0.414862
0.415883
0.416945
0.418346
0.420275
0.423007
0.42468
0.426757
0.429308
0.431057
0.432821
0.435029
0.437771
0.439586
0.441438
0.443318
0.447432
0.449727
0.452008
0.453889
0.456388
0.459426
0.461444
0.463493
0.466032
0.468967
0.470801
0.472607
0.47435
0.477718
0.479878
0.482659
0.484682
0.486798
0.489516
0.492825
0.49509
0.497326
0.500092
0.503269
0.505263
0.507224
0.511758
0.51283
