1 0.00872685 2.29571
1 0.161816 1.83784
1 0.163927 1.82625
1 0.164021 1.82371
1 0.162875 1.82466
1 0.16139 1.8264
1 0.15957 1.82873
1 0.158186 1.83104
1 0.157105 1.83333
1 0.156039 1.83561
1 0.154808 1.83799
1 0.153832 1.84048
1 0.15092 1.84628
1 0.148233 1.85151
1 0.145604 1.8566
1 0.143242 1.86114
1 0.140947 1.86555
1 0.138911 1.86964
1 0.137004 1.87348
1 0.135156 1.87716
1 0.13346 1.88069
1 0.131893 1.88406
1 0.130339 1.88729
1 0.128697 1.89059
1 0.127141 1.89369
1 0.125089 1.89733
1 0.123069 1.90098
1 0.121119 1.90454
1 0.119337 1.90796
1 0.117703 1.91125
1 0.116121 1.91443
1 0.114519 1.91755
1 0.11291 1.92064
1 0.111401 1.92363
1 0.109997 1.92653
1 0.108654 1.92936
1 0.10736 1.93215
1 0.106104 1.93491
1 0.10492 1.93769
1 0.103749 1.94041
1 0.102627 1.94309
1 0.101518 1.94575
1 0.100475 1.94834
1 0.099472 1.9509
1 0.0984375 1.95343
1 0.0973978 1.95591
1 0.0963708 1.95834
1 0.0953723 1.96072
1 0.0944248 1.96304
1 0.0930026 1.96617
1 0.0916488 1.96919
1 0.0903411 1.97216
1 0.0891091 1.97503
1 0.0878876 1.97782
1 0.0867156 1.98054
1 0.0856132 1.98318
1 0.0845836 1.98575
1 0.0835799 1.98825
1 0.0825884 1.99068
1 0.0816065 1.99306
1 0.080683 1.99539
1 0.0798025 1.99765
1 0.0789249 1.99987
1 0.078051 2.00207
1 0.0772008 2.0042
1 0.0763604 2.0063
1 0.0754422 2.00866
1 0.074547 2.01095
1 0.0736738 2.01322
1 0.0728087 2.01545
1 0.071977 2.01763
1 0.0711519 2.01977
1 0.0703106 2.02187
1 0.0694597 2.02393
1 0.0686414 2.02595
1 0.0678354 2.02792
1 0.0670655 2.02985
1 0.0663344 2.03174
1 0.065584 2.03373
1 0.0648175 2.03568
1 0.0640605 2.03759
1 0.0633151 2.03946
1 0.0625595 2.0413
1 0.0617891 2.04311
1 0.061031 2.04488
1 0.0603206 2.04663
1 0.0596357 2.04834
1 0.058971 2.05001
1 0.0583437 2.05164
1 0.0577785 2.05322
1 0.057251 2.05475
1 0.056756 2.05625
1 0.0561932 2.0578
1 0.0556696 2.0593
1 0.0551474 2.06076
1 0.0546309 2.06217
1 0.0541204 2.06354
1 0.0536331 2.06488
1 0.0531862 2.06616
1 0.0527509 2.06739
1 0.052352 2.06858
1 0.0519584 2.06973
1 0.0515735 2.07085
1 0.0511914 2.07193
1 0.0508253 2.07298
1 0.0504762 2.07399
1 0.0501352 2.07497
1 0.0498098 2.07592
1 0.0495078 2.07684
1 0.0492205 2.07773
1 0.0489565 2.07859
1 0.0486987 2.07943
1 0.0484483 2.08025
1 0.0482287 2.08102
1 0.0479978 2.08178
1 0.0477793 2.0825
1 0.0475867 2.0832
1 0.0474136 2.08388
1 0.0472541 2.08453
1 0.0471033 2.08515
1 0.0469624 2.08576
1 0.0468298 2.08634
1 0.0467153 2.08688
1 0.0466685 2.08739
1 0.0466178 2.08785
1 0.0465764 2.08829
1 0.0465547 2.0887
1 0.0465266 2.08909
1 0.0464866 2.08946
1 0.0464325 2.08981
1 0.0463752 2.09014
1 0.0463184 2.09045
1 0.0462706 2.09074
1 0.0462321 2.09101
1 0.0461955 2.09127
1 0.0461592 2.09149
1 0.0461199 2.09171
1 0.0460904 2.09191
1 0.0460436 2.09208
1 0.0459952 2.09225
1 0.0459449 2.09241
1 0.0458858 2.09255
1 0.0459244 2.09258
1 0.0459708 2.09259
1 0.046004 2.09259
1 0.0460277 2.09259
1 0.0460615 2.09257
1 0.0461033 2.09255
1 0.0461601 2.09252
1 0.0462141 2.09248
1 0.0462705 2.09243
1 0.0463279 2.09238
1 0.0463865 2.09231
1 0.0464558 2.09225
1 0.0465362 2.09218
1 0.0466205 2.0921
1 0.0467033 2.09202
1 0.0467861 2.09193
1 0.046859 2.09182
1 0.0469341 2.09171
1 0.0470223 2.09159
1 0.0471205 2.09146
1 0.0472087 2.09133
1 0.0472993 2.09119
1 0.0473945 2.09104
1 0.047488 2.09088
1 0.0475829 2.09071
1 0.0476775 2.09054
1 0.0477653 2.09035
1 0.0478415 2.09016
1 0.04793 2.08996
1 0.0480239 2.08976
1 0.0481145 2.08955
1 0.0482122 2.08933
1 0.0483059 2.08912
1 0.0483909 2.0889
1 0.0484703 2.08869
1 0.0485585 2.08847
1 0.0486441 2.08825
1 0.0487243 2.08803
1 0.048787 2.08781
1 0.0488505 2.08758
1 0.048921 2.08735
1 0.0489823 2.08712
1 0.0490357 2.08689
1 0.0490819 2.08666
1 0.0491165 2.08643
1 0.0491365 2.0862
1 0.0491515 2.08598
1 0.049164 2.08576
1 0.0491858 2.08554
1 0.049214 2.08534
1 0.04923 2.08514
1 0.0492327 2.08495
1 0.0492247 2.08477
1 0.0492135 2.0846
1 0.0492057 2.08444
1 0.0492257 2.08415
1 0.0492393 2.08388
1 0.0492549 2.08362
1 0.0492679 2.08336
1 0.0492724 2.08312
1 0.0492702 2.08288
1 0.0492692 2.08265
1 0.0492677 2.08243
1 0.0492606 2.08221
1 0.0492555 2.08199
1 0.0492454 2.08178
1 0.0492234 2.08158
1 0.0492051 2.08137
1 0.0491888 2.08117
1 0.0491589 2.08097
1 0.0491317 2.08076
1 0.049113 2.08056
1 0.0490974 2.08036
1 0.0490739 2.08017
1 0.0490338 2.07998
1 0.0489818 2.0798
1 0.0489249 2.07962
1 0.0488624 2.07945
1 0.0487916 2.07928
1 0.0487169 2.07912
1 0.0486438 2.07897
1 0.0485814 2.07881
1 0.0485107 2.07867
1 0.0484372 2.07853
1 0.0483558 2.07839
1 0.0482723 2.07825
1 0.0481875 2.07811
1 0.0481029 2.07798
1 0.0480252 2.07784
1 0.0479516 2.07771
1 0.0478791 2.07758
1 0.0478096 2.07745
1 0.0477458 2.07732
1 0.0476802 2.07719
1 0.0476104 2.07707
1 0.0475421 2.07695
1 0.0474649 2.07684
1 0.047379 2.07673
1 0.0472212 2.07662
1 0.0470683 2.07652
1 0.0469139 2.07642
1 0.0467502 2.07632
1 0.0465882 2.07622
1 0.0464264 2.07613
1 0.0462637 2.07605
1 0.0460965 2.07597
1 0.0459336 2.0759
1 0.0457763 2.07583
1 0.0456186 2.07577
1 0.0454657 2.07573
1 0.0453167 2.07568
1 0.0451748 2.07565
1 0.0450255 2.07563
1 0.0448679 2.07562
1 0.0447139 2.07562
1 0.0445567 2.07563
1 0.0443927 2.07565
1 0.0442232 2.07568
1 0.0440514 2.07573
1 0.0438777 2.07578
1 0.0436971 2.07584
1 0.0435063 2.07591
1 0.0433169 2.076
1 0.0431371 2.07609
1 0.0429668 2.07618
1 0.0428052 2.07627
1 0.042651 2.07637
1 0.0425017 2.07647
1 0.0423527 2.07659
1 0.0422044 2.0767
1 0.0420591 2.07682
1 0.0419214 2.07695
1 0.0417873 2.07708
1 0.0416597 2.07721
1 0.0415332 2.07734
1 0.0414077 2.07747
1 0.0412855 2.07761
1 0.0411563 2.07776
1 0.041031 2.07791
1 0.0409101 2.07806
1 0.0407888 2.07821
1 0.0406636 2.07837
1 0.040534 2.07854
1 0.0404017 2.07871
1 0.0402789 2.07888
1 0.0401665 2.07905
1 0.040055 2.07922
1 0.0399463 2.07939
1 0.0398381 2.07956
1 0.0397353 2.07973
1 0.039641 2.0799
1 0.0395544 2.08005
1 0.039472 2.0802
1 0.0393922 2.08035
1 0.0393173 2.08049
1 0.0392482 2.08063
1 0.0391798 2.08076
1 0.0391173 2.08088
1 0.0390548 2.08099
1 0.0389993 2.08109
1 0.0389498 2.08119
1 0.0389017 2.08127
1 0.0388572 2.08135
1 0.0388225 2.08141
1 0.0387892 2.08147
1 0.038758 2.08152
1 0.0387167 2.08169
1 0.038675 2.08186
1 0.0386368 2.08202
1 0.0385969 2.08217
1 0.0385562 2.08233
1 0.0385203 2.08247
1 0.0384878 2.08261
1 0.0384583 2.08275
1 0.0384248 2.08289
1 0.0383896 2.08303
1 0.0383581 2.08316
1 0.0383254 2.08329
1 0.0382964 2.08341
1 0.0382715 2.08353
1 0.0382433 2.08364
1 0.0382061 2.08376
1 0.0381725 2.08387
1 0.0381413 2.08398
1 0.0381086 2.08409
1 0.0380736 2.08419
1 0.0380409 2.08429
1 0.038013 2.08438
1 0.0379878 2.08447
1 0.0379568 2.08456
1 0.037926 2.08465
1 0.0378909 2.08474
1 0.0378567 2.08483
1 0.0378191 2.08491
1 0.0377778 2.085
1 0.0377412 2.08507
1 0.0377058 2.08514
1 0.0376716 2.08521
1 0.0376397 2.08527
1 0.0376125 2.08532
1 0.0375878 2.08537
1 0.0375598 2.08541
1 0.037532 2.08546
1 0.0375107 2.08549
1 0.0374909 2.08552
1 0.0374735 2.08554
1 0.0374619 2.08555
1 0.0374539 2.08556
1 0.0374426 2.08557
1 0.0374263 2.08558
1 0.0374055 2.08561
1 0.0373853 2.08562
1 0.0373644 2.08564
1 0.0373426 2.08566
1 0.037325 2.08567
1 0.0373088 2.08567
1 0.0372921 2.08567
1 0.0372761 2.08567
1 0.0372681 2.08566
1 0.0372617 2.08564
1 0.0372509 2.08563
1 0.037243 2.08562
1 0.03724 2.0856
1 0.0372387 2.08558
1 0.0372357 2.08556
1 0.0372317 2.08554
1 0.0372285 2.08552
1 0.0372267 2.08549
1 0.037252 2.08539
1 0.0372735 2.0853
1 0.0372923 2.08521
1 0.0373078 2.08513
1 0.0373224 2.08504
1 0.0373397 2.08495
1 0.0373538 2.08487
1 0.0373711 2.08477
1 0.0373921 2.08467
1 0.0374148 2.08457
1 0.0374402 2.08446
1 0.0374682 2.08435
1 0.0374954 2.08424
1 0.0375178 2.08413
1 0.0375381 2.08404
1 0.037557 2.08394
1 0.037569 2.08386
1 0.0375761 2.08379
1 0.0375792 2.08373
1 0.0375797 2.08367
1 0.0375761 2.08363
1 0.0375696 2.08359
1 0.0375637 2.08356
1 0.0375604 2.08352
1 0.037559 2.08348
1 0.0375535 2.08346
1 0.0375442 2.08345
1 0.0375369 2.08344
1 0.0375272 2.08344
1 0.0375146 2.08344
1 0.0375011 2.08346
1 0.0374866 2.08348
1 0.0374725 2.0835
1 0.0374577 2.08353
1 0.0374431 2.08356
1 0.0374246 2.0836
1 0.0374004 2.08366
1 0.0373726 2.08373
1 0.0373415 2.08381
1 0.0373079 2.08389
1 0.0372716 2.08399
1 0.0372317 2.0841
1 0.0371933 2.08421
1 0.0371582 2.08431
1 0.0371195 2.08442
1 0.0370784 2.08454
1 0.0370386 2.08467
1 0.0369966 2.0848
1 0.0369477 2.08495
1 0.0368937 2.08512
1 0.0368377 2.0853
1 0.0367805 2.08548
1 0.0367226 2.08567
1 0.0366648 2.08585
1 0.0366096 2.08604
1 0.0365556 2.08622
1 0.0365036 2.0864
1 0.036447 2.08659
1 0.0363883 2.0868
1 0.0363255 2.08702
1 0.0362573 2.08726
1 0.0361905 2.0875
1 0.0361268 2.08774
1 0.0360608 2.08799
1 0.0359915 2.08824
1 0.0359208 2.08851
1 0.0358506 2.08878
1 0.0358506 2.08878
1 0.0358506 2.08878
1 0.0358506 2.08878
1 0.0358506 2.08878
1 0.0358506 2.08878
1 0.0358506 2.08878
1 0.0358506 2.08878
1 0.0358506 2.08878
1 0.0358506 2.08878
1 0.0358506 2.08878
1 0.0358506 2.08878
1 0.0358506 2.08878
1 0.0358506 2.08878
1 0.0358506 2.08878
1 0.0358506 2.08878
1 0.0358506 2.08878
1 0.0358506 2.08878
1 0.0358506 2.08878
1 0.0358506 2.08878
1 0.0358506 2.08878
1 0.0358506 2.08878
1 0.0358506 2.08878
1 0.0358506 2.08878
1 0.0358506 2.08878
1 0.0357806 2.08905
1 0.0356899 2.08951
1 0.0356037 2.08996
1 0.0355142 2.09042
1 0.0355142 2.09042
1 0.0355142 2.09042
1 0.0355142 2.09042
1 0.0355142 2.09042
1 0.0355142 2.09042
1 0.0355142 2.09042
1 0.0355142 2.09042
1 0.0355142 2.09042
1 0.0355142 2.09042
1 0.0355142 2.09042
1 0.0355142 2.09042
1 0.0355142 2.09042
1 0.0355142 2.09042
1 0.0355142 2.09042
1 0.0355142 2.09042
1 0.0355142 2.09042
1 0.0355142 2.09042
1 0.0355142 2.09042
1 0.0355142 2.09042
1 0.0355142 2.09042
1 0.0355142 2.09042
1 0.0355142 2.09042
1 0.0355142 2.09042
1 0.0355142 2.09042
1 0.0355142 2.09042
1 0.0355142 2.09042
1 0.0354262 2.09087
1 0.0353309 2.09141
1 0.0352439 2.09191
1 0.0351628 2.09238
1 0.035081 2.09286
1 0.0349974 2.09334
1 0.0349153 2.09381
1 0.0348335 2.09428
1 0.0347531 2.09474
1 0.034678 2.09518
1 0.0346118 2.09559
1 0.0345453 2.09599
1 0.0344769 2.09639
1 0.0344117 2.09678
1 0.034354 2.09714
1 0.0342987 2.09748
1 0.0342432 2.09783
1 0.0341862 2.09817
1 0.0341281 2.09852
1 0.0340694 2.09887
1 0.0340093 2.09922
1 0.0339478 2.09958
1 0.0338886 2.09992
1 0.0338308 2.10026
1 0.0337748 2.10059
1 0.0337309 2.10087
1 0.0336872 2.10114
1 0.0336405 2.10143
1 0.0335927 2.10173
1 0.0335466 2.10202
1 0.0335015 2.1023
1 0.0334604 2.10257
1 0.0334201 2.10284
1 0.0333797 2.1031
1 0.0333366 2.10338
1 0.0332968 2.10364
1 0.0332594 2.10389
1 0.0332245 2.10412
1 0.0331947 2.10434
1 0.0331667 2.10454
1 0.0331368 2.10476
1 0.033107 2.10497
2 1.76882 -9.33713
2 1.76873 -9.33744
2 1.76865 -9.33785
2 1.76858 -9.33829
2 1.7685 -9.33863
2 1.76841 -9.33892
2 1.76832 -9.33923
2 1.76824 -9.33958
2 1.76813 -9.33972
2 1.768 -9.33974
2 1.76787 -9.33969
2 1.76774 -9.33965
2 1.76761 -9.33961
2 1.76747 -9.33951
2 1.76732 -9.33932
2 1.76717 -9.33912
2 1.76701 -9.33882
2 1.76685 -9.33857
2 1.76671 -9.33839
2 1.76657 -9.33826
2 1.76644 -9.33821
2 1.7663 -9.33808
2 1.76614 -9.33779
2 1.76597 -9.33743
2 1.7658 -9.33703
2 1.76563 -9.33662
2 1.76549 -9.33648
2 1.76536 -9.33644
2 1.76525 -9.33651
2 1.76515 -9.33669
2 1.76505 -9.33692
2 1.76497 -9.33727
2 1.76491 -9.33778
2 1.76486 -9.33832
2 1.76481 -9.33892
2 1.76478 -9.33971
2 1.76475 -9.34044
2 1.76471 -9.34109
2 1.76466 -9.34168
2 1.76461 -9.34231
2 1.76458 -9.34304
2 1.76456 -9.34391
2 1.76455 -9.34482
2 1.76454 -9.34572
2 1.76454 -9.34672
2 1.76454 -9.34772
2 1.76454 -9.3488
2 1.76457 -9.35006
2 1.76461 -9.35134
2 1.76463 -9.35256
2 1.76465 -9.35372
2 1.76467 -9.3549
2 1.76472 -9.35626
2 1.76476 -9.35762
2 1.7648 -9.359
2 1.76486 -9.36045
2 1.76491 -9.36194
2 1.76499 -9.36362
2 1.76507 -9.36528
2 1.76515 -9.36699
2 1.76525 -9.36877
2 1.76537 -9.37076
2 1.76549 -9.37279
2 1.76561 -9.37486
2 1.76575 -9.37702
2 1.76588 -9.37909
2 1.76601 -9.38119
2 1.76615 -9.38337
2 1.7663 -9.38569
2 1.76647 -9.38814
2 1.76664 -9.39053
2 1.7668 -9.39289
2 1.76699 -9.39552
2 1.76716 -9.39795
2 1.76732 -9.40027
2 1.76747 -9.40255
2 1.76764 -9.40501
2 1.76783 -9.40762
2 1.76801 -9.41016
2 1.76819 -9.41268
2 1.76838 -9.41531
2 1.76859 -9.41802
2 1.76879 -9.42074
2 1.76897 -9.42329
2 1.76915 -9.42583
2 1.76934 -9.4284
2 1.76955 -9.43123
2 1.76978 -9.43414
2 1.77 -9.43707
2 1.77022 -9.43992
2 1.77046 -9.44294
2 1.7707 -9.44599
2 1.77095 -9.44913
2 1.7712 -9.45231
2 1.77145 -9.45544
2 1.77145 -9.45544
2 1.77145 -9.45544
2 1.77169 -9.45855
2 1.77169 -9.45855
2 1.77169 -9.45855
2 1.77169 -9.45855
2 1.77169 -9.45855
2 1.77169 -9.45855
2 1.77169 -9.45855
2 1.77169 -9.45855
2 1.77169 -9.45855
2 1.77169 -9.45855
2 1.77169 -9.45855
2 1.77169 -9.45855
2 1.77169 -9.45855
2 1.77169 -9.45855
2 1.77169 -9.45855
2 1.77169 -9.45855
2 1.77169 -9.45855
2 1.77169 -9.45855
2 1.77169 -9.45855
2 1.77169 -9.45855
2 1.77169 -9.45855
2 1.77169 -9.45855
2 1.77169 -9.45855
2 1.77169 -9.45855
2 1.77169 -9.45855
3 -1.20069 20.2283
3 -1.20069 20.2283
3 -1.20069 20.2283
3 -1.20069 20.2283
3 -1.20069 20.2283
3 -1.20069 20.2283
3 -1.20069 20.2283
3 -1.20069 20.2283
3 -1.20069 20.2283
3 -1.20069 20.2283
3 -1.20069 20.2283
3 -1.20069 20.2283
3 -1.20069 20.2283
3 -1.20069 20.2283
3 -1.20069 20.2283
3 -1.20069 20.2283
3 -1.20069 20.2283
3 -1.20069 20.2283
3 -1.20069 20.2283
3 -1.20069 20.2283
3 -1.20069 20.2283
3 -1.20069 20.2283
3 -1.20069 20.2283
3 -1.20069 20.2283
3 -1.20069 20.2283
3 -1.20069 20.2283
3 -1.20069 20.2283
3 -1.20069 20.2283
3 -1.20069 20.2283
3 -1.20069 20.2283
3 -1.20069 20.2283
3 -1.20069 20.2283
3 -1.20069 20.2283
3 -1.20069 20.2283
3 -1.20069 20.2283
3 -1.20069 20.2283
3 -1.20069 20.2283
3 -1.20069 20.2283
3 -1.20069 20.2283
3 -1.20069 20.2283
3 -1.20069 20.2283
3 -1.20069 20.2283
3 -1.20069 20.2283
3 -1.20069 20.2283
3 -1.20069 20.2283
3 -1.20069 20.2283
3 -1.20069 20.2283
3 -1.20069 20.2283
3 -1.20069 20.2283
3 -1.20069 20.2283
3 -1.20069 20.2283
3 -1.20069 20.2283
3 -1.20069 20.2283
3 -1.20135 20.2342
3 -1.20198 20.2399
3 -1.2026 20.2455
3 -1.20321 20.2509
3 -1.2038 20.2562
3 -1.20437 20.2613
3 -1.2049 20.2661
3 -1.20541 20.2706
3 -1.20589 20.2749
3 -1.20589 20.2749
3 -1.20589 20.2749
3 -1.20589 20.2749
3 -1.20589 20.2749
3 -1.20589 20.2749
3 -1.20589 20.2749
3 -1.20589 20.2749
3 -1.20635 20.2791
3 -1.20668 20.2819
3 -1.20698 20.2846
3 -1.20726 20.287
3 -1.20754 20.2894
3 -1.20779 20.2916
3 -1.20803 20.2937
3 -1.20825 20.2955
3 -1.20846 20.2973
3 -1.20865 20.299
3 -1.20882 20.3004
3 -1.20897 20.3016
3 -1.2091 20.3026
3 -1.20921 20.3035
3 -1.2093 20.3042
3 -1.20937 20.3046
3 -1.20943 20.3049
3 -1.20948 20.3053
3 -1.20953 20.3055
3 -1.20955 20.3055
3 -1.20956 20.3054
3 -1.20957 20.3052
3 -1.20956 20.3048
3 -1.20954 20.3044
3 -1.20951 20.304
3 -1.20948 20.3034
3 -1.20943 20.3027
3 -1.20937 20.3019
3 -1.2093 20.301
3 -1.20923 20.3001
3 -1.20915 20.2991
3 -1.20907 20.298
3 -1.20895 20.2967
3 -1.20884 20.2954
3 -1.20872 20.294
3 -1.20859 20.2925
3 -1.20846 20.291
3 -1.20833 20.2894
3 -1.20819 20.2878
3 -1.20805 20.2862
3 -1.20791 20.2846
3 -1.20776 20.283
3 -1.20762 20.2813
3 -1.20748 20.2797
3 -1.20733 20.278
3 -1.20718 20.2762
3 -1.20701 20.2743
3 -1.20685 20.2725
3 -1.20668 20.2706
3 -1.20651 20.2687
3 -1.20635 20.2668
3 -1.20618 20.2649
3 -1.206 20.2628
3 -1.20581 20.2607
3 -1.20561 20.2585
3 -1.20542 20.2563
3 -1.20522 20.2541
3 -1.20503 20.2519
3 -1.20482 20.2496
3 -1.20461 20.2473
3 -1.20441 20.245
3 -1.2042 20.2426
3 -1.20398 20.2402
3 -1.20376 20.2377
3 -1.20353 20.2352
3 -1.2033 20.2326
3 -1.20308 20.2301
3 -1.20286 20.2276
3 -1.20263 20.2251
3 -1.20241 20.2227
3 -1.20219 20.2201
3 -1.20196 20.2176
3 -1.20173 20.215
3 -1.20149 20.2123
3 -1.20124 20.2095
3 -1.20099 20.2067
3 -1.20073 20.2039
3 -1.20048 20.2011
3 -1.20022 20.1982
3 -1.20022 20.1982
3 -1.20022 20.1982
3 -1.20022 20.1982
3 -1.20022 20.1982
3 -1.20022 20.1982
3 -1.20022 20.1982
3 -1.20022 20.1982
3 -1.20022 20.1982
3 -1.20022 20.1982
3 -1.20022 20.1982
3 -1.20022 20.1982
3 -1.20022 20.1982
3 -1.20022 20.1982
3 -1.20022 20.1982
3 -1.20022 20.1982
3 -1.20022 20.1982
3 -1.20022 20.1982
3 -1.20022 20.1982
3 -1.20022 20.1982
3 -1.20022 20.1982
3 -1.20022 20.1982
3 -1.20022 20.1982
3 -1.20022 20.1982
3 -1.20022 20.1982
3 -1.20022 20.1982
3 -1.20022 20.1982
3 -1.20022 20.1982
3 -1.20022 20.1982
3 -1.20022 20.1982
3 -1.20022 20.1982
3 -1.20022 20.1982
3 -1.20022 20.1982
3 -1.20022 20.1982
3 -1.20022 20.1982
3 -1.20022 20.1982
3 -1.20022 20.1982
3 -1.20022 20.1982
3 -1.20022 20.1982
3 -1.20022 20.1982
3 -1.20022 20.1982
3 -1.20022 20.1982
3 -1.20022 20.1982
3 -1.20022 20.1982
3 -1.20022 20.1982
3 -1.20022 20.1982
3 -1.20022 20.1982
3 -1.20022 20.1982
3 -1.20022 20.1982
3 -1.20022 20.1982
3 -1.20022 20.1982
3 -1.20022 20.1982
3 -1.20022 20.1982
3 -1.20022 20.1982
3 -1.20022 20.1982
3 -1.20022 20.1982
3 -1.20022 20.1982
3 -1.20022 20.1982
3 -1.20022 20.1982
3 -1.20022 20.1982
3 -1.20022 20.1982
3 -1.20022 20.1982
3 -1.20022 20.1982
3 -1.20022 20.1982
3 -1.20022 20.1982
3 -1.20022 20.1982
3 -1.20022 20.1982
3 -1.20022 20.1982
3 -1.20022 20.1982
3 -1.20022 20.1982
3 -1.20022 20.1982
3 -1.20022 20.1982
3 -1.20022 20.1982
3 -1.20022 20.1982
3 -1.20022 20.1982
3 -1.20022 20.1982
3 -1.20022 20.1982
3 -1.20022 20.1982
3 -1.20022 20.1982
3 -1.20022 20.1982
3 -1.20022 20.1982
3 -1.20022 20.1982
3 -1.20022 20.1982
3 -1.20022 20.1982
3 -1.20022 20.1982
3 -1.20022 20.1982
3 -1.20022 20.1982
3 -1.20022 20.1982
3 -1.20022 20.1982
3 -1.20022 20.1982
3 -1.20022 20.1982
3 -1.20022 20.1982
3 -1.20022 20.1982
3 -1.20022 20.1982
3 -1.20022 20.1982
3 -1.20022 20.1982
3 -1.20022 20.1982
3 -1.20022 20.1982
3 -1.20022 20.1982
3 -1.20022 20.1982
3 -1.20022 20.1982
3 -1.20022 20.1982
3 -1.20022 20.1982
3 -1.20022 20.1982
3 -1.20022 20.1982
3 -1.20022 20.1982
3 -1.20022 20.1982
3 -1.20022 20.1982
3 -1.20022 20.1982
3 -1.20022 20.1982
3 -1.20022 20.1982
3 -1.20022 20.1982
3 -1.20022 20.1982
3 -1.20022 20.1982
3 -1.20022 20.1982
3 -1.20022 20.1982
3 -1.20022 20.1982
3 -1.20022 20.1982
3 -1.20022 20.1982
3 -1.20022 20.1982
3 -1.20022 20.1982
3 -1.20022 20.1982
3 -1.20022 20.1982
3 -1.20022 20.1982
3 -1.20022 20.1982
3 -1.20022 20.1982
3 -1.20022 20.1982
3 -1.20022 20.1982
3 -1.20022 20.1982
3 -1.20022 20.1982
3 -1.20022 20.1982
3 -1.20022 20.1982
3 -1.20022 20.1982
3 -1.20022 20.1982
3 -1.20022 20.1982
3 -1.20022 20.1982
3 -1.20022 20.1982
3 -1.20022 20.1982
3 -1.20022 20.1982
3 -1.20022 20.1982
3 -1.20022 20.1982
3 -1.20022 20.1982
3 -1.20022 20.1982
3 -1.20022 20.1982
3 -1.20022 20.1982
3 -1.20022 20.1982
4 0.0563694 12.4774
4 0.0563694 12.4774
4 0.0563694 12.4774
4 0.0563694 12.4774
4 0.0563694 12.4774
4 0.0563694 12.4774
4 0.0563694 12.4774
4 0.0563694 12.4774
4 0.0563694 12.4774
4 0.0563694 12.4774
4 0.0563694 12.4774
4 0.0563694 12.4774
4 0.0563694 12.4774
4 0.0563694 12.4774
4 0.0563694 12.4774
4 0.0563694 12.4774
4 0.0563694 12.4774
4 0.0563694 12.4774
4 0.0563694 12.4774
4 0.0563694 12.4774
4 0.0563694 12.4774
4 0.0563694 12.4774
4 0.0563694 12.4774
4 0.0563694 12.4774
4 0.0563694 12.4774
4 0.0563694 12.4774
4 0.0563694 12.4774
4 0.0563694 12.4774
4 0.0563694 12.4774
4 0.0563694 12.4774
4 0.0563694 12.4774
4 0.0563694 12.4774
4 0.0563694 12.4774
4 0.0563694 12.4774
4 0.0563694 12.4774
4 0.0563694 12.4774
4 0.0563694 12.4774
4 0.0563694 12.4774
4 0.0563694 12.4774
4 0.0563694 12.4774
4 0.0563694 12.4774
4 0.0563694 12.4774
4 0.0563694 12.4774
4 0.0563694 12.4774
4 0.0563694 12.4774
4 0.0563694 12.4774
4 0.0563694 12.4774
4 0.0563694 12.4774
4 0.0563694 12.4774
4 0.0563694 12.4774
4 0.0563694 12.4774
4 0.0563694 12.4774
4 0.0563694 12.4774
4 0.0563694 12.4774
4 0.0563694 12.4774
4 0.0563694 12.4774
4 0.0563694 12.4774
4 0.0563694 12.4774
4 0.0563694 12.4774
4 0.0563694 12.4774
4 0.0563694 12.4774
4 0.0563694 12.4774
4 0.0563694 12.4774
4 0.0563694 12.4774
4 0.0563694 12.4774
4 0.0563694 12.4774
4 0.0563694 12.4774
4 0.0563694 12.4774
4 0.0563694 12.4774
4 0.0563694 12.4774
4 0.0563694 12.4774
4 0.0563694 12.4774
4 0.0563694 12.4774
4 0.0563694 12.4774
4 0.0563694 12.4774
4 0.0563694 12.4774
4 0.0563694 12.4774
4 0.0563694 12.4774
4 0.0563694 12.4774
4 0.0563694 12.4774
4 0.0563694 12.4774
4 0.0563694 12.4774
4 0.0563694 12.4774
4 0.0563694 12.4774
4 0.0563694 12.4774
4 0.0563694 12.4774
4 0.0563694 12.4774
4 0.0563694 12.4774
4 0.0563694 12.4774
4 0.0563694 12.4774
4 0.0563694 12.4774
4 0.0563694 12.4774
4 0.0563694 12.4774
4 0.0563694 12.4774
4 0.0563694 12.4774
4 0.0563694 12.4774
4 0.0563694 12.4774
4 0.0563694 12.4774
4 0.0563694 12.4774
4 0.0563694 12.4774
4 0.0563694 12.4774
4 0.0563694 12.4774
4 0.0563694 12.4774
4 0.0563694 12.4774
4 0.0563694 12.4774
4 0.0563694 12.4774
4 0.0563694 12.4774
4 0.0563694 12.4774
4 0.0563694 12.4774
4 0.0563694 12.4774
4 0.0563694 12.4774
4 0.0563694 12.4774
4 0.0563694 12.4774
4 0.0563694 12.4774
4 0.0563694 12.4774
4 0.0563694 12.4774
4 0.0565767 12.4765
4 0.0567834 12.4756
4 0.056988 12.4748
4 0.0571911 12.474
4 0.0573918 12.4731
4 0.0575899 12.4723
4 0.0577863 12.4716
4 0.0579842 12.4708
4 0.0581816 12.47
4 0.0583773 12.4692
4 0.058576 12.4685
4 0.0587787 12.4677
4 0.0589836 12.4669
4 0.0591918 12.4661
4 0.0594037 12.4653
4 0.0596181 12.4645
4 0.0598353 12.4637
4 0.0600573 12.4629
4 0.0602819 12.4621
4 0.0605131 12.4612
4 0.0607441 12.4604
4 0.0609775 12.4595
4 0.0612132 12.4587
4 0.0614487 12.4578
4 0.0616819 12.457
4 0.0619129 12.4561
4 0.0621458 12.4553
4 0.0623755 12.4545
4 0.0626118 12.4536
4 0.0628474 12.4528
4 0.063084 12.452
4 0.0633221 12.4511
4 0.0635601 12.4503
4 0.0637958 12.4495
4 0.0640295 12.4487
4 0.0642625 12.4479
4 0.0644952 12.4471
4 0.0647311 12.4463
4 0.0649699 12.4455
4 0.0652103 12.4447
4 0.0654526 12.4438
4 0.0656959 12.443
4 0.0659376 12.4422
4 0.066181 12.4414
4 0.0664262 12.4406
4 0.06667 12.4398
4 0.06691 12.439
4 0.0671477 12.4382
4 0.0673856 12.4374
4 0.0676236 12.4366
4 0.0678592 12.4359
4 0.0680949 12.4351
4 0.0683287 12.4343
4 0.0685619 12.4336
4 0.0687994 12.4328
4 0.069036 12.4321
4 0.0692696 12.4313
4 0.0695037 12.4306
4 0.0697394 12.4298
4 0.0699757 12.4291
4 0.070214 12.4283
4 0.070451 12.4276
4 0.0706859 12.4269
4 0.0709214 12.4261
4 0.0711564 12.4254
4 0.0713905 12.4247
4 0.0716203 12.424
4 0.0718471 12.4233
4 0.0720726 12.4226
4 0.0722969 12.4219
4 0.0725182 12.4212
4 0.0727377 12.4206
4 0.0729573 12.4199
4 0.0731827 12.4192
4 0.0734109 12.4186
4 0.0736413 12.4179
4 0.0738707 12.4172
4 0.0741011 12.4166
4 0.0743281 12.4159
4 0.0745553 12.4153
4 0.0747825 12.4146
4 0.0750109 12.4139
4 0.0752404 12.4133
4 0.0754705 12.4126
4 0.0757009 12.412
4 0.0759271 12.4114
4 0.0761531 12.4107
4 0.0763815 12.4101
4 0.0766079 12.4095
4 0.0768323 12.4089
4 0.0770557 12.4083
4 0.0772793 12.4077
4 0.0775016 12.4071
4 0.0777218 12.4065
4 0.0779417 12.4059
4 0.078159 12.4053
4 0.0783749 12.4048
4 0.0785872 12.4042
4 0.0787939 12.4037
4 0.0789981 12.4032
4 0.0791998 12.4026
4 0.0793983 12.4021
4 0.0795975 12.4016
4 0.079795 12.4011
4 0.0799911 12.4006
4 0.0801864 12.4001
4 0.0803802 12.3996
4 0.0805723 12.3991
4 0.080762 12.3986
4 0.0809484 12.3982
4 0.0811306 12.3977
4 0.0813074 12.3973
4 0.0814802 12.3968
4 0.0816507 12.3964
4 0.0818195 12.396
4 0.0819867 12.3956
4 0.0821533 12.3952
4 0.0823195 12.3947
4 0.0824859 12.3943
4 0.0826522 12.3939
4 0.0828161 12.3935
4 0.0829769 12.3932
4 0.0831365 12.3928
4 0.0832962 12.3924
4 0.0834571 12.392
4 0.0836202 12.3916
4 0.0837836 12.3912
4 0.0839479 12.3909
4 0.0841105 12.3905
4 0.0842715 12.3901
4 0.0844317 12.3898
4 0.0845906 12.3894
4 0.0847459 12.389
