1 0.00872685 2.29571
1 0.420541 1.32789
1 0.427432 1.30188
1 0.424963 1.29779
1 0.42324 1.29645
1 0.42045 1.29803
1 0.417765 1.30011
1 0.414641 1.30274
1 0.411053 1.30596
1 0.40808 1.30892
1 0.405402 1.31199
1 0.40269 1.31531
1 0.400149 1.31855
1 0.397638 1.32177
1 0.394973 1.32508
1 0.392316 1.32851
1 0.389865 1.33184
1 0.387231 1.33542
1 0.384593 1.33892
1 0.382024 1.34233
1 0.379571 1.34569
1 0.377184 1.34907
1 0.374893 1.35235
1 0.372644 1.35557
1 0.370379 1.35878
1 0.368188 1.36205
1 0.366098 1.36527
1 0.364062 1.36846
1 0.362058 1.37168
1 0.360183 1.37494
1 0.358354 1.37833
1 0.356592 1.38168
1 0.354832 1.38498
1 0.353097 1.38827
1 0.351437 1.39158
1 0.349776 1.39486
1 0.348118 1.39809
1 0.3465 1.40127
1 0.344906 1.40444
1 0.343262 1.40764
1 0.341618 1.4108
1 0.339962 1.41405
1 0.338371 1.41728
1 0.336724 1.42052
1 0.335144 1.42371
1 0.333657 1.42683
1 0.3322 1.42993
1 0.330729 1.43301
1 0.329262 1.43608
1 0.327808 1.4391
1 0.326373 1.44208
1 0.324976 1.445
1 0.323565 1.44797
1 0.322192 1.45087
1 0.320877 1.45379
1 0.319561 1.45667
1 0.318241 1.45952
1 0.316917 1.46236
1 0.31558 1.46519
1 0.31427 1.46798
1 0.31298 1.47073
1 0.311696 1.47346
1 0.310447 1.47621
1 0.309247 1.4789
1 0.308033 1.48162
1 0.306795 1.48433
1 0.305568 1.487
1 0.304392 1.48966
1 0.303243 1.49231
1 0.302117 1.49493
1 0.301007 1.49752
1 0.299924 1.50008
1 0.298879 1.50262
1 0.297836 1.50516
1 0.296804 1.50767
1 0.295799 1.51016
1 0.294813 1.51267
1 0.293831 1.51516
1 0.292825 1.51763
1 0.291821 1.52008
1 0.290828 1.52249
1 0.289858 1.52488
1 0.288916 1.52724
1 0.288003 1.52955
1 0.287111 1.53183
1 0.286239 1.53408
1 0.285401 1.53629
1 0.284585 1.53845
1 0.283775 1.5406
1 0.283004 1.54271
1 0.282265 1.54478
1 0.281533 1.54683
1 0.280784 1.54884
1 0.280291 1.55067
1 0.279592 1.55262
1 0.27891 1.55454
1 0.278201 1.55645
1 0.277511 1.55833
1 0.27684 1.56018
1 0.27684 1.56018
1 0.27684 1.56018
1 0.27684 1.56018
1 0.27684 1.56018
1 0.27684 1.56018
1 0.27684 1.56018
1 0.27684 1.56018
1 0.27684 1.56018
1 0.27684 1.56018
1 0.27684 1.56018
1 0.27684 1.56018
1 0.27684 1.56018
1 0.27684 1.56018
1 0.27684 1.56018
1 0.27684 1.56018
1 0.27684 1.56018
1 0.27684 1.56018
1 0.27684 1.56018
1 0.27684 1.56018
1 0.27684 1.56018
1 0.27684 1.56018
1 0.27684 1.56018
1 0.27684 1.56018
1 0.27684 1.56018
1 0.27684 1.56018
1 0.27684 1.56018
1 0.27684 1.56018
1 0.27684 1.56018
1 0.27684 1.56018
1 0.27684 1.56018
1 0.27684 1.56018
1 0.27684 1.56018
1 0.27684 1.56018
1 0.27684 1.56018
1 0.27684 1.56018
1 0.27684 1.56018
1 0.27684 1.56018
1 0.27684 1.56018
1 0.27684 1.56018
1 0.27684 1.56018
1 0.27684 1.56018
1 0.27684 1.56018
1 0.27684 1.56018
1 0.27684 1.56018
1 0.27684 1.56018
1 0.27684 1.56018
1 0.27684 1.56018
1 0.27684 1.56018
1 0.27684 1.56018
1 0.27684 1.56018
1 0.27684 1.56018
1 0.27684 1.56018
1 0.27684 1.56018
1 0.27684 1.56018
1 0.27684 1.56018
1 0.27684 1.56018
1 0.27684 1.56018
1 0.27684 1.56018
1 0.27684 1.56018
1 0.27684 1.56018
1 0.27684 1.56018
1 0.27684 1.56018
1 0.27684 1.56018
1 0.27684 1.56018
1 0.27684 1.56018
1 0.27684 1.56018
1 0.27684 1.56018
1 0.27684 1.56018
1 0.27684 1.56018
1 0.27684 1.56018
1 0.27684 1.56018
1 0.27684 1.56018
1 0.27684 1.56018
1 0.27684 1.56018
1 0.27684 1.56018
1 0.27684 1.56018
1 0.27684 1.56018
1 0.27684 1.56018
1 0.27684 1.56018
1 0.27684 1.56018
1 0.27684 1.56018
1 0.27684 1.56018
1 0.27684 1.56018
1 0.27684 1.56018
1 0.27684 1.56018
1 0.27684 1.56018
1 0.27684 1.56018
1 0.27684 1.56018
1 0.27684 1.56018
1 0.27684 1.56018
1 0.27684 1.56018
1 0.27684 1.56018
1 0.27684 1.56018
1 0.27684 1.56018
1 0.27684 1.56018
1 0.27684 1.56018
1 0.27684 1.56018
1 0.27684 1.56018
1 0.27684 1.56018
1 0.27684 1.56018
1 0.27684 1.56018
1 0.27684 1.56018
1 0.27684 1.56018
1 0.27684 1.56018
1 0.27684 1.56018
1 0.27684 1.56018
1 0.27684 1.56018
1 0.27684 1.56018
1 0.27684 1.56018
1 0.27684 1.56018
1 0.27684 1.56018
1 0.27684 1.56018
1 0.27684 1.56018
1 0.27684 1.56018
1 0.27684 1.56018
1 0.27684 1.56018
1 0.27684 1.56018
1 0.27684 1.56018
1 0.27684 1.56018
1 0.27684 1.56018
1 0.27684 1.56018
1 0.27684 1.56018
1 0.27684 1.56018
1 0.27684 1.56018
1 0.27684 1.56018
1 0.27684 1.56018
1 0.27684 1.56018
1 0.27684 1.56018
1 0.27684 1.56018
1 0.27684 1.56018
1 0.27684 1.56018
1 0.27684 1.56018
1 0.27684 1.56018
1 0.27684 1.56018
1 0.27684 1.56018
1 0.27684 1.56018
1 0.27684 1.56018
1 0.27684 1.56018
1 0.27684 1.56018
1 0.27684 1.56018
1 0.27684 1.56018
1 0.27684 1.56018
1 0.27684 1.56018
1 0.27684 1.56018
1 0.27684 1.56018
1 0.27684 1.56018
1 0.27684 1.56018
1 0.27684 1.56018
1 0.27684 1.56018
1 0.27684 1.56018
1 0.27684 1.56018
1 0.27684 1.56018
1 0.27684 1.56018
1 0.27684 1.56018
1 0.27684 1.56018
1 0.27684 1.56018
1 0.27684 1.56018
1 0.27684 1.56018
1 0.27684 1.56018
1 0.27684 1.56018
1 0.27684 1.56018
1 0.27684 1.56018
1 0.27684 1.56018
1 0.27684 1.56018
1 0.27684 1.56018
1 0.27684 1.56018
1 0.27684 1.56018
1 0.27684 1.56018
1 0.27684 1.56018
1 0.27684 1.56018
1 0.27684 1.56018
1 0.27684 1.56018
1 0.27684 1.56018
1 0.27684 1.56018
1 0.27684 1.56018
1 0.27684 1.56018
1 0.27684 1.56018
1 0.27684 1.56018
1 0.27684 1.56018
1 0.27684 1.56018
1 0.27684 1.56018
1 0.27684 1.56018
1 0.27684 1.56018
1 0.27684 1.56018
1 0.27684 1.56018
1 0.27684 1.56018
1 0.27684 1.56018
1 0.27684 1.56018
1 0.27684 1.56018
1 0.27684 1.56018
1 0.27684 1.56018
1 0.27684 1.56018
1 0.27684 1.56018
1 0.27684 1.56018
1 0.27684 1.56018
1 0.27684 1.56018
1 0.27684 1.56018
1 0.27684 1.56018
1 0.27684 1.56018
1 0.27684 1.56018
1 0.27684 1.56018
1 0.27684 1.56018
1 0.27684 1.56018
1 0.27684 1.56018
1 0.27684 1.56018
1 0.27684 1.56018
1 0.27684 1.56018
1 0.27684 1.56018
1 0.27684 1.56018
1 0.27684 1.56018
1 0.27684 1.56018
1 0.27684 1.56018
1 0.27684 1.56018
1 0.27684 1.56018
1 0.27684 1.56018
1 0.27684 1.56018
1 0.27684 1.56018
1 0.27684 1.56018
1 0.27684 1.56018
1 0.27684 1.56018
1 0.27684 1.56018
1 0.27684 1.56018
1 0.27684 1.56018
1 0.27684 1.56018
1 0.27684 1.56018
1 0.27684 1.56018
1 0.27684 1.56018
1 0.27684 1.56018
1 0.27684 1.56018
1 0.27684 1.56018
1 0.27684 1.56018
1 0.27684 1.56018
1 0.27684 1.56018
1 0.27684 1.56018
1 0.27684 1.56018
1 0.27684 1.56018
1 0.27684 1.56018
1 0.27684 1.56018
1 0.27684 1.56018
1 0.27684 1.56018
1 0.27684 1.56018
1 0.27684 1.56018
1 0.27684 1.56018
1 0.27684 1.56018
1 0.27684 1.56018
1 0.27684 1.56018
1 0.27684 1.56018
1 0.27684 1.56018
1 0.27684 1.56018
1 0.27684 1.56018
1 0.27684 1.56018
1 0.27684 1.56018
1 0.27684 1.56018
1 0.27684 1.56018
1 0.27684 1.56018
1 0.27684 1.56018
1 0.27684 1.56018
1 0.27684 1.56018
1 0.27684 1.56018
1 0.27684 1.56018
1 0.27684 1.56018
1 0.27684 1.56018
1 0.27684 1.56018
1 0.27684 1.56018
1 0.27684 1.56018
1 0.27684 1.56018
1 0.27684 1.56018
1 0.27684 1.56018
1 0.27684 1.56018
1 0.27684 1.56018
1 0.27684 1.56018
1 0.27684 1.56018
1 0.27684 1.56018
1 0.27684 1.56018
1 0.27684 1.56018
1 0.27684 1.56018
1 0.27684 1.56018
1 0.27684 1.56018
1 0.27684 1.56018
1 0.27684 1.56018
1 0.27684 1.56018
1 0.27684 1.56018
1 0.27684 1.56018
1 0.27684 1.56018
1 0.27684 1.56018
1 0.27684 1.56018
1 0.27684 1.56018
1 0.27684 1.56018
1 0.27684 1.56018
1 0.27684 1.56018
1 0.27684 1.56018
1 0.27684 1.56018
1 0.27684 1.56018
1 0.27684 1.56018
1 0.27684 1.56018
1 0.27684 1.56018
1 0.27684 1.56018
1 0.27684 1.56018
1 0.27684 1.56018
1 0.27684 1.56018
1 0.27684 1.56018
1 0.27684 1.56018
1 0.27684 1.56018
1 0.27684 1.56018
1 0.27684 1.56018
1 0.27684 1.56018
1 0.27684 1.56018
1 0.27684 1.56018
1 0.27684 1.56018
1 0.27684 1.56018
1 0.27684 1.56018
1 0.27684 1.56018
1 0.27684 1.56018
1 0.27684 1.56018
1 0.27684 1.56018
1 0.27684 1.56018
1 0.27684 1.56018
1 0.27684 1.56018
1 0.27684 1.56018
1 0.27684 1.56018
1 0.27684 1.56018
1 0.27684 1.56018
1 0.27684 1.56018
1 0.27684 1.56018
1 0.27684 1.56018
1 0.27684 1.56018
1 0.27684 1.56018
1 0.27684 1.56018
1 0.27684 1.56018
1 0.27684 1.56018
1 0.27684 1.56018
1 0.27684 1.56018
1 0.27684 1.56018
1 0.27684 1.56018
1 0.27684 1.56018
1 0.27684 1.56018
1 0.27684 1.56018
1 0.27684 1.56018
1 0.27684 1.56018
1 0.27684 1.56018
1 0.27684 1.56018
1 0.27684 1.56018
1 0.27684 1.56018
1 0.27684 1.56018
1 0.27684 1.56018
1 0.27684 1.56018
1 0.27684 1.56018
1 0.27684 1.56018
1 0.27684 1.56018
1 0.27684 1.56018
1 0.27684 1.56018
1 0.27684 1.56018
1 0.27684 1.56018
1 0.27684 1.56018
1 0.27684 1.56018
1 0.27684 1.56018
1 0.27684 1.56018
1 0.27684 1.56018
1 0.27684 1.56018
1 0.27684 1.56018
1 0.27684 1.56018
1 0.27684 1.56018
1 0.27684 1.56018
1 0.27684 1.56018
1 0.27684 1.56018
1 0.27684 1.56018
1 0.27684 1.56018
1 0.27684 1.56018
1 0.27684 1.56018
1 0.27684 1.56018
1 0.27684 1.56018
1 0.27684 1.56018
1 0.27684 1.56018
1 0.27684 1.56018
1 0.27684 1.56018
1 0.27684 1.56018
1 0.27684 1.56018
1 0.27684 1.56018
1 0.27684 1.56018
1 0.27684 1.56018
1 0.27684 1.56018
1 0.27684 1.56018
1 0.27684 1.56018
1 0.27684 1.56018
1 0.27684 1.56018
1 0.27684 1.56018
1 0.27684 1.56018
1 0.27684 1.56018
1 0.27684 1.56018
1 0.27684 1.56018
1 0.27684 1.56018
1 0.27684 1.56018
1 0.27684 1.56018
1 0.27684 1.56018
1 0.27684 1.56018
1 0.27684 1.56018
1 0.27684 1.56018
1 0.27684 1.56018
1 0.27684 1.56018
1 0.27684 1.56018
1 0.27684 1.56018
1 0.27684 1.56018
1 0.27684 1.56018
1 0.27684 1.56018
1 0.27684 1.56018
1 0.27684 1.56018
1 0.27684 1.56018
1 0.27684 1.56018
1 0.27684 1.56018
1 0.27684 1.56018
1 0.27684 1.56018
1 0.27684 1.56018
1 0.27684 1.56018
1 0.27684 1.56018
1 0.27684 1.56018
1 0.27684 1.56018
1 0.27684 1.56018
1 0.27684 1.56018
1 0.27684 1.56018
1 0.27684 1.56018
1 0.27684 1.56018
1 0.27684 1.56018
1 0.27684 1.56018
1 0.27684 1.56018
1 0.27684 1.56018
1 0.27684 1.56018
1 0.27684 1.56018
1 0.27684 1.56018
1 0.27684 1.56018
1 0.27684 1.56018
1 0.27684 1.56018
1 0.27684 1.56018
1 0.27684 1.56018
1 0.27684 1.56018
1 0.27684 1.56018
1 0.27684 1.56018
1 0.27684 1.56018
1 0.27684 1.56018
1 0.27684 1.56018
1 0.27684 1.56018
1 0.27684 1.56018
1 0.27684 1.56018
1 0.27684 1.56018
1 0.27684 1.56018
1 0.27684 1.56018
1 0.27684 1.56018
1 0.27684 1.56018
1 0.27684 1.56018
1 0.27684 1.56018
1 0.27684 1.56018
1 0.27684 1.56018
1 0.27684 1.56018
1 0.27684 1.56018
1 0.27684 1.56018
1 0.27684 1.56018
1 0.27684 1.56018
1 0.27684 1.56018
1 0.27684 1.56018
1 0.27684 1.56018
1 0.27684 1.56018
1 0.27684 1.56018
1 0.27684 1.56018
1 0.27684 1.56018
1 0.27684 1.56018
1 0.27684 1.56018
1 0.27684 1.56018
1 0.27684 1.56018
1 0.27684 1.56018
1 0.27684 1.56018
1 0.27684 1.56018
1 0.27684 1.56018
1 0.27684 1.56018
1 0.27684 1.56018
1 0.27684 1.56018
1 0.27684 1.56018
1 0.27684 1.56018
1 0.27684 1.56018
1 0.27684 1.56018
1 0.27684 1.56018
1 0.27684 1.56018
1 0.27684 1.56018
1 0.27684 1.56018
1 0.27684 1.56018
1 0.27684 1.56018
1 0.27684 1.56018
1 0.27684 1.56018
1 0.27684 1.56018
1 0.27684 1.56018
1 0.27684 1.56018
1 0.27684 1.56018
1 0.27684 1.56018
1 0.27684 1.56018
1 0.27684 1.56018
1 0.27684 1.56018
1 0.27684 1.56018
1 0.27684 1.56018
1 0.27684 1.56018
1 0.27684 1.56018
1 0.27684 1.56018
1 0.27684 1.56018
1 0.27684 1.56018
1 0.27684 1.56018
1 0.27684 1.56018
1 0.27684 1.56018
1 0.27684 1.56018
1 0.27684 1.56018
1 0.27684 1.56018
1 0.27684 1.56018
1 0.27684 1.56018
2 1.76882 -9.33713
2 1.76882 -9.33713
2 1.76882 -9.33713
2 1.76882 -9.33713
2 1.76882 -9.33713
2 1.76882 -9.33713
2 1.76882 -9.33713
2 1.76882 -9.33713
2 1.76882 -9.33713
2 1.76882 -9.33713
2 1.76882 -9.33713
2 1.76882 -9.33713
2 1.76882 -9.33713
2 1.76882 -9.33713
2 1.76882 -9.33713
2 1.76882 -9.33713
2 1.76882 -9.33713
2 1.76882 -9.33713
2 1.76882 -9.33713
2 1.76882 -9.33713
2 1.76882 -9.33713
2 1.76882 -9.33713
2 1.76882 -9.33713
2 1.76882 -9.33713
2 1.76882 -9.33713
2 1.76882 -9.33713
2 1.76882 -9.33713
2 1.76882 -9.33713
2 1.76882 -9.33713
2 1.76882 -9.33713
2 1.76882 -9.33713
2 1.76882 -9.33713
2 1.76882 -9.33713
2 1.76882 -9.33713
2 1.76882 -9.33713
2 1.76882 -9.33713
2 1.76882 -9.33713
2 1.76882 -9.33713
2 1.76882 -9.33713
2 1.76882 -9.33713
2 1.76882 -9.33713
2 1.76882 -9.33713
2 1.76882 -9.33713
2 1.76882 -9.33713
2 1.76882 -9.33713
2 1.76882 -9.33713
2 1.76472 -9.30231
2 1.7608 -9.2688
2 1.75702 -9.23646
2 1.75337 -9.20519
2 1.74985 -9.17496
2 1.74646 -9.14577
2 1.74329 -9.1183
2 1.74022 -9.0916
2 1.73726 -9.06584
2 1.73726 -9.06584
2 1.73726 -9.06584
2 1.73726 -9.06584
2 1.73726 -9.06584
2 1.73726 -9.06584
2 1.73726 -9.06584
2 1.73726 -9.06584
2 1.73726 -9.06584
2 1.73726 -9.06584
2 1.73726 -9.06584
2 1.73726 -9.06584
2 1.73726 -9.06584
2 1.73726 -9.06584
2 1.73726 -9.06584
2 1.73726 -9.06584
2 1.73726 -9.06584
2 1.73726 -9.06584
2 1.73726 -9.06584
2 1.73726 -9.06584
2 1.73726 -9.06584
2 1.73441 -9.04096
2 1.73262 -9.02437
2 1.73089 -9.00826
2 1.72926 -8.993
2 1.72774 -8.97851
2 1.7263 -8.96475
2 1.72502 -8.95217
2 1.72378 -8.93996
2 1.7227 -8.92892
2 1.72173 -8.91867
2 1.72078 -8.90868
2 1.71987 -8.89904
2 1.71905 -8.89007
2 1.71831 -8.88171
2 1.71761 -8.87372
2 1.71696 -8.86613
2 1.71642 -8.85928
2 1.71589 -8.85268
2 1.71543 -8.84653
2 1.715 -8.8407
2 1.7146 -8.83509
2 1.71429 -8.8302
2 1.71407 -8.82592
2 1.7139 -8.82204
2 1.71374 -8.81833
2 1.71362 -8.81486
2 1.71363 -8.81236
2 1.71373 -8.81055
2 1.71388 -8.80912
2 1.71402 -8.80763
2 1.71412 -8.80595
2 1.71422 -8.80427
2 1.71438 -8.8031
2 1.71457 -8.80215
2 1.71478 -8.8013
2 1.715 -8.80063
2 1.71535 -8.80089
2 1.7157 -8.80119
2 1.71602 -8.80125
2 1.71637 -8.80167
2 1.71675 -8.80223
2 1.71717 -8.80312
2 1.71767 -8.80465
2 1.71823 -8.80657
2 1.71881 -8.80865
2 1.71936 -8.81061
2 1.71991 -8.81258
2 1.72051 -8.81492
2 1.72117 -8.81767
2 1.72179 -8.82019
2 1.72242 -8.82284
2 1.7231 -8.82585
2 1.72383 -8.82916
2 1.72458 -8.8326
2 1.72535 -8.83624
2 1.72612 -8.83988
2 1.72612 -8.83988
2 1.72612 -8.83988
2 1.72612 -8.83988
2 1.72612 -8.83988
2 1.72612 -8.83988
2 1.72612 -8.83988
2 1.72612 -8.83988
2 1.72612 -8.83988
2 1.72612 -8.83988
2 1.72612 -8.83988
2 1.72612 -8.83988
2 1.72612 -8.83988
2 1.72612 -8.83988
2 1.72612 -8.83988
2 1.72612 -8.83988
2 1.72612 -8.83988
2 1.72612 -8.83988
2 1.72612 -8.83988
2 1.72612 -8.83988
2 1.72612 -8.83988
2 1.72612 -8.83988
2 1.72612 -8.83988
2 1.72612 -8.83988
2 1.72612 -8.83988
2 1.72612 -8.83988
2 1.72612 -8.83988
2 1.72612 -8.83988
2 1.72612 -8.83988
2 1.72612 -8.83988
2 1.72612 -8.83988
2 1.72612 -8.83988
2 1.72612 -8.83988
2 1.72612 -8.83988
2 1.72612 -8.83988
2 1.72612 -8.83988
2 1.72612 -8.83988
2 1.72612 -8.83988
2 1.72612 -8.83988
2 1.72612 -8.83988
2 1.72612 -8.83988
2 1.72612 -8.83988
2 1.72612 -8.83988
2 1.72612 -8.83988
2 1.72612 -8.83988
2 1.72612 -8.83988
2 1.72612 -8.83988
2 1.72612 -8.83988
2 1.72612 -8.83988
2 1.72612 -8.83988
2 1.72612 -8.83988
2 1.72612 -8.83988
2 1.72612 -8.83988
2 1.72612 -8.83988
2 1.72612 -8.83988
2 1.72612 -8.83988
2 1.72612 -8.83988
2 1.72612 -8.83988
2 1.72612 -8.83988
2 1.72612 -8.83988
2 1.72612 -8.83988
2 1.72612 -8.83988
2 1.72612 -8.83988
2 1.72612 -8.83988
2 1.72612 -8.83988
2 1.72612 -8.83988
2 1.72612 -8.83988
3 -1.20069 20.2283
3 -1.20069 20.2283
3 -1.20069 20.2283
3 -1.20069 20.2283
3 -1.20069 20.2283
3 -1.20069 20.2283
3 -1.20069 20.2283
3 -1.20069 20.2283
3 -1.20069 20.2283
3 -1.20069 20.2283
3 -1.20069 20.2283
3 -1.20069 20.2283
3 -1.20069 20.2283
3 -1.20069 20.2283
3 -1.20069 20.2283
3 -1.20069 20.2283
3 -1.20069 20.2283
3 -1.20069 20.2283
3 -1.20069 20.2283
3 -1.20069 20.2283
3 -1.20069 20.2283
3 -1.20069 20.2283
3 -1.20069 20.2283
3 -1.20069 20.2283
3 -1.20069 20.2283
3 -1.20069 20.2283
3 -1.20069 20.2283
3 -1.20069 20.2283
3 -1.20069 20.2283
3 -1.20069 20.2283
3 -1.20069 20.2283
3 -1.20069 20.2283
3 -1.20069 20.2283
3 -1.20069 20.2283
3 -1.20069 20.2283
3 -1.20069 20.2283
3 -1.20069 20.2283
3 -1.20069 20.2283
3 -1.20323 20.2486
3 -1.20564 20.2677
3 -1.2079 20.2857
3 -1.20994 20.3016
3 -1.21191 20.317
3 -1.21369 20.3307
3 -1.21535 20.3435
3 -1.21692 20.3555
3 -1.21836 20.3663
3 -1.21836 20.3663
3 -1.21836 20.3663
3 -1.21968 20.3762
3 -1.2208 20.3843
3 -1.22185 20.3919
3 -1.2228 20.3986
3 -1.22365 20.4045
3 -1.22444 20.4098
3 -1.22516 20.4146
3 -1.2258 20.4187
3 -1.22639 20.4224
3 -1.2269 20.4255
3 -1.22739 20.4284
3 -1.22781 20.4307
3 -1.2282 20.4328
3 -1.22856 20.4347
3 -1.22891 20.4365
3 -1.2292 20.4379
3 -1.22944 20.4388
3 -1.22963 20.4393
3 -1.22979 20.4395
3 -1.22993 20.4397
3 -1.23005 20.4396
3 -1.23016 20.4394
3 -1.23018 20.4386
3 -1.23016 20.4373
3 -1.2301 20.4357
3 -1.2301 20.4357
3 -1.2301 20.4357
3 -1.2301 20.4357
3 -1.2301 20.4357
3 -1.2301 20.4357
3 -1.2301 20.4357
3 -1.2301 20.4357
3 -1.2301 20.4357
3 -1.2301 20.4357
3 -1.2301 20.4357
3 -1.2301 20.4357
3 -1.2301 20.4357
3 -1.2301 20.4357
3 -1.2301 20.4357
3 -1.2301 20.4357
3 -1.2301 20.4357
3 -1.2301 20.4357
3 -1.2301 20.4357
3 -1.2301 20.4357
3 -1.2301 20.4357
3 -1.2301 20.4357
3 -1.2301 20.4357
3 -1.2301 20.4357
3 -1.2301 20.4357
3 -1.2301 20.4357
3 -1.2301 20.4357
3 -1.2301 20.4357
3 -1.2301 20.4357
3 -1.2301 20.4357
3 -1.2301 20.4357
3 -1.2301 20.4357
3 -1.2301 20.4357
3 -1.2301 20.4357
3 -1.2301 20.4357
3 -1.2301 20.4357
3 -1.2301 20.4357
3 -1.2301 20.4357
3 -1.2301 20.4357
3 -1.2301 20.4357
3 -1.2301 20.4357
3 -1.2301 20.4357
3 -1.2301 20.4357
3 -1.2301 20.4357
3 -1.2301 20.4357
3 -1.2301 20.4357
3 -1.2301 20.4357
3 -1.2301 20.4357
3 -1.2301 20.4357
3 -1.2301 20.4357
3 -1.2301 20.4357
3 -1.2301 20.4357
3 -1.2301 20.4357
3 -1.2301 20.4357
3 -1.2301 20.4357
3 -1.2301 20.4357
3 -1.2301 20.4357
3 -1.2301 20.4357
3 -1.2301 20.4357
3 -1.2301 20.4357
3 -1.2301 20.4357
3 -1.2301 20.4357
3 -1.2301 20.4357
3 -1.2301 20.4357
3 -1.2301 20.4357
3 -1.2301 20.4357
3 -1.2301 20.4357
3 -1.2301 20.4357
3 -1.2301 20.4357
3 -1.2301 20.4357
3 -1.2301 20.4357
3 -1.2301 20.4357
3 -1.2301 20.4357
3 -1.2301 20.4357
3 -1.2301 20.4357
3 -1.2301 20.4357
3 -1.2301 20.4357
3 -1.2301 20.4357
3 -1.2301 20.4357
3 -1.2301 20.4357
3 -1.2301 20.4357
3 -1.2301 20.4357
3 -1.2301 20.4357
3 -1.2301 20.4357
3 -1.2301 20.4357
3 -1.2301 20.4357
3 -1.2301 20.4357
3 -1.2301 20.4357
3 -1.2301 20.4357
3 -1.2301 20.4357
3 -1.2301 20.4357
3 -1.2301 20.4357
3 -1.2301 20.4357
3 -1.2301 20.4357
3 -1.2301 20.4357
3 -1.2301 20.4357
3 -1.2301 20.4357
3 -1.2301 20.4357
3 -1.2301 20.4357
3 -1.2301 20.4357
3 -1.2301 20.4357
3 -1.2301 20.4357
3 -1.2301 20.4357
3 -1.2301 20.4357
3 -1.2301 20.4357
3 -1.2301 20.4357
4 0.0563694 12.4774
4 0.0569601 12.4747
4 0.0575429 12.472
4 0.0581187 12.4694
4 0.0586915 12.4669
4 0.0592706 12.4643
4 0.0598559 12.4618
4 0.0604402 12.4592
4 0.0610281 12.4567
4 0.0616012 12.4543
4 0.0621785 12.4519
4 0.0627665 12.4494
4 0.0633587 12.447
4 0.063953 12.4445
4 0.0645488 12.4421
4 0.0651447 12.4396
4 0.0657441 12.4372
4 0.066342 12.4348
4 0.0669283 12.4324
4 0.0675016 12.4301
4 0.0680716 12.4278
4 0.0686421 12.4255
4 0.0692055 12.4233
4 0.0697656 12.4211
4 0.0703276 12.4188
4 0.0708881 12.4166
4 0.0714485 12.4144
4 0.0720003 12.4123
4 0.0725431 12.4101
4 0.0730793 12.408
4 0.0736133 12.4059
4 0.0741467 12.4039
4 0.0746792 12.4018
4 0.0752265 12.3997
4 0.0757715 12.3975
4 0.0763176 12.3954
4 0.0768563 12.3933
4 0.0773939 12.3913
4 0.0779362 12.3892
4 0.0784722 12.3871
4 0.0789976 12.3851
4 0.0795152 12.3831
4 0.0800297 12.3811
4 0.0805388 12.3792
4 0.0810449 12.3773
4 0.0815457 12.3754
4 0.0820419 12.3735
4 0.0825369 12.3716
4 0.0830384 12.3697
4 0.0835342 12.3679
4 0.0840222 12.3661
4 0.0845053 12.3643
4 0.0849921 12.3625
4 0.0854805 12.3606
4 0.0859684 12.3589
4 0.086504 12.3569
4 0.0870414 12.355
4 0.0875778 12.353
4 0.0881101 12.3511
4 0.0886356 12.3492
4 0.0891522 12.3474
4 0.0896585 12.3456
4 0.0901551 12.3438
4 0.0906458 12.342
4 0.0911274 12.3403
4 0.0916033 12.3387
4 0.0920756 12.337
4 0.09256 12.3353
4 0.0930424 12.3337
4 0.0935361 12.332
4 0.0940247 12.3303
4 0.0945136 12.3286
4 0.0949907 12.327
4 0.0954668 12.3254
4 0.0959395 12.3238
4 0.0964133 12.3222
4 0.0968887 12.3206
4 0.0973632 12.319
4 0.0978308 12.3175
4 0.0982914 12.316
4 0.0987536 12.3144
4 0.0992166 12.3129
4 0.0996718 12.3115
4 0.100119 12.31
4 0.100563 12.3086
4 0.101005 12.3072
4 0.10144 12.3058
4 0.101869 12.3045
4 0.102297 12.3031
4 0.102714 12.3018
4 0.103128 12.3005
4 0.103538 12.2992
4 0.103928 12.298
4 0.104309 12.2968
4 0.104681 12.2957
4 0.105044 12.2946
4 0.105407 12.2934
4 0.105766 12.2923
4 0.106119 12.2912
4 0.106469 12.2902
4 0.106814 12.2891
4 0.107154 12.2881
4 0.107489 12.287
4 0.107821 12.286
4 0.108151 12.285
4 0.108479 12.284
4 0.108795 12.2831
4 0.109104 12.2822
4 0.109412 12.2812
4 0.109719 12.2803
4 0.110027 12.2794
4 0.110338 12.2785
4 0.110652 12.2776
4 0.110972 12.2767
4 0.111295 12.2758
4 0.111616 12.2748
4 0.111939 12.2739
4 0.112268 12.273
4 0.112605 12.2721
4 0.11295 12.2712
4 0.1133 12.2703
4 0.113654 12.2693
4 0.114009 12.2684
4 0.114361 12.2675
4 0.114713 12.2666
4 0.115063 12.2657
4 0.115407 12.2648
4 0.115747 12.264
4 0.11608 12.2631
4 0.11641 12.2623
4 0.11674 12.2615
4 0.117063 12.2607
4 0.117391 12.2599
4 0.117723 12.2591
4 0.118059 12.2583
4 0.118394 12.2575
4 0.118733 12.2567
4 0.119071 12.2559
4 0.119407 12.2552
4 0.119745 12.2544
4 0.120082 12.2537
4 0.120416 12.2529
4 0.120746 12.2522
4 0.121073 12.2515
4 0.121395 12.2508
4 0.12171 12.2502
4 0.122023 12.2495
4 0.122329 12.2489
4 0.122624 12.2483
4 0.122914 12.2477
4 0.123201 12.2471
4 0.123486 12.2465
4 0.123767 12.246
4 0.124046 12.2454
4 0.124327 12.2449
