1 0.00872685 2.29571
1 0.0106465 2.23106
1 0.0118108 2.22995
1 0.0122327 2.22979
1 0.0130359 2.22982
1 0.0137702 2.22996
1 0.0139524 2.23017
1 0.0142156 2.23035
1 0.0146987 2.2305
1 0.0153599 2.23064
1 0.0160242 2.23078
1 0.0166179 2.23093
1 0.0171826 2.23107
1 0.0177349 2.23119
1 0.019295 2.23155
1 0.0207829 2.23185
1 0.0220894 2.23207
1 0.023288 2.23219
1 0.0244576 2.23227
1 0.0255027 2.23231
1 0.0263469 2.23232
1 0.0271874 2.2328
1 0.0279386 2.23323
1 0.0289001 2.23345
1 0.0298461 2.23362
1 0.0307282 2.23372
1 0.0315103 2.23376
1 0.0322132 2.23374
1 0.0329096 2.23368
1 0.0335448 2.2336
1 0.0340926 2.2335
1 0.0345953 2.23339
1 0.0350275 2.23327
1 0.0354072 2.23317
1 0.0357617 2.23307
1 0.0361383 2.23297
1 0.0364841 2.23287
1 0.0367477 2.23279
1 0.0370389 2.2327
1 0.0373448 2.23261
1 0.037683 2.23251
1 0.037996 2.23242
1 0.0383049 2.23232
1 0.0386099 2.23223
1 0.0389032 2.23215
1 0.0392063 2.23207
1 0.0395474 2.23199
1 0.0398876 2.23192
1 0.0402151 2.23185
1 0.0405293 2.23178
1 0.0407995 2.23169
1 0.0410812 2.23159
1 0.0413885 2.23149
1 0.0417037 2.23138
1 0.0419977 2.23126
1 0.0423015 2.23113
1 0.0425836 2.23099
1 0.0428636 2.23085
1 0.0431607 2.2307
1 0.0434341 2.23052
1 0.0436924 2.23035
1 0.043898 2.23017
1 0.0441217 2.22998
1 0.0443695 2.22978
1 0.0446035 2.22958
1 0.0448481 2.22939
1 0.045081 2.22919
1 0.0452804 2.22901
1 0.0454461 2.22883
1 0.0458221 2.22845
1 0.0461846 2.22808
1 0.0465132 2.22772
1 0.0468077 2.22737
1 0.0470803 2.22702
1 0.0473116 2.22668
1 0.0475131 2.22635
1 0.0476971 2.22603
1 0.047867 2.22573
1 0.0480086 2.22544
1 0.0481152 2.22518
1 0.0482071 2.22493
1 0.0482908 2.22471
1 0.0484244 2.22445
1 0.0485621 2.22421
1 0.048667 2.22399
1 0.0487349 2.2238
1 0.0487855 2.22362
1 0.0488309 2.22346
1 0.0488855 2.22332
1 0.0489369 2.22318
1 0.0489757 2.22306
1 0.0490215 2.22295
1 0.0490641 2.22285
1 0.0490819 2.22276
1 0.0490959 2.22268
1 0.0491112 2.22259
1 0.0491114 2.22252
1 0.0491126 2.22244
1 0.0491035 2.22236
1 0.0490888 2.22228
1 0.049064 2.22219
1 0.049033 2.2221
1 0.048925 2.22204
1 0.0488069 2.22196
1 0.0486773 2.22188
1 0.0485715 2.22179
1 0.0484756 2.22168
1 0.0483482 2.22159
1 0.0482015 2.22149
1 0.048045 2.2214
1 0.0478799 2.22131
1 0.0477012 2.22122
1 0.0475092 2.22114
1 0.0473158 2.22106
1 0.04713 2.22099
1 0.0469618 2.22091
1 0.0467428 2.22087
1 0.0465096 2.22083
1 0.0462755 2.2208
1 0.0460399 2.22075
1 0.0458047 2.22071
1 0.045572 2.22066
1 0.0453535 2.2206
1 0.0451455 2.22054
1 0.0449424 2.22048
1 0.0447475 2.22041
1 0.0445662 2.22034
1 0.0443872 2.22027
1 0.0442014 2.2202
1 0.044019 2.22012
1 0.0438248 2.22005
1 0.0436201 2.21998
1 0.0434173 2.21991
1 0.0432242 2.21984
1 0.0430384 2.21977
1 0.0428229 2.21969
1 0.0426136 2.21962
1 0.042409 2.21955
1 0.0422047 2.21947
1 0.0419917 2.2194
1 0.0417971 2.21933
1 0.0416067 2.21925
1 0.0414236 2.21918
1 0.0412457 2.21911
1 0.0410638 2.21904
1 0.0408933 2.21897
1 0.0407261 2.21891
1 0.0405343 2.21886
1 0.0403486 2.2188
1 0.0401635 2.21876
1 0.0399687 2.21872
1 0.0397649 2.21868
1 0.0395609 2.21866
1 0.0393487 2.21864
1 0.0391277 2.21863
1 0.0388969 2.21863
1 0.0386658 2.21864
1 0.0384423 2.21866
1 0.0382499 2.21871
1 0.0380753 2.21876
1 0.0379112 2.21884
1 0.0377487 2.21892
1 0.0375845 2.21903
1 0.0374244 2.21916
1 0.0372742 2.21929
1 0.0371289 2.21944
1 0.0371289 2.21944
1 0.0371289 2.21944
1 0.0371289 2.21944
1 0.0371289 2.21944
1 0.0371289 2.21944
1 0.0371289 2.21944
1 0.0371289 2.21944
1 0.0371289 2.21944
1 0.0371289 2.21944
1 0.0371289 2.21944
1 0.0371289 2.21944
1 0.0371289 2.21944
1 0.0371289 2.21944
1 0.0371289 2.21944
1 0.0371289 2.21944
1 0.0371289 2.21944
1 0.0371289 2.21944
1 0.0371289 2.21944
1 0.0371289 2.21944
1 0.0371289 2.21944
1 0.0371289 2.21944
1 0.0371289 2.21944
1 0.0371289 2.21944
1 0.0371289 2.21944
1 0.0371289 2.21944
1 0.0371289 2.21944
1 0.0371289 2.21944
1 0.0371289 2.21944
1 0.0371289 2.21944
1 0.0371289 2.21944
1 0.0371289 2.21944
1 0.0371289 2.21944
1 0.0371289 2.21944
1 0.0371289 2.21944
1 0.0371289 2.21944
1 0.0371289 2.21944
1 0.0371289 2.21944
1 0.0371289 2.21944
1 0.0371289 2.21944
1 0.0371289 2.21944
1 0.0371289 2.21944
1 0.0371289 2.21944
1 0.0371289 2.21944
1 0.0371289 2.21944
1 0.0371289 2.21944
1 0.0371289 2.21944
1 0.0371289 2.21944
1 0.0371289 2.21944
1 0.0371289 2.21944
1 0.0371289 2.21944
1 0.0371289 2.21944
1 0.0371289 2.21944
1 0.0371289 2.21944
1 0.0371289 2.21944
1 0.0371289 2.21944
1 0.0371289 2.21944
1 0.0371289 2.21944
1 0.0371289 2.21944
1 0.0371289 2.21944
1 0.0371289 2.21944
1 0.0371289 2.21944
1 0.0371289 2.21944
1 0.0371289 2.21944
1 0.0371289 2.21944
1 0.0371289 2.21944
1 0.0371289 2.21944
1 0.0371289 2.21944
1 0.0371289 2.21944
1 0.0371289 2.21944
1 0.0371289 2.21944
1 0.0371289 2.21944
1 0.0371289 2.21944
1 0.0371289 2.21944
1 0.0371289 2.21944
1 0.0371289 2.21944
1 0.0371289 2.21944
1 0.0371289 2.21944
1 0.0371289 2.21944
1 0.0371289 2.21944
1 0.0371289 2.21944
1 0.0371289 2.21944
1 0.0371289 2.21944
1 0.0371289 2.21944
1 0.0371289 2.21944
1 0.0371289 2.21944
1 0.0369916 2.21959
1 0.0370152 2.22033
1 0.0370395 2.22106
1 0.037061 2.2218
1 0.0370872 2.22252
1 0.0371197 2.22323
1 0.0371535 2.22393
1 0.0371843 2.22463
1 0.0372162 2.22532
1 0.0372482 2.226
1 0.0372834 2.22667
1 0.0373083 2.22734
1 0.0373288 2.22802
1 0.037345 2.22869
1 0.037345 2.22869
1 0.037345 2.22869
1 0.037345 2.22869
1 0.037345 2.22869
1 0.037345 2.22869
1 0.037345 2.22869
1 0.037345 2.22869
1 0.037345 2.22869
1 0.037345 2.22869
1 0.037345 2.22869
1 0.037345 2.22869
1 0.037345 2.22869
1 0.037345 2.22869
1 0.037345 2.22869
1 0.037345 2.22869
1 0.037345 2.22869
1 0.037345 2.22869
1 0.037345 2.22869
1 0.037345 2.22869
1 0.037345 2.22869
1 0.037345 2.22869
1 0.037345 2.22869
1 0.037345 2.22869
1 0.037345 2.22869
1 0.037345 2.22869
1 0.037345 2.22869
1 0.037345 2.22869
1 0.037345 2.22869
1 0.037345 2.22869
1 0.037345 2.22869
1 0.037345 2.22869
1 0.037345 2.22869
1 0.037345 2.22869
1 0.037345 2.22869
1 0.037345 2.22869
1 0.037345 2.22869
1 0.037345 2.22869
1 0.037345 2.22869
1 0.037345 2.22869
1 0.037345 2.22869
1 0.037345 2.22869
1 0.037345 2.22869
1 0.037345 2.22869
1 0.037345 2.22869
1 0.037345 2.22869
1 0.037345 2.22869
1 0.037345 2.22869
1 0.037345 2.22869
1 0.037345 2.22869
1 0.037345 2.22869
1 0.037345 2.22869
1 0.037345 2.22869
1 0.037345 2.22869
1 0.037345 2.22869
1 0.037345 2.22869
1 0.037345 2.22869
1 0.037345 2.22869
1 0.037345 2.22869
1 0.037345 2.22869
1 0.037345 2.22869
1 0.037345 2.22869
1 0.037345 2.22869
1 0.037345 2.22869
1 0.037345 2.22869
1 0.037345 2.22869
1 0.037345 2.22869
1 0.037345 2.22869
1 0.037345 2.22869
1 0.037345 2.22869
1 0.037345 2.22869
1 0.037345 2.22869
1 0.037345 2.22869
1 0.037345 2.22869
1 0.037345 2.22869
1 0.037345 2.22869
1 0.037345 2.22869
1 0.037345 2.22869
1 0.037345 2.22869
1 0.037345 2.22869
1 0.037345 2.22869
1 0.037345 2.22869
1 0.037345 2.22869
1 0.037345 2.22869
1 0.037345 2.22869
1 0.037345 2.22869
1 0.037345 2.22869
1 0.037345 2.22869
1 0.037345 2.22869
1 0.037345 2.22869
1 0.037345 2.22869
1 0.037345 2.22869
1 0.037345 2.22869
1 0.037345 2.22869
1 0.037345 2.22869
1 0.037345 2.22869
1 0.037345 2.22869
1 0.037345 2.22869
1 0.037345 2.22869
1 0.037345 2.22869
1 0.037345 2.22869
1 0.037345 2.22869
1 0.037345 2.22869
1 0.037345 2.22869
1 0.037345 2.22869
1 0.037345 2.22869
1 0.037345 2.22869
1 0.037345 2.22869
1 0.037345 2.22869
1 0.037345 2.22869
1 0.037345 2.22869
1 0.037345 2.22869
1 0.037345 2.22869
1 0.037345 2.22869
1 0.037345 2.22869
1 0.037345 2.22869
1 0.037345 2.22869
1 0.037345 2.22869
1 0.037345 2.22869
1 0.037345 2.22869
1 0.037345 2.22869
1 0.037345 2.22869
1 0.037345 2.22869
1 0.037345 2.22869
1 0.037345 2.22869
1 0.037345 2.22869
1 0.037345 2.22869
1 0.037345 2.22869
1 0.037345 2.22869
1 0.037345 2.22869
1 0.037345 2.22869
1 0.037345 2.22869
1 0.037345 2.22869
1 0.037345 2.22869
1 0.037345 2.22869
1 0.037345 2.22869
1 0.037345 2.22869
1 0.037345 2.22869
1 0.037345 2.22869
1 0.037345 2.22869
1 0.037345 2.22869
1 0.037345 2.22869
1 0.037345 2.22869
1 0.037345 2.22869
1 0.037345 2.22869
1 0.037345 2.22869
1 0.037345 2.22869
1 0.037345 2.22869
1 0.037345 2.22869
1 0.037345 2.22869
1 0.037345 2.22869
1 0.037345 2.22869
1 0.037345 2.22869
1 0.037345 2.22869
1 0.037345 2.22869
1 0.037345 2.22869
1 0.037345 2.22869
1 0.037345 2.22869
1 0.037345 2.22869
1 0.037345 2.22869
1 0.037345 2.22869
1 0.037345 2.22869
1 0.037345 2.22869
1 0.037345 2.22869
1 0.037345 2.22869
1 0.037345 2.22869
1 0.037345 2.22869
1 0.037345 2.22869
1 0.037345 2.22869
1 0.037345 2.22869
1 0.037345 2.22869
1 0.037345 2.22869
1 0.037345 2.22869
1 0.037345 2.22869
1 0.037345 2.22869
1 0.037345 2.22869
1 0.037345 2.22869
1 0.037345 2.22869
2 1.76882 -9.33713
2 1.76882 -9.33713
2 1.76882 -9.33713
2 1.76882 -9.33713
2 1.76882 -9.33713
2 1.76882 -9.33713
2 1.76882 -9.33713
2 1.76882 -9.33713
2 1.76882 -9.33713
2 1.76882 -9.33713
2 1.76882 -9.33713
2 1.76882 -9.33713
2 1.76882 -9.33713
2 1.76882 -9.33713
2 1.76882 -9.33713
2 1.76882 -9.33713
2 1.76882 -9.33713
2 1.76882 -9.33713
2 1.76882 -9.33713
2 1.76882 -9.33713
2 1.76882 -9.33713
2 1.76882 -9.33713
2 1.76882 -9.33713
2 1.76882 -9.33713
2 1.76882 -9.33713
2 1.76882 -9.33713
2 1.76882 -9.33713
2 1.76882 -9.33713
2 1.76882 -9.33713
2 1.76882 -9.33713
2 1.76882 -9.33713
2 1.76882 -9.33713
2 1.76882 -9.33713
2 1.76882 -9.33713
2 1.76882 -9.33713
2 1.76882 -9.33713
2 1.76882 -9.33713
2 1.76882 -9.33713
2 1.76882 -9.33713
2 1.76882 -9.33713
2 1.76882 -9.33713
2 1.76882 -9.33713
2 1.76882 -9.33713
2 1.76882 -9.33713
2 1.76882 -9.33713
2 1.76882 -9.33713
2 1.76882 -9.33713
2 1.76882 -9.33713
2 1.76882 -9.33713
2 1.76882 -9.33713
2 1.76882 -9.33713
2 1.76882 -9.33713
2 1.76882 -9.33713
2 1.76882 -9.33713
2 1.76882 -9.33713
2 1.76882 -9.33713
2 1.76882 -9.33713
2 1.76882 -9.33713
2 1.76882 -9.33713
2 1.76882 -9.33713
2 1.76882 -9.33713
2 1.76882 -9.33713
2 1.76882 -9.33713
2 1.76882 -9.33713
2 1.76882 -9.33713
2 1.76882 -9.33713
2 1.76882 -9.33713
2 1.76632 -9.31806
2 1.76387 -9.29936
2 1.76155 -9.28158
2 1.75932 -9.26441
2 1.75711 -9.24741
2 1.75493 -9.23065
2 1.7528 -9.21431
2 1.75074 -9.19851
2 1.74877 -9.18325
2 1.74877 -9.18325
2 1.74877 -9.18325
2 1.74877 -9.18325
2 1.74877 -9.18325
2 1.74877 -9.18325
2 1.74877 -9.18325
2 1.74877 -9.18325
2 1.74877 -9.18325
2 1.74877 -9.18325
2 1.74877 -9.18325
2 1.74877 -9.18325
2 1.74877 -9.18325
2 1.74877 -9.18325
2 1.74877 -9.18325
2 1.74877 -9.18325
2 1.74877 -9.18325
2 1.74877 -9.18325
2 1.74877 -9.18325
2 1.74877 -9.18325
2 1.74877 -9.18325
2 1.74877 -9.18325
2 1.74877 -9.18325
2 1.74877 -9.18325
2 1.74877 -9.18325
2 1.74877 -9.18325
2 1.74877 -9.18325
2 1.74877 -9.18325
2 1.74877 -9.18325
2 1.74877 -9.18325
2 1.74877 -9.18325
2 1.74877 -9.18325
2 1.74877 -9.18325
2 1.74877 -9.18325
2 1.74877 -9.18325
2 1.74877 -9.18325
2 1.74877 -9.18325
2 1.74877 -9.18325
2 1.74877 -9.18325
2 1.74877 -9.18325
2 1.74877 -9.18325
2 1.74877 -9.18325
2 1.74877 -9.18325
2 1.74877 -9.18325
2 1.74877 -9.18325
2 1.74877 -9.18325
2 1.74877 -9.18325
2 1.74877 -9.18325
2 1.74877 -9.18325
2 1.74877 -9.18325
2 1.74877 -9.18325
2 1.74877 -9.18325
2 1.74877 -9.18325
2 1.74877 -9.18325
2 1.74877 -9.18325
2 1.74877 -9.18325
2 1.74877 -9.18325
2 1.74877 -9.18325
2 1.74877 -9.18325
2 1.74877 -9.18325
2 1.74877 -9.18325
2 1.74877 -9.18325
2 1.74877 -9.18325
2 1.74877 -9.18325
2 1.74877 -9.18325
2 1.74877 -9.18325
2 1.74877 -9.18325
2 1.74877 -9.18325
2 1.74877 -9.18325
2 1.74877 -9.18325
2 1.74877 -9.18325
2 1.74877 -9.18325
2 1.74877 -9.18325
2 1.74877 -9.18325
2 1.74877 -9.18325
2 1.74877 -9.18325
2 1.74877 -9.18325
2 1.74877 -9.18325
2 1.74877 -9.18325
2 1.74877 -9.18325
2 1.74877 -9.18325
2 1.74877 -9.18325
2 1.74877 -9.18325
2 1.74877 -9.18325
2 1.74877 -9.18325
2 1.74877 -9.18325
2 1.74877 -9.18325
2 1.74877 -9.18325
2 1.74877 -9.18325
2 1.74877 -9.18325
2 1.74877 -9.18325
2 1.74877 -9.18325
2 1.74877 -9.18325
2 1.74877 -9.18325
2 1.74877 -9.18325
2 1.74877 -9.18325
2 1.74877 -9.18325
2 1.74877 -9.18325
2 1.74877 -9.18325
2 1.74877 -9.18325
2 1.74877 -9.18325
2 1.74877 -9.18325
2 1.74877 -9.18325
2 1.74877 -9.18325
2 1.74877 -9.18325
2 1.74877 -9.18325
2 1.74877 -9.18325
2 1.74685 -9.16844
2 1.74582 -9.16292
2 1.74482 -9.15765
2 1.74381 -9.15228
2 1.74285 -9.14719
2 1.74192 -9.14244
2 1.74098 -9.13748
2 1.74002 -9.1323
2 1.73906 -9.12706
2 1.73815 -9.12224
2 1.73728 -9.11772
2 1.7364 -9.11308
2 1.73552 -9.10844
2 1.73468 -9.10402
2 1.73388 -9.09994
2 1.73306 -9.09566
2 1.73224 -9.09132
2 1.73143 -9.08702
2 1.73064 -9.0829
2 1.72989 -9.07904
2 1.72917 -9.07543
2 1.72848 -9.07208
2 1.7278 -9.06872
2 1.72711 -9.0653
2 1.72646 -9.06219
2 1.72582 -9.05916
2 1.72522 -9.05638
2 1.7246 -9.05349
2 1.72404 -9.05103
2 1.72352 -9.04886
2 1.72301 -9.04679
2 1.72249 -9.04464
2 1.72196 -9.04239
2 1.72146 -9.04032
2 1.72096 -9.03829
2 1.72046 -9.03623
2 1.71999 -9.03437
2 1.71954 -9.03267
2 1.71911 -9.03109
2 1.71868 -9.02951
2 1.71825 -9.02795
2 1.71785 -9.02659
2 1.71746 -9.02521
2 1.71704 -9.02363
2 1.71661 -9.02197
2 1.71621 -9.02049
2 1.71584 -9.01931
2 1.71546 -9.01793
2 1.71508 -9.01664
2 1.71469 -9.01518
2 1.7143 -9.01372
2 1.71393 -9.01239
2 1.71356 -9.01111
2 1.71318 -9.00963
2 1.71276 -9.00786
2 1.71232 -9.00593
2 1.7119 -9.00405
2 1.71146 -9.00206
2 1.71101 -8.99991
2 1.71057 -8.99785
2 1.71015 -8.99592
2 1.70972 -8.99393
2 1.70928 -8.99189
2 1.70887 -8.99001
2 1.70846 -8.98816
3 -1.20069 20.2283
3 -1.20069 20.2283
3 -1.20069 20.2283
3 -1.20069 20.2283
3 -1.20069 20.2283
3 -1.20069 20.2283
3 -1.20069 20.2283
3 -1.20069 20.2283
3 -1.20069 20.2283
3 -1.20069 20.2283
3 -1.20069 20.2283
3 -1.20069 20.2283
3 -1.20069 20.2283
3 -1.20069 20.2283
3 -1.20069 20.2283
3 -1.20069 20.2283
3 -1.20069 20.2283
3 -1.20069 20.2283
3 -1.20069 20.2283
3 -1.20069 20.2283
3 -1.20069 20.2283
3 -1.20069 20.2283
3 -1.20069 20.2283
3 -1.20069 20.2283
3 -1.20069 20.2283
3 -1.20069 20.2283
3 -1.20069 20.2283
3 -1.20069 20.2283
3 -1.20069 20.2283
3 -1.20069 20.2283
3 -1.20069 20.2283
3 -1.20069 20.2283
3 -1.20069 20.2283
3 -1.20069 20.2283
3 -1.20069 20.2283
3 -1.20069 20.2283
3 -1.20069 20.2283
3 -1.20069 20.2283
3 -1.20069 20.2283
3 -1.20069 20.2283
3 -1.20069 20.2283
3 -1.20069 20.2283
3 -1.20069 20.2283
3 -1.20069 20.2283
3 -1.20069 20.2283
3 -1.20069 20.2283
3 -1.20069 20.2283
3 -1.20224 20.2418
3 -1.20371 20.2547
3 -1.20513 20.267
3 -1.20648 20.2789
3 -1.20771 20.2895
3 -1.20884 20.2992
3 -1.20991 20.3084
3 -1.21094 20.3173
3 -1.21194 20.3259
3 -1.21194 20.3259
3 -1.21194 20.3259
3 -1.21194 20.3259
3 -1.21287 20.3339
3 -1.21358 20.3399
3 -1.21422 20.3452
3 -1.2148 20.35
3 -1.2153 20.354
3 -1.21575 20.3575
3 -1.21617 20.3608
3 -1.21654 20.3637
3 -1.21686 20.3661
3 -1.21714 20.3681
3 -1.21739 20.3699
3 -1.21762 20.3714
3 -1.21783 20.3728
3 -1.21799 20.3738
3 -1.2181 20.3743
3 -1.21817 20.3744
3 -1.2182 20.3741
3 -1.2182 20.3736
3 -1.21817 20.3728
3 -1.21812 20.3718
3 -1.21807 20.3708
3 -1.21799 20.3695
3 -1.21789 20.3681
3 -1.21777 20.3664
3 -1.21762 20.3645
3 -1.21744 20.3623
3 -1.21724 20.3599
3 -1.21705 20.3576
3 -1.21683 20.3551
3 -1.21659 20.3523
3 -1.21632 20.3493
3 -1.21604 20.3462
3 -1.21575 20.343
3 -1.21546 20.3398
3 -1.21516 20.3366
3 -1.21484 20.3331
3 -1.21449 20.3294
3 -1.21415 20.3257
3 -1.21377 20.3217
3 -1.21338 20.3176
3 -1.213 20.3136
3 -1.21261 20.3095
3 -1.21222 20.3054
3 -1.21184 20.3013
3 -1.21144 20.2972
3 -1.21105 20.2931
3 -1.21067 20.2891
3 -1.21028 20.285
3 -1.20988 20.2809
3 -1.20947 20.2766
3 -1.20905 20.2722
3 -1.20863 20.2679
3 -1.20822 20.2636
3 -1.20781 20.2593
3 -1.20738 20.2548
3 -1.20694 20.2503
3 -1.20649 20.2456
3 -1.20603 20.2408
3 -1.20557 20.2361
3 -1.20511 20.2313
3 -1.20465 20.2266
3 -1.20419 20.2217
3 -1.20372 20.2169
3 -1.20325 20.2121
3 -1.20279 20.2072
3 -1.2023 20.2023
3 -1.20181 20.1972
3 -1.20131 20.192
3 -1.20081 20.1869
3 -1.20032 20.1818
3 -1.19983 20.1768
3 -1.19935 20.1719
3 -1.19888 20.1669
3 -1.1984 20.162
3 -1.19791 20.157
3 -1.19743 20.152
3 -1.19693 20.1469
3 -1.19643 20.1417
3 -1.1959 20.1362
3 -1.19538 20.1309
3 -1.19485 20.1255
3 -1.19432 20.12
3 -1.19378 20.1145
3 -1.19324 20.1089
3 -1.19268 20.1032
3 -1.19268 20.1032
3 -1.19268 20.1032
3 -1.19268 20.1032
3 -1.19268 20.1032
3 -1.19268 20.1032
3 -1.19268 20.1032
3 -1.19268 20.1032
3 -1.19268 20.1032
3 -1.19268 20.1032
3 -1.19268 20.1032
3 -1.19268 20.1032
3 -1.19268 20.1032
3 -1.19268 20.1032
3 -1.19268 20.1032
3 -1.19268 20.1032
3 -1.19268 20.1032
3 -1.19213 20.0976
3 -1.19159 20.092
3 -1.19106 20.0865
3 -1.19053 20.081
3 -1.19001 20.0756
3 -1.1895 20.0703
3 -1.1895 20.0703
3 -1.1895 20.0703
3 -1.1895 20.0703
3 -1.1895 20.0703
3 -1.1895 20.0703
3 -1.1895 20.0703
3 -1.1895 20.0703
3 -1.1895 20.0703
3 -1.1895 20.0703
3 -1.1895 20.0703
3 -1.1895 20.0703
3 -1.1895 20.0703
3 -1.1895 20.0703
3 -1.1895 20.0703
3 -1.1895 20.0703
3 -1.1895 20.0703
3 -1.1895 20.0703
3 -1.1895 20.0703
3 -1.1895 20.0703
3 -1.1895 20.0703
3 -1.1895 20.0703
3 -1.1895 20.0703
3 -1.1895 20.0703
3 -1.1895 20.0703
3 -1.1895 20.0703
3 -1.1895 20.0703
3 -1.1895 20.0703
3 -1.1895 20.0703
3 -1.1895 20.0703
3 -1.1895 20.0703
3 -1.1895 20.0703
3 -1.1895 20.0703
3 -1.1895 20.0703
3 -1.1895 20.0703
3 -1.1895 20.0703
3 -1.1895 20.0703
3 -1.1895 20.0703
3 -1.1895 20.0703
3 -1.1895 20.0703
3 -1.1895 20.0703
3 -1.1895 20.0703
3 -1.1895 20.0703
3 -1.1895 20.0703
3 -1.1895 20.0703
3 -1.1895 20.0703
3 -1.1895 20.0703
3 -1.1895 20.0703
3 -1.1895 20.0703
3 -1.1895 20.0703
3 -1.1895 20.0703
3 -1.1895 20.0703
3 -1.1895 20.0703
3 -1.1895 20.0703
3 -1.1895 20.0703
3 -1.1895 20.0703
3 -1.1895 20.0703
3 -1.1895 20.0703
3 -1.1895 20.0703
3 -1.1895 20.0703
3 -1.1895 20.0703
3 -1.1895 20.0703
3 -1.1895 20.0703
3 -1.1895 20.0703
3 -1.1895 20.0703
3 -1.1895 20.0703
3 -1.1895 20.0703
3 -1.1895 20.0703
3 -1.1895 20.0703
3 -1.1895 20.0703
3 -1.1895 20.0703
3 -1.1895 20.0703
3 -1.1895 20.0703
3 -1.1895 20.0703
3 -1.1895 20.0703
3 -1.1895 20.0703
3 -1.1895 20.0703
3 -1.1895 20.0703
3 -1.1895 20.0703
3 -1.1895 20.0703
3 -1.1895 20.0703
3 -1.1895 20.0703
3 -1.1895 20.0703
3 -1.1895 20.0703
3 -1.1895 20.0703
3 -1.1895 20.0703
3 -1.1895 20.0703
3 -1.1895 20.0703
3 -1.1895 20.0703
3 -1.1895 20.0703
3 -1.1895 20.0703
3 -1.1895 20.0703
3 -1.1895 20.0703
3 -1.1895 20.0703
4 0.0563694 12.4774
4 0.0563694 12.4774
4 0.0563694 12.4774
4 0.0563694 12.4774
4 0.0563694 12.4774
4 0.0563694 12.4774
4 0.0563694 12.4774
4 0.0563694 12.4774
4 0.0563694 12.4774
4 0.0563694 12.4774
4 0.0563694 12.4774
4 0.0563694 12.4774
4 0.0563694 12.4774
4 0.0563694 12.4774
4 0.0563694 12.4774
4 0.0563694 12.4774
4 0.0563694 12.4774
4 0.0563694 12.4774
4 0.0563694 12.4774
4 0.0563694 12.4774
4 0.0563694 12.4774
4 0.0563694 12.4774
4 0.0563694 12.4774
4 0.0563694 12.4774
4 0.0563694 12.4774
4 0.0563694 12.4774
4 0.0563694 12.4774
4 0.0563694 12.4774
4 0.0563694 12.4774
4 0.0563694 12.4774
4 0.0563694 12.4774
4 0.0563694 12.4774
4 0.0563694 12.4774
4 0.0563694 12.4774
4 0.0563694 12.4774
4 0.0563694 12.4774
4 0.0563694 12.4774
4 0.0563694 12.4774
4 0.0563694 12.4774
4 0.0563694 12.4774
4 0.0563694 12.4774
4 0.0563694 12.4774
4 0.0563694 12.4774
4 0.0563694 12.4774
4 0.0563694 12.4774
4 0.0563694 12.4774
4 0.0563694 12.4774
4 0.0563694 12.4774
4 0.0563694 12.4774
4 0.0563694 12.4774
4 0.0563694 12.4774
4 0.0563694 12.4774
4 0.0563694 12.4774
4 0.0563694 12.4774
4 0.0563694 12.4774
4 0.0563694 12.4774
4 0.0563694 12.4774
4 0.0563694 12.4774
4 0.0563694 12.4774
4 0.0563694 12.4774
4 0.0563694 12.4774
4 0.0563694 12.4774
4 0.0563694 12.4774
4 0.0563694 12.4774
4 0.0563694 12.4774
4 0.0563694 12.4774
4 0.0563694 12.4774
4 0.0563694 12.4774
4 0.0563694 12.4774
4 0.0563694 12.4774
4 0.0563694 12.4774
4 0.0563694 12.4774
4 0.0563694 12.4774
4 0.0563694 12.4774
4 0.0563694 12.4774
4 0.0563694 12.4774
4 0.0563694 12.4774
4 0.0563694 12.4774
4 0.0563694 12.4774
4 0.0563694 12.4774
4 0.0563694 12.4774
4 0.0563694 12.4774
4 0.0563694 12.4774
4 0.0563694 12.4774
4 0.0563694 12.4774
4 0.0563694 12.4774
4 0.0563694 12.4774
4 0.0563694 12.4774
4 0.0563694 12.4774
4 0.0563694 12.4774
4 0.0563694 12.4774
4 0.0563694 12.4774
4 0.0563694 12.4774
4 0.0563694 12.4774
4 0.0563694 12.4774
4 0.0563694 12.4774
4 0.0563694 12.4774
4 0.0563694 12.4774
4 0.0563694 12.4774
4 0.0563694 12.4774
4 0.0563694 12.4774
4 0.0563694 12.4774
4 0.0563694 12.4774
4 0.0563694 12.4774
4 0.0563694 12.4774
4 0.056665 12.4763
4 0.056962 12.4753
4 0.0572574 12.4743
4 0.0575458 12.4733
4 0.0578255 12.4724
4 0.0581052 12.4714
4 0.0583751 12.4705
4 0.0586473 12.4696
4 0.0589187 12.4687
4 0.0591898 12.4678
4 0.0594613 12.4669
4 0.0597316 12.466
4 0.0599991 12.4651
4 0.0602614 12.4643
4 0.0605194 12.4634
4 0.0607753 12.4626
4 0.0610319 12.4617
4 0.0612903 12.4609
4 0.0615523 12.4601
4 0.0618158 12.4592
4 0.0620786 12.4584
4 0.0623378 12.4575
4 0.0625982 12.4567
4 0.0628601 12.4558
4 0.0631197 12.455
4 0.0633718 12.4542
4 0.0636192 12.4534
4 0.0638687 12.4526
4 0.06411 12.4519
4 0.0643549 12.4511
4 0.0645951 12.4504
4 0.0648326 12.4496
4 0.0650703 12.4489
4 0.0653106 12.4481
4 0.0655512 12.4474
4 0.0657884 12.4467
4 0.0660224 12.446
4 0.0662596 12.4452
4 0.0664981 12.4445
4 0.0667397 12.4438
4 0.0669764 12.4431
4 0.0672145 12.4424
4 0.0674511 12.4417
4 0.0676862 12.441
4 0.0679191 12.4403
4 0.0681475 12.4396
4 0.0683657 12.439
4 0.0685825 12.4384
4 0.0687959 12.4378
4 0.0690037 12.4372
4 0.0692091 12.4366
4 0.0694174 12.436
4 0.069628 12.4354
4 0.0698432 12.4348
4 0.0700642 12.4342
4 0.0702838 12.4336
4 0.0705033 12.433
4 0.0707243 12.4324
4 0.070943 12.4318
4 0.0711591 12.4312
4 0.0713783 12.4306
4 0.0715967 12.43
4 0.0718167 12.4295
4 0.0720309 12.4289
4 0.0722433 12.4284
4 0.0724577 12.4277
4 0.0726745 12.4271
4 0.0728884 12.4265
4 0.0730991 12.4259
4 0.0733081 12.4252
4 0.0735172 12.4247
4 0.0737202 12.4241
4 0.0739266 12.4235
4 0.0741268 12.4229
4 0.0743252 12.4224
4 0.0745212 12.4218
4 0.0747125 12.4213
4 0.0748964 12.4207
4 0.0750733 12.4202
4 0.0752457 12.4198
4 0.075414 12.4193
4 0.0755789 12.4188
4 0.075744 12.4183
4 0.0759076 12.4179
4 0.0760688 12.4174
4 0.0762261 12.417
4 0.0763804 12.4165
4 0.0765318 12.4161
4 0.0766823 12.4156
4 0.07683 12.4152
4 0.0769723 12.4148
4 0.0771083 12.4144
4 0.0772428 12.414
4 0.077377 12.4136
4 0.0775109 12.4132
4 0.077648 12.4128
4 0.0777869 12.4124
4 0.077916 12.412
4 0.0780593 12.4116
4 0.0782012 12.4112
4 0.0783397 12.4108
4 0.0784774 12.4104
4 0.0786166 12.41
4 0.078758 12.4096
4 0.0789037 12.4092
4 0.0790534 12.4088
4 0.0792034 12.4083
4 0.0793554 12.4079
4 0.0795038 12.4074
4 0.0796528 12.4069
