1 0.00872685 2.29571
1 0.279025 1.53444
1 0.283813 1.51667
1 0.285115 1.51131
1 0.283951 1.51128
1 0.282684 1.51236
1 0.281589 1.51424
1 0.280374 1.51686
1 0.279185 1.51942
1 0.27803 1.52226
1 0.277104 1.5254
1 0.276251 1.52851
1 0.2754 1.5316
1 0.274471 1.53476
1 0.273392 1.53811
1 0.272409 1.54139
1 0.271225 1.54497
1 0.270059 1.54845
1 0.268937 1.55185
1 0.267813 1.55516
1 0.266438 1.55879
1 0.265025 1.56235
1 0.263727 1.56582
1 0.262534 1.56922
1 0.261268 1.57267
1 0.260024 1.57614
1 0.255914 1.58301
1 0.252057 1.58955
1 0.24838 1.59579
1 0.244876 1.60176
1 0.241456 1.60764
1 0.238204 1.61331
1 0.235151 1.61866
1 0.232195 1.62396
1 0.229352 1.62911
1 0.226691 1.63413
1 0.224109 1.639
1 0.221261 1.64443
1 0.218514 1.64968
1 0.215838 1.65478
1 0.213245 1.65977
1 0.21074 1.66461
1 0.208306 1.66931
1 0.205964 1.6739
1 0.203761 1.6784
1 0.201644 1.68279
1 0.199537 1.68709
1 0.197437 1.69133
1 0.195414 1.69548
1 0.19347 1.6996
1 0.191586 1.70364
1 0.189747 1.70762
1 0.187998 1.71153
1 0.186309 1.71536
1 0.184647 1.71914
1 0.183041 1.72286
1 0.181193 1.72697
1 0.1794 1.73101
1 0.177661 1.73499
1 0.175942 1.73889
1 0.174239 1.74272
1 0.172559 1.74648
1 0.170927 1.75018
1 0.169351 1.7538
1 0.16783 1.75734
1 0.166347 1.76083
1 0.164913 1.76422
1 0.163555 1.76756
1 0.162216 1.77082
1 0.160861 1.77423
1 0.159572 1.77758
1 0.158333 1.78085
1 0.157124 1.78406
1 0.155922 1.7872
1 0.154739 1.79029
1 0.153607 1.79331
1 0.152516 1.79627
1 0.151425 1.79919
1 0.150343 1.80205
1 0.149298 1.80488
1 0.148265 1.80766
1 0.147238 1.81041
1 0.146218 1.81313
1 0.145229 1.8158
1 0.144253 1.81843
1 0.143307 1.82102
1 0.142377 1.82356
1 0.141431 1.82607
1 0.140484 1.82853
1 0.139558 1.83095
1 0.138658 1.83332
1 0.137783 1.83565
1 0.136953 1.83795
1 0.136131 1.84019
1 0.135269 1.84241
1 0.134445 1.84458
1 0.133641 1.84671
1 0.132842 1.84881
1 0.132037 1.85088
1 0.131256 1.85292
1 0.130514 1.85494
1 0.129775 1.85692
1 0.129027 1.85888
1 0.128288 1.86081
1 0.127576 1.8627
1 0.126869 1.86456
1 0.126154 1.86639
1 0.125437 1.86819
1 0.124733 1.86995
1 0.124035 1.87168
1 0.123326 1.87338
1 0.122583 1.87505
1 0.121857 1.87668
1 0.121155 1.87828
1 0.120442 1.87983
1 0.119747 1.88135
1 0.11905 1.88284
1 0.11835 1.88429
1 0.117645 1.88571
1 0.116947 1.88711
1 0.116255 1.88846
1 0.115566 1.8898
1 0.114886 1.8911
1 0.114216 1.89238
1 0.113556 1.89362
1 0.112906 1.89484
1 0.112258 1.89604
1 0.111627 1.89721
1 0.111005 1.89835
1 0.110369 1.89947
1 0.10974 1.90056
1 0.109122 1.90162
1 0.10852 1.90266
1 0.10793 1.90367
1 0.107345 1.90466
1 0.106767 1.90562
1 0.106196 1.90656
1 0.105633 1.90748
1 0.105079 1.90837
1 0.104525 1.90924
1 0.103968 1.91007
1 0.103423 1.91087
1 0.102877 1.91166
1 0.102322 1.91242
1 0.101746 1.91315
1 0.101167 1.91387
1 0.100578 1.91457
1 0.0999891 1.91525
1 0.0994062 1.91591
1 0.0988256 1.91655
1 0.098245 1.91716
1 0.0976691 1.91775
1 0.097097 1.91833
1 0.0963414 1.91911
1 0.0955743 1.91987
1 0.0948141 1.92062
1 0.0940446 1.92134
1 0.0932885 1.92206
1 0.0925362 1.92275
1 0.0917834 1.92343
1 0.0910287 1.9241
1 0.0902824 1.92475
1 0.0895483 1.92538
1 0.0888282 1.926
1 0.0881264 1.9266
1 0.0874347 1.92719
1 0.0867586 1.92776
1 0.0860917 1.92831
1 0.0854447 1.92885
1 0.0848129 1.92938
1 0.0841948 1.92989
1 0.0835883 1.93039
1 0.0829923 1.93087
1 0.0823998 1.93135
1 0.0818076 1.93181
1 0.0812287 1.93225
1 0.080662 1.93268
1 0.0801068 1.9331
1 0.0795647 1.93349
1 0.0790212 1.93387
1 0.0784941 1.93424
1 0.0779671 1.9346
1 0.0774468 1.93494
1 0.0769195 1.93527
1 0.0763917 1.93559
1 0.0758685 1.9359
1 0.0752999 1.93603
1 0.0747378 1.93616
1 0.0741844 1.93628
1 0.0736414 1.9364
1 0.0730932 1.93651
1 0.0725487 1.93662
1 0.0720079 1.93672
1 0.0714723 1.93681
1 0.0709322 1.93691
1 0.0703861 1.937
1 0.0698417 1.93708
1 0.0693019 1.93716
1 0.0687608 1.93724
1 0.0682156 1.93731
1 0.0676733 1.93737
1 0.067132 1.93744
1 0.066588 1.9375
1 0.0660453 1.93756
1 0.0655078 1.93762
1 0.0649948 1.93768
1 0.0645018 1.93774
1 0.0640121 1.93779
1 0.0635234 1.93785
1 0.0630353 1.9379
1 0.0625496 1.93796
1 0.0620732 1.93801
1 0.0616047 1.93806
1 0.0611431 1.93811
1 0.0606962 1.93815
1 0.060251 1.93819
1 0.0598083 1.93822
1 0.0593643 1.93825
1 0.0589355 1.93827
1 0.058502 1.93828
1 0.0580829 1.93829
1 0.0576651 1.93829
1 0.0572502 1.93828
1 0.0568329 1.93826
1 0.0564208 1.93823
1 0.056016 1.9382
1 0.0556128 1.93816
1 0.0552109 1.93811
1 0.0548226 1.93804
1 0.0544455 1.93796
1 0.0540324 1.93784
1 0.0536141 1.93771
1 0.0531931 1.93758
1 0.0527675 1.93744
1 0.0523354 1.93731
1 0.0518951 1.93717
1 0.0514535 1.93703
1 0.0510211 1.93689
1 0.0505937 1.93674
1 0.0501705 1.93659
1 0.0497494 1.93644
1 0.0493273 1.93628
1 0.0489049 1.93612
1 0.0484842 1.93595
1 0.048067 1.93578
1 0.0476624 1.9356
1 0.0472689 1.93541
1 0.0468847 1.93523
1 0.0465148 1.93503
1 0.0461525 1.93484
1 0.0457951 1.93464
1 0.0454443 1.93444
1 0.045097 1.93424
1 0.0447461 1.93403
1 0.0443925 1.93383
1 0.0440406 1.93363
1 0.0436929 1.93342
1 0.0433439 1.93321
1 0.0429921 1.93301
1 0.0426411 1.9328
1 0.0422938 1.9326
1 0.0419438 1.93239
1 0.0415956 1.93219
1 0.041252 1.93198
1 0.0409105 1.93178
1 0.0405794 1.93157
1 0.0402534 1.93137
1 0.0399343 1.93116
1 0.0396239 1.93096
1 0.0393151 1.93076
1 0.0390046 1.93056
1 0.0386962 1.93037
1 0.038391 1.93018
1 0.0380808 1.92999
1 0.0377671 1.92981
1 0.0374608 1.92953
1 0.0371495 1.92925
1 0.036836 1.92898
1 0.0365196 1.92871
1 0.0362033 1.92844
1 0.0358945 1.92817
1 0.0356001 1.92789
1 0.0353139 1.92762
1 0.0350433 1.92735
1 0.034776 1.92708
1 0.0345089 1.92681
1 0.034245 1.92655
1 0.0339882 1.92628
1 0.0337343 1.92601
1 0.0334853 1.92573
1 0.033244 1.92546
1 0.0330041 1.92518
1 0.0327657 1.92491
1 0.0325296 1.92463
1 0.0322963 1.92436
1 0.0320574 1.92408
1 0.0318249 1.92381
1 0.0315903 1.92353
1 0.0313481 1.92326
1 0.0311044 1.92299
1 0.0308637 1.92272
1 0.0306255 1.92245
1 0.0303868 1.92218
1 0.0301611 1.92191
1 0.0299377 1.92164
1 0.0297134 1.92137
1 0.0294945 1.92111
1 0.0292818 1.92084
1 0.0290755 1.92058
1 0.0288706 1.92031
1 0.0286687 1.92006
1 0.0284687 1.9198
1 0.0282702 1.91955
1 0.0280738 1.9193
1 0.0278775 1.91906
1 0.0276771 1.91883
1 0.0274826 1.9186
1 0.0272905 1.91837
1 0.0270978 1.91815
1 0.0269087 1.91793
1 0.0267236 1.91771
1 0.0265416 1.91749
1 0.0263606 1.91728
1 0.0261829 1.91707
1 0.0260024 1.91688
1 0.0258246 1.91668
1 0.0256398 1.9165
1 0.0254559 1.91632
1 0.0252722 1.91615
1 0.0250898 1.91599
1 0.0249043 1.91584
1 0.024716 1.9157
1 0.0245245 1.91556
1 0.0243328 1.91544
1 0.02414 1.91532
1 0.0239462 1.91521
1 0.0237547 1.9151
1 0.02356 1.915
1 0.0233577 1.91491
1 0.0231539 1.91482
1 0.0229448 1.91475
1 0.0227359 1.91468
1 0.0225251 1.91462
1 0.0223146 1.91456
1 0.0221222 1.91448
1 0.0219172 1.91443
1 0.0217095 1.91439
1 0.021502 1.91435
1 0.0212922 1.91432
1 0.0210766 1.9143
1 0.0208556 1.91428
1 0.0206309 1.91428
1 0.0204086 1.91427
1 0.020186 1.91427
1 0.0199638 1.91427
1 0.0197471 1.91427
1 0.019539 1.91426
1 0.0193309 1.91426
1 0.0191251 1.91425
1 0.0189226 1.91425
1 0.0187248 1.91425
1 0.0185306 1.91424
1 0.0183413 1.91424
1 0.0181565 1.91423
1 0.0179779 1.91422
1 0.0178022 1.91421
1 0.0176254 1.91421
1 0.0174529 1.91419
1 0.017273 1.9142
1 0.017088 1.91421
1 0.0169028 1.91422
1 0.0167193 1.91423
1 0.0165377 1.91425
1 0.0163569 1.91426
1 0.0161818 1.91428
1 0.0160148 1.91429
1 0.0158459 1.91431
1 0.0156821 1.91432
1 0.0155215 1.91434
1 0.0153662 1.91435
1 0.0152109 1.91437
1 0.0150565 1.91439
1 0.0149046 1.91441
1 0.0147526 1.91444
1 0.0146014 1.91446
1 0.0144469 1.9145
1 0.0142899 1.91454
1 0.0141303 1.91458
1 0.0139662 1.91464
1 0.0138014 1.9147
1 0.013633 1.91477
1 0.0134647 1.91484
1 0.0132998 1.91491
1 0.0131385 1.91497
1 0.0129818 1.91504
1 0.012832 1.91509
1 0.0126856 1.91515
1 0.0125385 1.91521
1 0.0123915 1.91528
1 0.012243 1.91535
1 0.0120921 1.91543
1 0.0119382 1.91552
1 0.0117815 1.91561
1 0.011622 1.91571
1 0.0114602 1.91582
1 0.0112946 1.91594
1 0.0111303 1.91606
1 0.0109749 1.91617
1 0.0108264 1.91627
1 0.0106859 1.91636
1 0.0105514 1.91644
1 0.010419 1.91653
1 0.0103006 1.91659
1 0.010183 1.91666
1 0.0100677 1.91672
1 0.00996082 1.91677
1 0.00985555 1.91682
1 0.0097579 1.91686
1 0.00966258 1.9169
1 0.00957227 1.91694
1 0.00948567 1.91696
1 0.00939886 1.91699
1 0.00931228 1.91703
1 0.0092243 1.91706
1 0.00912384 1.91716
1 0.00902065 1.91727
1 0.00891954 1.91737
1 0.00882513 1.91746
1 0.00873161 1.91755
1 0.00864031 1.91765
1 0.00855199 1.91773
1 0.0084692 1.91781
1 0.00838763 1.91789
1 0.00830453 1.91798
1 0.00821756 1.91807
1 0.00812875 1.91818
1 0.00803826 1.91828
1 0.00794879 1.91839
1 0.00786142 1.9185
1 0.00777877 1.9186
1 0.00770335 1.91868
1 0.00762569 1.91878
1 0.00755441 1.91886
1 0.00748158 1.91895
1 0.0074071 1.91904
1 0.0073299 1.91915
1 0.00725497 1.91925
1 0.00718325 1.91935
1 0.00711237 1.91945
1 0.00703943 1.91956
1 0.00696861 1.91967
1 0.00689865 1.91978
1 0.00683076 1.91989
1 0.00676273 1.92
1 0.00669465 1.92011
1 0.00662757 1.92022
1 0.00656073 1.92033
1 0.00648891 1.92046
1 0.00641917 1.92059
1 0.0063532 1.9207
1 0.00628963 1.92082
1 0.00623059 1.92092
1 0.00617493 1.92101
1 0.00611922 1.92111
1 0.00606474 1.9212
1 0.00601653 1.92128
1 0.00596821 1.92136
1 0.00591635 1.92146
1 0.0058617 1.92156
1 0.00580915 1.92165
1 0.0057602 1.92174
1 0.00571449 1.92182
1 0.00566906 1.9219
1 0.00562444 1.92198
1 0.00558271 1.92205
1 0.00554109 1.92212
1 0.00549991 1.92219
1 0.00546177 1.92225
1 0.00542968 1.9223
1 0.00539215 1.92236
1 0.00535476 1.92243
1 0.00531504 1.9225
1 0.00527578 1.92257
1 0.00523383 1.92265
1 0.00519373 1.92273
1 0.00515671 1.9228
1 0.00512037 1.92286
1 0.00507532 1.92295
1 0.00503233 1.92304
1 0.00499238 1.92312
1 0.00495249 1.9232
1 0.00491462 1.92327
1 0.00487933 1.92334
1 0.00484482 1.9234
1 0.00480868 1.92347
1 0.00476987 1.92354
1 0.00473057 1.92361
1 0.00468524 1.9237
1 0.00464011 1.9238
1 0.00459359 1.92389
1 0.00454602 1.924
1 0.0044976 1.9241
1 0.0044986 1.92409
1 0.00450115 1.92408
1 0.00450233 1.92407
1 0.00450361 1.92406
1 0.00450716 1.92404
1 0.00451588 1.92401
1 0.00452591 1.92396
1 0.00453443 1.92393
1 0.00454026 1.9239
1 0.00454527 1.92387
1 0.00455029 1.92385
1 0.0045537 1.92382
1 0.00455796 1.9238
1 0.00456564 1.92376
1 0.00457893 1.92371
1 0.00459109 1.92366
1 0.00460164 1.92361
1 0.00461417 1.92355
1 0.00463146 1.92348
1 0.00465338 1.92339
1 0.00467143 1.92332
1 0.00468485 1.92326
1 0.00469881 1.9232
1 0.00471189 1.92314
1 0.00472271 1.92309
1 0.0047313 1.92304
1 0.00474066 1.923
1 0.00475097 1.92295
1 0.00476126 1.9229
1 0.00477201 1.92285
1 0.00478426 1.92279
1 0.00479498 1.92274
1 0.00480441 1.9227
1 0.00481474 1.92265
1 0.0048245 1.92261
1 0.00483671 1.92256
1 0.00485095 1.9225
1 0.00486463 1.92245
1 0.00487628 1.9224
1 0.00488762 1.92235
1 0.00490108 1.9223
1 0.0049165 1.92224
1 0.00493697 1.92216
1 0.00495807 1.92208
1 0.00497647 1.92201
1 0.0049958 1.92193
1 0.00501695 1.92185
1 0.00503642 1.92178
1 0.00505413 1.92171
1 0.00507204 1.92164
1 0.00509117 1.92157
1 0.00511174 1.92149
1 0.00512793 1.92142
1 0.00514259 1.92136
1 0.00515618 1.92131
1 0.00516785 1.92126
1 0.00518215 1.92121
1 0.00519597 1.92116
1 0.00521017 1.92111
1 0.00522512 1.92105
1 0.00523724 1.92101
1 0.00525181 1.92095
1 0.00527071 1.92087
1 0.00529265 1.92078
1 0.00531545 1.92069
1 0.00533961 1.92058
1 0.00536326 1.92048
1 0.00538844 1.92038
1 0.00540939 1.92029
1 0.00543404 1.92018
1 0.00546284 1.92006
1 0.0054884 1.91994
1 0.00551269 1.91984
1 0.00554112 1.91971
1 0.00557007 1.91959
1 0.00559985 1.91945
1 0.00563104 1.91932
1 0.00566109 1.91918
2 1.76882 -9.33713
2 1.76882 -9.33713
2 1.76882 -9.33713
2 1.76882 -9.33713
2 1.76882 -9.33713
2 1.76882 -9.33713
2 1.76882 -9.33713
2 1.76882 -9.33713
2 1.76882 -9.33713
2 1.76882 -9.33713
2 1.76882 -9.33713
2 1.76882 -9.33713
2 1.76882 -9.33713
2 1.76882 -9.33713
2 1.76882 -9.33713
2 1.76882 -9.33713
2 1.76882 -9.33713
2 1.76882 -9.33713
2 1.76882 -9.33713
2 1.76882 -9.33713
2 1.76882 -9.33713
2 1.76882 -9.33713
2 1.76882 -9.33713
2 1.76882 -9.33713
2 1.76882 -9.33713
2 1.76882 -9.33713
2 1.76882 -9.33713
2 1.76882 -9.33713
2 1.76882 -9.33713
2 1.76882 -9.33713
2 1.76882 -9.33713
2 1.76882 -9.33713
2 1.76882 -9.33713
2 1.76882 -9.33713
2 1.76882 -9.33713
2 1.76882 -9.33713
2 1.76882 -9.33713
2 1.76882 -9.33713
2 1.76882 -9.33713
2 1.76882 -9.33713
2 1.76882 -9.33713
2 1.76882 -9.33713
2 1.76882 -9.33713
2 1.76882 -9.33713
2 1.76882 -9.33713
2 1.76882 -9.33713
2 1.76882 -9.33713
2 1.76882 -9.33713
2 1.76882 -9.33713
2 1.76882 -9.33713
2 1.76882 -9.33713
2 1.76882 -9.33713
2 1.76882 -9.33713
2 1.76882 -9.33713
2 1.76882 -9.33713
2 1.76797 -9.33122
2 1.76716 -9.32553
2 1.76635 -9.31987
2 1.76554 -9.31424
2 1.76475 -9.30869
2 1.76397 -9.30328
2 1.76322 -9.29804
2 1.76248 -9.29289
2 1.76178 -9.288
2 1.76178 -9.288
2 1.76178 -9.288
2 1.76178 -9.288
2 1.76178 -9.288
2 1.76178 -9.288
2 1.76178 -9.288
2 1.76178 -9.288
2 1.76178 -9.288
2 1.76178 -9.288
2 1.76178 -9.288
2 1.76178 -9.288
2 1.76178 -9.288
2 1.76178 -9.288
2 1.76178 -9.288
2 1.76178 -9.288
2 1.76178 -9.288
2 1.76178 -9.288
2 1.76178 -9.288
2 1.76178 -9.288
2 1.76178 -9.288
2 1.76178 -9.288
2 1.76178 -9.288
2 1.76178 -9.288
2 1.76178 -9.288
2 1.76178 -9.288
2 1.76178 -9.288
2 1.76178 -9.288
2 1.76178 -9.288
2 1.76178 -9.288
2 1.76178 -9.288
2 1.76178 -9.288
2 1.76178 -9.288
2 1.76178 -9.288
2 1.76178 -9.288
2 1.76178 -9.288
2 1.76178 -9.288
2 1.76178 -9.288
2 1.76178 -9.288
2 1.76178 -9.288
2 1.76109 -9.28318
2 1.76076 -9.28095
2 1.76046 -9.27889
2 1.76016 -9.27687
2 1.75986 -9.27488
2 1.75958 -9.27299
2 1.75932 -9.27124
2 1.75907 -9.26952
2 1.75884 -9.26794
2 1.75861 -9.26641
2 1.75839 -9.26492
2 1.75819 -9.26353
2 1.75799 -9.26217
2 1.75779 -9.26085
2 1.75762 -9.25966
2 1.75746 -9.25858
2 1.75731 -9.25757
2 1.75716 -9.25659
2 1.75704 -9.25573
2 1.75693 -9.25499
2 1.75684 -9.2544
2 1.75677 -9.25389
2 1.75669 -9.25338
2 1.75661 -9.2528
2 1.75653 -9.25226
2 1.75646 -9.25178
2 1.7564 -9.25137
2 1.75635 -9.25097
2 1.75629 -9.25058
2 1.75627 -9.25043
2 1.75626 -9.25031
2 1.75623 -9.25012
2 1.75622 -9.24999
2 1.75621 -9.24993
2 1.75622 -9.24996
2 1.75625 -9.25015
2 1.7563 -9.25044
2 1.75634 -9.25074
2 1.75639 -9.25103
2 1.75643 -9.25128
2 1.7565 -9.25176
2 1.75658 -9.25225
2 1.75665 -9.25268
2 1.75672 -9.25314
2 1.7568 -9.25366
2 1.75689 -9.25427
2 1.757 -9.25497
2 1.75712 -9.25571
2 1.75724 -9.2565
2 1.75736 -9.25725
2 1.75747 -9.25794
2 1.75759 -9.2587
2 1.75772 -9.25949
2 1.75785 -9.2603
2 1.75798 -9.26116
2 1.75812 -9.26202
2 1.75826 -9.26286
2 1.75839 -9.2637
2 1.75853 -9.26453
2 1.75864 -9.26524
2 1.75878 -9.26605
2 1.75891 -9.26687
2 1.75904 -9.26763
2 1.75915 -9.2683
2 1.75926 -9.26893
2 1.75937 -9.26956
2 1.75937 -9.26956
2 1.75937 -9.26956
2 1.75937 -9.26956
2 1.75937 -9.26956
2 1.75937 -9.26956
2 1.75937 -9.26956
2 1.75937 -9.26956
2 1.75937 -9.26956
2 1.75937 -9.26956
2 1.75937 -9.26956
2 1.75937 -9.26956
2 1.75937 -9.26956
2 1.75937 -9.26956
2 1.75937 -9.26956
2 1.75937 -9.26956
2 1.75937 -9.26956
2 1.75937 -9.26956
2 1.75937 -9.26956
2 1.75937 -9.26956
2 1.75937 -9.26956
2 1.75937 -9.26956
2 1.75937 -9.26956
2 1.75937 -9.26956
2 1.75937 -9.26956
2 1.75937 -9.26956
2 1.75937 -9.26956
2 1.75937 -9.26956
2 1.75937 -9.26956
2 1.75937 -9.26956
2 1.75937 -9.26956
2 1.75937 -9.26956
2 1.75937 -9.26956
2 1.75937 -9.26956
2 1.75937 -9.26956
2 1.75937 -9.26956
2 1.75937 -9.26956
2 1.75937 -9.26956
2 1.75937 -9.26956
2 1.75937 -9.26956
2 1.75937 -9.26956
2 1.75937 -9.26956
2 1.75937 -9.26956
2 1.75937 -9.26956
2 1.75937 -9.26956
2 1.75937 -9.26956
2 1.75937 -9.26956
2 1.75937 -9.26956
2 1.75937 -9.26956
2 1.75937 -9.26956
2 1.75937 -9.26956
2 1.75937 -9.26956
2 1.75937 -9.26956
2 1.75937 -9.26956
2 1.75937 -9.26956
2 1.75937 -9.26956
2 1.75937 -9.26956
2 1.75937 -9.26956
2 1.75937 -9.26956
2 1.75937 -9.26956
2 1.75937 -9.26956
2 1.75937 -9.26956
2 1.75937 -9.26956
2 1.75937 -9.26956
2 1.75937 -9.26956
2 1.75937 -9.26956
2 1.75937 -9.26956
2 1.75937 -9.26956
2 1.75937 -9.26956
2 1.75937 -9.26956
2 1.75937 -9.26956
2 1.75937 -9.26956
2 1.75937 -9.26956
2 1.75937 -9.26956
2 1.75937 -9.26956
2 1.75937 -9.26956
2 1.75937 -9.26956
2 1.75937 -9.26956
2 1.75937 -9.26956
2 1.75937 -9.26956
2 1.75937 -9.26956
2 1.75937 -9.26956
2 1.75937 -9.26956
2 1.75937 -9.26956
2 1.75937 -9.26956
2 1.75937 -9.26956
2 1.75937 -9.26956
2 1.75937 -9.26956
2 1.75937 -9.26956
2 1.75937 -9.26956
2 1.75937 -9.26956
2 1.75937 -9.26956
2 1.75937 -9.26956
2 1.75937 -9.26956
2 1.75937 -9.26956
2 1.75937 -9.26956
2 1.75937 -9.26956
2 1.75937 -9.26956
2 1.75937 -9.26956
2 1.75937 -9.26956
2 1.75937 -9.26956
2 1.75937 -9.26956
2 1.75937 -9.26956
2 1.75937 -9.26956
2 1.75937 -9.26956
2 1.75937 -9.26956
2 1.75937 -9.26956
2 1.75937 -9.26956
2 1.75937 -9.26956
2 1.75937 -9.26956
2 1.75937 -9.26956
2 1.75937 -9.26956
2 1.75937 -9.26956
2 1.75937 -9.26956
2 1.75937 -9.26956
2 1.75937 -9.26956
2 1.75937 -9.26956
2 1.75937 -9.26956
2 1.75937 -9.26956
2 1.75937 -9.26956
2 1.75937 -9.26956
2 1.75937 -9.26956
2 1.75937 -9.26956
2 1.75937 -9.26956
2 1.75937 -9.26956
2 1.75937 -9.26956
2 1.75937 -9.26956
2 1.75937 -9.26956
2 1.75937 -9.26956
2 1.75937 -9.26956
2 1.75937 -9.26956
2 1.75937 -9.26956
2 1.75937 -9.26956
2 1.75937 -9.26956
2 1.75937 -9.26956
2 1.75937 -9.26956
2 1.75937 -9.26956
2 1.75937 -9.26956
2 1.75937 -9.26956
2 1.75937 -9.26956
2 1.75937 -9.26956
2 1.75937 -9.26956
2 1.75937 -9.26956
2 1.75937 -9.26956
2 1.75937 -9.26956
2 1.75937 -9.26956
2 1.75937 -9.26956
2 1.75937 -9.26956
2 1.75937 -9.26956
2 1.75937 -9.26956
2 1.75937 -9.26956
3 -1.20069 20.2283
3 -1.20069 20.2283
3 -1.20069 20.2283
3 -1.20069 20.2283
3 -1.20069 20.2283
3 -1.20069 20.2283
3 -1.20069 20.2283
3 -1.20069 20.2283
3 -1.20069 20.2283
3 -1.20069 20.2283
3 -1.20069 20.2283
3 -1.20069 20.2283
3 -1.20069 20.2283
3 -1.20069 20.2283
3 -1.20069 20.2283
3 -1.20069 20.2283
3 -1.20069 20.2283
3 -1.20069 20.2283
3 -1.20069 20.2283
3 -1.20069 20.2283
3 -1.20069 20.2283
3 -1.20069 20.2283
3 -1.20069 20.2283
3 -1.20069 20.2283
3 -1.20069 20.2283
3 -1.20069 20.2283
3 -1.20069 20.2283
3 -1.20069 20.2283
3 -1.20069 20.2283
3 -1.20069 20.2283
3 -1.20069 20.2283
3 -1.20069 20.2283
3 -1.20069 20.2283
3 -1.20069 20.2283
3 -1.20069 20.2283
3 -1.20069 20.2283
3 -1.20069 20.2283
3 -1.20069 20.2283
3 -1.20069 20.2283
3 -1.20069 20.2283
3 -1.20069 20.2283
3 -1.20069 20.2283
3 -1.20069 20.2283
3 -1.20069 20.2283
3 -1.20069 20.2283
3 -1.20069 20.2283
3 -1.20069 20.2283
3 -1.20069 20.2283
3 -1.20069 20.2283
3 -1.20069 20.2283
3 -1.20069 20.2283
3 -1.20069 20.2283
3 -1.2013 20.2335
3 -1.20189 20.2385
3 -1.20245 20.2433
3 -1.20298 20.2477
3 -1.20348 20.2519
3 -1.20396 20.256
3 -1.20443 20.26
3 -1.20486 20.2635
3 -1.20526 20.2668
3 -1.20526 20.2668
3 -1.20526 20.2668
3 -1.20526 20.2668
3 -1.20526 20.2668
3 -1.20526 20.2668
3 -1.20563 20.2699
3 -1.20592 20.2722
3 -1.20619 20.2743
3 -1.20645 20.2763
3 -1.20669 20.2781
3 -1.20692 20.2798
3 -1.20714 20.2815
3 -1.20735 20.2831
3 -1.20756 20.2847
3 -1.20774 20.2859
3 -1.20791 20.2871
3 -1.20807 20.2882
3 -1.20823 20.2893
3 -1.20837 20.2903
3 -1.2085 20.2911
3 -1.20862 20.2918
3 -1.20873 20.2925
3 -1.20884 20.2931
3 -1.20894 20.2937
3 -1.20903 20.2941
3 -1.20912 20.2946
3 -1.20921 20.295
3 -1.20929 20.2954
3 -1.20937 20.2957
3 -1.20937 20.2957
3 -1.20937 20.2957
3 -1.20937 20.2957
3 -1.20937 20.2957
3 -1.20937 20.2957
3 -1.20937 20.2957
3 -1.20937 20.2957
3 -1.20937 20.2957
3 -1.20937 20.2957
3 -1.20937 20.2957
3 -1.20937 20.2957
3 -1.20937 20.2957
3 -1.20937 20.2957
3 -1.20937 20.2957
3 -1.20937 20.2957
3 -1.20937 20.2957
3 -1.20937 20.2957
3 -1.20937 20.2957
3 -1.20937 20.2957
3 -1.20937 20.2957
3 -1.20937 20.2957
3 -1.20937 20.2957
3 -1.20937 20.2957
3 -1.20937 20.2957
3 -1.20937 20.2957
3 -1.20937 20.2957
3 -1.20937 20.2957
3 -1.20937 20.2957
3 -1.20937 20.2957
3 -1.20937 20.2957
3 -1.20937 20.2957
3 -1.20937 20.2957
3 -1.20937 20.2957
3 -1.20937 20.2957
3 -1.20937 20.2957
3 -1.20937 20.2957
3 -1.20937 20.2957
3 -1.20937 20.2957
3 -1.20937 20.2957
3 -1.20937 20.2957
3 -1.20937 20.2957
4 0.0563694 12.4774
4 0.0565195 12.4767
4 0.05667 12.476
4 0.0568187 12.4753
4 0.056966 12.4746
4 0.0571131 12.474
4 0.0572603 12.4733
4 0.0574085 12.4727
4 0.0575589 12.472
4 0.0577129 12.4714
4 0.0578681 12.4707
4 0.0580286 12.47
4 0.0581889 12.4694
4 0.0583507 12.4687
4 0.0585129 12.4681
4 0.0586736 12.4675
4 0.0588317 12.4668
4 0.0589889 12.4662
4 0.059148 12.4656
4 0.0593043 12.465
4 0.0594609 12.4644
4 0.0596181 12.4638
4 0.0597734 12.4633
4 0.0599302 12.4627
4 0.0600877 12.4621
4 0.0602461 12.4616
4 0.0604028 12.461
4 0.0605612 12.4604
4 0.0607309 12.4599
4 0.0609003 12.4593
4 0.0610726 12.4587
4 0.0612417 12.4581
4 0.0614119 12.4576
4 0.0615825 12.457
4 0.0617523 12.4565
4 0.0619215 12.4559
4 0.0620865 12.4554
4 0.0622482 12.4549
4 0.0624094 12.4544
4 0.0625572 12.4539
4 0.0627045 12.4535
4 0.0628502 12.4531
4 0.0629964 12.4526
4 0.0631457 12.4522
4 0.0632981 12.4518
4 0.0634544 12.4514
4 0.0636115 12.4509
4 0.0637685 12.4505
4 0.0639321 12.4501
4 0.0640982 12.4496
4 0.0642618 12.4492
4 0.0644283 12.4488
4 0.0645957 12.4484
4 0.064764 12.4479
4 0.0649305 12.4475
4 0.0650959 12.4471
4 0.0652614 12.4467
4 0.0654287 12.4463
4 0.0655961 12.4459
4 0.0657606 12.4455
4 0.0659251 12.4452
4 0.0660901 12.4448
4 0.0662522 12.4444
4 0.0664154 12.4441
4 0.0665769 12.4437
4 0.0667366 12.4434
4 0.0668955 12.443
4 0.0670523 12.4427
4 0.0672063 12.4424
4 0.0673565 12.4421
4 0.0675018 12.4418
4 0.0676438 12.4415
4 0.0677876 12.4412
4 0.0679292 12.4409
4 0.0680703 12.4407
4 0.0682109 12.4404
4 0.0683509 12.4401
4 0.0684889 12.4399
4 0.0686262 12.4396
4 0.068763 12.4394
4 0.0688996 12.4391
4 0.069036 12.4389
4 0.0691701 12.4387
4 0.0693011 12.4384
4 0.0694307 12.4382
4 0.0695605 12.438
4 0.0696913 12.4378
4 0.0698272 12.4376
4 0.0699653 12.4373
4 0.0701056 12.4371
4 0.0702471 12.4369
4 0.0703885 12.4367
4 0.0705313 12.4365
4 0.0706766 12.4362
4 0.0708244 12.436
4 0.0709797 12.4358
4 0.0711381 12.4355
4 0.0713009 12.4353
4 0.0714636 12.4351
4 0.0716264 12.4348
4 0.0717902 12.4346
4 0.0719543 12.4343
4 0.0721171 12.4341
4 0.072279 12.4339
4 0.0724387 12.4336
4 0.0725983 12.4334
4 0.0727576 12.4332
4 0.0729153 12.4329
4 0.0730755 12.4327
4 0.0732361 12.4325
4 0.0734001 12.4323
