1 0.00872685 2.29571
1 0.13262 1.82565
1 0.134882 1.81504
1 0.134711 1.81264
1 0.134134 1.8122
1 0.133243 1.81275
1 0.132713 1.81387
1 0.132404 1.8151
1 0.131915 1.81642
1 0.131369 1.81776
1 0.131068 1.81917
1 0.130856 1.82069
1 0.130523 1.82217
1 0.130133 1.82363
1 0.129611 1.82525
1 0.129138 1.82673
1 0.128709 1.82816
1 0.128239 1.82973
1 0.127759 1.8313
1 0.127418 1.83283
1 0.12705 1.83437
1 0.126561 1.83594
1 0.126065 1.83749
1 0.125543 1.839
1 0.125025 1.84048
1 0.124524 1.84195
1 0.123983 1.84344
1 0.123486 1.84491
1 0.123078 1.84635
1 0.122652 1.84788
1 0.122211 1.84935
1 0.121685 1.85089
1 0.121259 1.85242
1 0.120858 1.85395
1 0.120475 1.85546
1 0.120088 1.85697
1 0.119764 1.85849
1 0.119459 1.85999
1 0.119141 1.86148
1 0.118832 1.86297
1 0.11852 1.86447
1 0.11852 1.86447
1 0.11852 1.86447
1 0.11852 1.86447
1 0.11852 1.86447
1 0.11852 1.86447
1 0.11852 1.86447
1 0.118239 1.86596
1 0.117162 1.86957
1 0.116107 1.87303
1 0.115128 1.87635
1 0.114232 1.87955
1 0.113349 1.88262
1 0.112515 1.88559
1 0.111748 1.88844
1 0.11105 1.8912
1 0.110379 1.89387
1 0.109706 1.89645
1 0.109052 1.89895
1 0.108452 1.90137
1 0.107862 1.90404
1 0.107209 1.90666
1 0.106619 1.90921
1 0.106049 1.91168
1 0.105472 1.91409
1 0.104902 1.91646
1 0.104331 1.91877
1 0.103786 1.92102
1 0.103256 1.92321
1 0.10275 1.92536
1 0.102254 1.92745
1 0.10175 1.92949
1 0.101225 1.93147
1 0.100706 1.93341
1 0.100213 1.93531
1 0.0997427 1.93715
1 0.0993085 1.93894
1 0.0988988 1.94068
1 0.0984474 1.94237
1 0.0980235 1.94403
1 0.0976062 1.94565
1 0.0971796 1.94723
1 0.0967392 1.94878
1 0.0963093 1.95029
1 0.0959332 1.95178
1 0.0955739 1.95323
1 0.0952035 1.95466
1 0.0947982 1.95606
1 0.0944068 1.95744
1 0.0940073 1.95878
1 0.0935927 1.96011
1 0.0931684 1.96141
1 0.0927544 1.96268
1 0.0923177 1.96394
1 0.0918576 1.96517
1 0.0913734 1.96639
1 0.0909035 1.96759
1 0.0904442 1.96877
1 0.0899617 1.96993
1 0.0895088 1.97117
1 0.0890382 1.97239
1 0.0885533 1.97359
1 0.0880553 1.97478
1 0.087569 1.97595
1 0.0870741 1.9771
1 0.0865807 1.97824
1 0.0860933 1.97936
1 0.0856153 1.98047
1 0.0851428 1.98157
1 0.0846761 1.98265
1 0.0842118 1.98372
1 0.083749 1.98478
1 0.083298 1.98582
1 0.0828256 1.98685
1 0.0823588 1.98786
1 0.0819192 1.98886
1 0.0814918 1.98983
1 0.0810697 1.99079
1 0.0806491 1.99174
1 0.0802348 1.99267
1 0.0798241 1.99358
1 0.0794165 1.99448
1 0.0790184 1.99535
1 0.0786189 1.99621
1 0.0782171 1.99705
1 0.0778329 1.99786
1 0.0774385 1.99865
1 0.0770207 1.99943
1 0.0765914 2.00019
1 0.0761601 2.00094
1 0.0757285 2.00167
1 0.0753035 2.00238
1 0.0748827 2.00308
1 0.0744613 2.00376
1 0.0740348 2.00442
1 0.0736072 2.00507
1 0.0731773 2.0057
1 0.0727348 2.00632
1 0.0722926 2.00693
1 0.0718131 2.00753
1 0.0711952 2.00819
1 0.0705885 2.00884
1 0.0699828 2.00948
1 0.0693748 2.01011
1 0.068761 2.01073
1 0.0681452 2.01134
1 0.0675395 2.01194
1 0.0669436 2.01253
1 0.0663645 2.01311
1 0.0658089 2.01367
1 0.0652499 2.01422
1 0.0647058 2.01476
1 0.0641781 2.0153
1 0.0636842 2.01581
1 0.063197 2.01632
1 0.0627205 2.01682
1 0.0622505 2.01731
1 0.0617714 2.01778
1 0.0612986 2.01825
1 0.0608392 2.01869
1 0.0603619 2.01911
1 0.0598909 2.01951
1 0.0594306 2.0199
1 0.0589651 2.02027
1 0.058522 2.02062
1 0.0580705 2.02096
1 0.0576321 2.02128
1 0.0571882 2.0216
1 0.0567357 2.0219
1 0.0562925 2.02219
1 0.0558594 2.02247
1 0.0554317 2.02274
1 0.0550125 2.02301
1 0.0546 2.02327
1 0.0541782 2.02352
1 0.0537613 2.02378
1 0.053351 2.02403
1 0.0529453 2.02427
1 0.0525341 2.02451
1 0.0520481 2.0247
1 0.0515618 2.02489
1 0.0510791 2.02507
1 0.0505944 2.02525
1 0.05011 2.02543
1 0.0496249 2.0256
1 0.0491356 2.02578
1 0.0486287 2.02596
1 0.0481244 2.02614
1 0.0476265 2.02633
1 0.0471395 2.02651
1 0.046666 2.0267
1 0.046198 2.02689
1 0.0457248 2.02708
1 0.0452514 2.02728
1 0.044775 2.02749
1 0.0443025 2.02769
1 0.0438364 2.0279
1 0.0433735 2.02811
1 0.0429187 2.02833
1 0.0424353 2.02847
1 0.0419585 2.02861
1 0.0414781 2.02876
1 0.0410141 2.0289
1 0.0405441 2.02905
1 0.0400835 2.02919
1 0.0396336 2.02933
1 0.0391887 2.02946
1 0.0387438 2.02959
1 0.0383011 2.02971
1 0.0378673 2.02983
1 0.0374275 2.02994
1 0.0369979 2.03005
1 0.0365791 2.03015
1 0.0361716 2.03024
1 0.0357644 2.03033
1 0.0353526 2.03042
1 0.0349335 2.03051
1 0.0345025 2.0306
1 0.0340676 2.03069
1 0.0336224 2.03079
1 0.0331708 2.03089
1 0.0327275 2.03098
1 0.0322881 2.03108
1 0.0318524 2.03117
1 0.0314136 2.03126
1 0.0309754 2.03136
1 0.030537 2.03144
1 0.030099 2.03153
1 0.0296635 2.03161
1 0.0292353 2.03169
1 0.0288192 2.03177
1 0.0284135 2.03184
1 0.0280189 2.03191
1 0.0276399 2.03197
1 0.0272648 2.03203
1 0.0268961 2.0321
1 0.0265312 2.03215
1 0.0261618 2.03221
1 0.0257878 2.03227
1 0.0254167 2.03233
1 0.0250495 2.03239
1 0.0246822 2.03244
1 0.0243099 2.0325
1 0.0239395 2.03255
1 0.023567 2.03261
1 0.0231969 2.03267
1 0.0228278 2.03272
1 0.0224567 2.03278
1 0.0220973 2.03285
1 0.0217545 2.03291
1 0.0214118 2.03298
1 0.0210751 2.03305
1 0.0207464 2.03312
1 0.0204186 2.0332
1 0.0200892 2.03329
1 0.0197605 2.03338
1 0.0194338 2.03348
1 0.0191022 2.03359
1 0.0187687 2.0337
1 0.0184349 2.03382
1 0.0180937 2.03396
1 0.0177492 2.0341
1 0.0174011 2.03424
1 0.0170566 2.03439
1 0.016724 2.03454
1 0.0164028 2.03469
1 0.016094 2.03484
1 0.0157934 2.03499
1 0.0154983 2.03514
1 0.0152058 2.0353
1 0.0149157 2.03547
1 0.0145666 2.03566
1 0.0142261 2.03586
1 0.0138963 2.03606
1 0.01357 2.03626
1 0.0132466 2.03646
1 0.0129259 2.03667
1 0.0126099 2.03687
1 0.0122888 2.03709
1 0.0119723 2.0373
1 0.0116608 2.03751
1 0.0113505 2.03773
1 0.0110378 2.03795
1 0.0107228 2.03817
1 0.0104154 2.0384
1 0.0101146 2.03863
1 0.00983329 2.03885
1 0.00955446 2.03907
1 0.00928254 2.03929
1 0.00901188 2.03951
1 0.00874892 2.03973
1 0.00849688 2.03995
1 0.00825675 2.04015
1 0.00802854 2.04035
1 0.00780763 2.04055
1 0.0075946 2.04074
1 0.0073926 2.04092
1 0.00719266 2.0411
1 0.00699541 2.04128
1 0.00680644 2.04145
1 0.00662063 2.04161
1 0.00644795 2.04176
1 0.00627981 2.04191
1 0.0061202 2.04204
1 0.00596976 2.04217
1 0.00582303 2.04229
1 0.005682 2.0424
1 0.00554568 2.04251
1 0.00540887 2.04262
1 0.00527478 2.04273
1 0.0051403 2.04284
1 0.00500078 2.04295
1 0.00486596 2.04307
1 0.00472951 2.04318
1 0.00459864 2.04329
1 0.00446446 2.04341
1 0.00432749 2.04353
1 0.00419276 2.04366
1 0.00405434 2.04379
1 0.00391814 2.04391
1 0.00386428 2.04396
1 0.00380606 2.04401
1 0.0037417 2.04406
1 0.0036755 2.04411
1 0.00361256 2.04416
1 0.00354315 2.04422
1 0.00347405 2.04428
1 0.00340778 2.04433
1 0.00334422 2.04438
1 0.00328345 2.04443
1 0.00321998 2.04448
1 0.00315382 2.04453
1 0.00308461 2.04459
1 0.00301941 2.04463
1 0.00294899 2.04468
1 0.0028749 2.04473
1 0.00280008 2.04478
1 0.00272736 2.04483
1 0.00265363 2.04487
1 0.00258382 2.04491
1 0.00251914 2.04494
1 0.00245764 2.04496
1 0.00239861 2.04498
1 0.00234357 2.04499
1 0.00229696 2.04499
1 0.00225063 2.04498
1 0.00220834 2.04497
1 0.00217226 2.04496
1 0.00214205 2.04493
1 0.0021122 2.0449
1 0.00208047 2.04487
1 0.00204509 2.04485
1 0.00200422 2.04484
1 0.00195959 2.04483
1 0.00191057 2.04483
1 0.00186376 2.04482
1 0.00181723 2.04481
1 0.00177096 2.0448
1 0.00172917 2.04479
1 0.00169429 2.04476
1 0.00165795 2.04473
1 0.00162618 2.0447
1 0.00159686 2.04467
1 0.00157005 2.04464
1 0.00154592 2.0446
1 0.00152237 2.04456
1 0.0014994 2.04452
1 0.00147441 2.04448
1 0.0014467 2.04444
1 0.00141532 2.0444
1 0.00138091 2.04437
1 0.00134316 2.04434
1 0.00129855 2.04433
1 0.00125664 2.04431
1 0.00120891 2.0443
1 0.00116181 2.04429
1 0.00111845 2.04427
1 0.00107672 2.04425
1 0.00103938 2.04422
1 0.00100639 2.04419
1 0.000976346 2.04415
1 0.000945358 2.04412
1 0.000914707 2.04409
1 0.000883962 2.04405
1 0.000846894 2.04404
1 0.000807721 2.04402
1 0.000760182 2.04403
1 0.000706369 2.04405
1 0.000649828 2.04407
1 0.000589119 2.04411
1 0.000526625 2.04415
1 0.000465127 2.04418
1 0.00040679 2.04421
1 0.000354004 2.04424
1 0.000300239 2.04426
1 0.000246253 2.04429
1 0.000196679 2.04431
1 0.000147361 2.04432
1 9.75517e-05 2.04434
1 4.64375e-05 2.04436
1 -7.20139e-06 2.04438
1 -5.72365e-05 2.0444
1 -0.000107998 2.04441
1 -0.000156471 2.04442
1 -0.000203888 2.04443
1 -0.000254384 2.04444
1 -0.000311565 2.04447
1 -0.000370474 2.0445
1 -0.00043498 2.04454
1 -0.000503934 2.04459
1 -0.000574224 2.04464
1 -0.000641018 2.04469
1 -0.000708357 2.04473
1 -0.000775959 2.04478
1 -0.000842203 2.04482
1 -0.000906756 2.04486
1 -0.000969575 2.04489
1 -0.00103496 2.04493
1 -0.00110277 2.04498
1 -0.00118011 2.04505
1 -0.00125766 2.04512
1 -0.00133523 2.0452
1 -0.00140893 2.04526
1 -0.00148072 2.04531
1 -0.00154858 2.04536
1 -0.00161847 2.04541
1 -0.00168286 2.04545
1 -0.00175137 2.0455
1 -0.00182282 2.04556
1 -0.0018974 2.04563
1 -0.00197479 2.04571
1 -0.00204414 2.04577
1 -0.002114 2.04583
1 -0.00218753 2.0459
1 -0.00225853 2.04597
1 -0.00233045 2.04605
1 -0.00239914 2.04611
1 -0.00247032 2.04619
1 -0.00254053 2.04626
1 -0.00261035 2.04633
1 -0.00269848 2.04642
1 -0.0027909 2.04653
1 -0.00288214 2.04663
1 -0.00297068 2.04673
1 -0.00305552 2.04682
1 -0.00313815 2.0469
1 -0.00321445 2.04696
1 -0.00329092 2.04703
1 -0.00336434 2.04708
1 -0.00343355 2.04713
1 -0.00350321 2.04717
1 -0.00357402 2.04722
1 -0.00364824 2.04728
1 -0.00371991 2.04734
1 -0.00378862 2.04738
1 -0.00385501 2.04742
1 -0.00391917 2.04745
1 -0.00398028 2.04747
1 -0.00403782 2.04749
1 -0.00409383 2.04749
1 -0.00414691 2.04749
1 -0.00419643 2.04748
1 -0.00424257 2.04745
1 -0.00428709 2.04743
1 -0.00433351 2.04741
1 -0.00438163 2.04739
1 -0.00443152 2.04739
1 -0.00448069 2.04738
1 -0.00453501 2.04739
1 -0.0045842 2.04738
1 -0.00463475 2.04738
1 -0.0046896 2.04739
1 -0.00474532 2.04741
1 -0.00480077 2.04743
1 -0.00485588 2.04745
1 -0.00490892 2.04746
1 -0.00495881 2.04746
1 -0.00500633 2.04745
1 -0.00505286 2.04743
1 -0.00509945 2.04742
1 -0.00514963 2.04742
1 -0.00520533 2.04743
1 -0.00526417 2.04746
1 -0.00533128 2.04752
1 -0.00539692 2.04758
1 -0.00545631 2.04761
1 -0.00551432 2.04765
1 -0.00556967 2.04767
1 -0.00562119 2.04768
1 -0.00566592 2.04767
1 -0.00570586 2.04764
1 -0.00573692 2.04759
1 -0.00576197 2.04751
1 -0.00578625 2.04743
1 -0.00580986 2.04735
1 -0.00583592 2.04728
1 -0.00586202 2.04721
1 -0.00588849 2.04715
1 -0.00591566 2.04709
1 -0.00593863 2.04702
1 -0.00595404 2.04693
1 -0.00597014 2.04684
1 -0.00598471 2.04674
1 -0.0059961 2.04664
1 -0.00600325 2.04651
1 -0.00600467 2.04637
1 -0.00600488 2.04623
1 -0.00600919 2.0461
1 -0.0060178 2.04599
1 -0.00602798 2.04589
1 -0.00604114 2.04581
1 -0.0060561 2.04574
1 -0.00607144 2.04567
1 -0.0060868 2.0456
1 -0.00610134 2.04553
1 -0.00611484 2.04546
1 -0.00612845 2.04539
1 -0.00613941 2.04531
1 -0.00615329 2.04525
1 -0.00616688 2.0452
1 -0.00618173 2.04515
1 -0.00619355 2.04509
1 -0.00620318 2.04503
1 -0.00621344 2.04497
1 -0.00622293 2.04491
1 -0.00623084 2.04484
1 -0.00623875 2.04478
1 -0.006244 2.04471
1 -0.0062428 2.04461
1 -0.00624133 2.04452
1 -0.00624224 2.04443
1 -0.00624331 2.04435
1 -0.00624243 2.04427
1 -0.00621663 2.04407
1 -0.00619379 2.04389
2 1.76882 -9.33713
2 1.76882 -9.33713
2 1.76882 -9.33713
2 1.76882 -9.33713
2 1.76882 -9.33713
2 1.76882 -9.33713
2 1.76882 -9.33713
2 1.76882 -9.33713
2 1.76882 -9.33713
2 1.76882 -9.33713
2 1.76882 -9.33713
2 1.76882 -9.33713
2 1.76882 -9.33713
2 1.76882 -9.33713
2 1.76882 -9.33713
2 1.76882 -9.33713
2 1.76882 -9.33713
2 1.76882 -9.33713
2 1.76882 -9.33713
2 1.76882 -9.33713
2 1.76882 -9.33713
2 1.76882 -9.33713
2 1.76882 -9.33713
2 1.76882 -9.33713
2 1.76882 -9.33713
2 1.76882 -9.33713
2 1.76882 -9.33713
2 1.76882 -9.33713
2 1.76882 -9.33713
2 1.76882 -9.33713
2 1.76882 -9.33713
2 1.76882 -9.33713
2 1.76882 -9.33713
2 1.76882 -9.33713
2 1.76882 -9.33713
2 1.76882 -9.33713
2 1.76882 -9.33713
2 1.76882 -9.33713
2 1.76882 -9.33713
2 1.76882 -9.33713
2 1.76882 -9.33713
2 1.76882 -9.33713
2 1.76882 -9.33713
2 1.76795 -9.33068
2 1.7671 -9.32439
2 1.76627 -9.31821
2 1.76546 -9.3122
2 1.76468 -9.30639
2 1.76393 -9.30078
2 1.7632 -9.29531
2 1.76251 -9.29017
2 1.76183 -9.28507
2 1.76183 -9.28507
2 1.76183 -9.28507
2 1.76183 -9.28507
2 1.76183 -9.28507
2 1.76183 -9.28507
2 1.76183 -9.28507
2 1.76183 -9.28507
2 1.76183 -9.28507
2 1.76183 -9.28507
2 1.76183 -9.28507
2 1.76183 -9.28507
2 1.76183 -9.28507
2 1.76183 -9.28507
2 1.76118 -9.28021
2 1.76084 -9.2775
2 1.76052 -9.27497
2 1.76022 -9.27263
2 1.75993 -9.27034
2 1.75966 -9.26814
2 1.75939 -9.26602
2 1.75916 -9.26414
2 1.75894 -9.26238
2 1.75874 -9.26071
2 1.75856 -9.25922
2 1.75841 -9.25788
2 1.75807 -9.25583
2 1.75774 -9.25385
2 1.7574 -9.25182
2 1.75705 -9.24975
2 1.75671 -9.24771
2 1.75638 -9.24569
2 1.75603 -9.24364
2 1.75603 -9.24364
2 1.75603 -9.24364
2 1.75603 -9.24364
2 1.75603 -9.24364
2 1.75603 -9.24364
2 1.75568 -9.24147
2 1.75568 -9.24147
2 1.75568 -9.24147
2 1.75568 -9.24147
2 1.75568 -9.24147
2 1.75568 -9.24147
2 1.75568 -9.24147
2 1.75568 -9.24147
2 1.75568 -9.24147
2 1.75568 -9.24147
2 1.75568 -9.24147
2 1.75568 -9.24147
2 1.75568 -9.24147
2 1.75568 -9.24147
2 1.75568 -9.24147
2 1.75532 -9.2393
2 1.75532 -9.2393
2 1.75532 -9.2393
2 1.75497 -9.23716
2 1.75462 -9.23512
2 1.75428 -9.23315
2 1.75395 -9.23132
2 1.75363 -9.22946
2 1.7533 -9.22756
2 1.75297 -9.22564
2 1.75264 -9.22374
2 1.75233 -9.22195
2 1.75203 -9.22029
2 1.75173 -9.21863
2 1.75144 -9.21698
2 1.75116 -9.21539
2 1.75087 -9.21381
2 1.7506 -9.21227
2 1.75033 -9.21081
2 1.75008 -9.20943
2 1.74982 -9.20799
2 1.74956 -9.20653
2 1.74932 -9.2052
2 1.74908 -9.20399
2 1.74885 -9.20279
2 1.74862 -9.20162
2 1.74839 -9.20046
2 1.74817 -9.19934
2 1.74796 -9.19832
2 1.74776 -9.19737
2 1.74756 -9.19641
2 1.74738 -9.19558
2 1.74721 -9.19481
2 1.74705 -9.19415
2 1.7469 -9.19361
2 1.74676 -9.19309
2 1.74661 -9.19247
2 1.74646 -9.1919
2 1.74632 -9.19141
2 1.7462 -9.19103
2 1.74609 -9.19073
2 1.74597 -9.19039
2 1.74586 -9.19004
2 1.74576 -9.18988
2 1.74566 -9.18961
2 1.74555 -9.18928
2 1.74543 -9.18893
2 1.74534 -9.18871
2 1.74526 -9.18864
2 1.74517 -9.18849
2 1.74508 -9.18832
2 1.745 -9.18824
2 1.74494 -9.18826
2 1.74487 -9.18823
2 1.74479 -9.18812
2 1.74471 -9.188
2 1.74464 -9.18797
2 1.74458 -9.18799
2 1.74453 -9.18814
2 1.74449 -9.18834
2 1.74444 -9.18848
2 1.74441 -9.18872
2 1.74438 -9.18899
2 1.74435 -9.18932
2 1.74433 -9.18969
2 1.74431 -9.19005
2 1.7443 -9.19049
2 1.7443 -9.19099
2 1.74431 -9.1916
2 1.74431 -9.19212
2 1.74431 -9.19265
2 1.74431 -9.19322
2 1.74433 -9.19384
2 1.74434 -9.19445
2 1.74436 -9.19516
2 1.74438 -9.19587
2 1.74441 -9.19664
2 1.74444 -9.19736
2 1.74447 -9.19813
2 1.7445 -9.19894
2 1.74453 -9.19971
2 1.74474 -9.20192
2 1.74494 -9.20408
3 -1.20069 20.2283
3 -1.20069 20.2283
3 -1.20069 20.2283
3 -1.20069 20.2283
3 -1.20069 20.2283
3 -1.20069 20.2283
3 -1.20069 20.2283
3 -1.20069 20.2283
3 -1.20069 20.2283
3 -1.20069 20.2283
3 -1.20069 20.2283
3 -1.20069 20.2283
3 -1.20069 20.2283
3 -1.20069 20.2283
3 -1.20069 20.2283
3 -1.20069 20.2283
3 -1.20069 20.2283
3 -1.20069 20.2283
3 -1.20069 20.2283
3 -1.20069 20.2283
3 -1.20069 20.2283
3 -1.20069 20.2283
3 -1.20069 20.2283
3 -1.20069 20.2283
3 -1.20069 20.2283
3 -1.20069 20.2283
3 -1.20069 20.2283
3 -1.20069 20.2283
3 -1.20069 20.2283
3 -1.20069 20.2283
3 -1.20069 20.2283
3 -1.20069 20.2283
3 -1.20069 20.2283
3 -1.20136 20.2337
3 -1.20201 20.239
3 -1.20262 20.244
3 -1.20318 20.2484
3 -1.20372 20.2527
3 -1.20423 20.2567
3 -1.20469 20.2604
3 -1.20513 20.2638
3 -1.20554 20.267
3 -1.20554 20.267
3 -1.20554 20.267
3 -1.20593 20.27
3 -1.20624 20.2722
3 -1.20652 20.2742
3 -1.20677 20.276
3 -1.20699 20.2776
3 -1.20721 20.279
3 -1.20741 20.2804
3 -1.20759 20.2815
3 -1.20774 20.2824
3 -1.20789 20.2833
3 -1.20803 20.2841
3 -1.20814 20.2847
3 -1.20825 20.2853
3 -1.20833 20.2856
3 -1.20842 20.286
3 -1.20848 20.2862
3 -1.20854 20.2863
3 -1.20858 20.2863
3 -1.20862 20.2862
3 -1.20865 20.2861
3 -1.20867 20.2859
3 -1.20868 20.2856
3 -1.20868 20.2852
3 -1.20866 20.2847
3 -1.20863 20.2841
3 -1.2086 20.2834
3 -1.20854 20.2826
3 -1.20848 20.2817
3 -1.20842 20.2807
3 -1.20834 20.2797
3 -1.20825 20.2785
3 -1.20816 20.2773
3 -1.20805 20.276
3 -1.20793 20.2746
3 -1.20781 20.2731
3 -1.20768 20.2716
3 -1.20754 20.27
3 -1.20739 20.2683
3 -1.20724 20.2666
3 -1.20707 20.2648
3 -1.20691 20.2629
3 -1.20674 20.2611
3 -1.20656 20.2592
3 -1.20638 20.2572
3 -1.20619 20.2552
3 -1.20601 20.2532
3 -1.20582 20.2512
3 -1.20563 20.2491
3 -1.20544 20.2471
3 -1.20526 20.245
3 -1.20507 20.243
3 -1.20488 20.241
3 -1.20469 20.2389
3 -1.2045 20.2368
3 -1.2043 20.2347
3 -1.20411 20.2326
3 -1.20391 20.2304
3 -1.20372 20.2283
3 -1.20352 20.2262
3 -1.20332 20.224
3 -1.20312 20.2218
3 -1.20292 20.2196
3 -1.20272 20.2175
3 -1.20253 20.2153
3 -1.20232 20.2131
3 -1.20212 20.2108
3 -1.20192 20.2086
3 -1.20171 20.2064
3 -1.2015 20.2041
3 -1.20129 20.2018
3 -1.20109 20.1996
3 -1.2009 20.1974
3 -1.2007 20.1952
3 -1.20051 20.1931
3 -1.20032 20.191
3 -1.20013 20.1889
3 -1.19995 20.1868
3 -1.19977 20.1847
3 -1.19958 20.1826
3 -1.19939 20.1805
3 -1.19921 20.1784
3 -1.19903 20.1763
3 -1.19903 20.1763
3 -1.19903 20.1763
3 -1.19903 20.1763
3 -1.19903 20.1763
3 -1.19903 20.1763
3 -1.19903 20.1763
3 -1.19903 20.1763
3 -1.19903 20.1763
3 -1.19903 20.1763
3 -1.19903 20.1763
3 -1.19903 20.1763
3 -1.19903 20.1763
3 -1.19903 20.1763
3 -1.19903 20.1763
3 -1.19903 20.1763
3 -1.19903 20.1763
3 -1.19903 20.1763
4 0.0563694 12.4774
4 0.0566392 12.4762
4 0.0569088 12.475
4 0.0571761 12.4738
4 0.0574422 12.4726
4 0.0577075 12.4715
4 0.057968 12.4704
4 0.0582256 12.4692
4 0.0584803 12.4681
4 0.0587304 12.4671
4 0.0589797 12.466
4 0.0592294 12.465
4 0.0594779 12.4639
4 0.0597259 12.4629
4 0.0599697 12.4618
4 0.0602096 12.4608
4 0.0604473 12.4599
4 0.0606837 12.4589
4 0.0609205 12.4579
4 0.0611571 12.4569
4 0.0613916 12.456
4 0.0616247 12.455
4 0.0618559 12.4541
4 0.0620842 12.4532
4 0.062312 12.4523
4 0.06254 12.4514
4 0.0627672 12.4505
4 0.0629926 12.4496
4 0.0632194 12.4487
4 0.0634479 12.4478
4 0.063679 12.4469
4 0.0639109 12.4461
4 0.0641417 12.4452
4 0.0643759 12.4443
4 0.0646118 12.4434
4 0.064851 12.4425
4 0.0650905 12.4416
4 0.0653306 12.4408
4 0.065569 12.4399
4 0.065807 12.439
4 0.0660454 12.4382
4 0.0662796 12.4373
4 0.0664968 12.4365
4 0.0667115 12.4357
4 0.0669249 12.435
4 0.0671344 12.4342
4 0.0673431 12.4334
4 0.0675518 12.4327
4 0.0677591 12.4319
4 0.0679657 12.4312
4 0.0681715 12.4305
4 0.068374 12.4298
4 0.0685743 12.4291
4 0.068773 12.4284
4 0.0689709 12.4277
4 0.0691681 12.427
4 0.0693662 12.4264
4 0.0695652 12.4257
4 0.0697657 12.425
4 0.0699655 12.4243
4 0.0701629 12.4237
4 0.0703616 12.423
4 0.0705611 12.4224
4 0.0707572 12.4217
4 0.0709496 12.4211
4 0.0711412 12.4205
4 0.0713339 12.4199
4 0.0715226 12.4193
4 0.0717127 12.4187
4 0.0719007 12.4181
4 0.0720874 12.4175
4 0.0722737 12.4169
4 0.0724606 12.4163
4 0.0726482 12.4158
4 0.0728347 12.4152
4 0.0730214 12.4147
4 0.0732091 12.4141
4 0.0733961 12.4135
4 0.0735846 12.413
4 0.073771 12.4125
4 0.0739578 12.4119
4 0.0741442 12.4114
4 0.0743299 12.4109
4 0.0745136 12.4103
4 0.0746951 12.4098
4 0.074874 12.4093
4 0.0750503 12.4089
4 0.0752247 12.4084
4 0.0753977 12.4079
4 0.0755685 12.4074
4 0.0757405 12.407
4 0.0759148 12.4065
4 0.0760908 12.4061
4 0.0762686 12.4056
4 0.0764466 12.4052
4 0.0766251 12.4047
4 0.0768017 12.4043
4 0.0769775 12.4039
4 0.0771535 12.4034
4 0.0773289 12.403
4 0.077506 12.4026
4 0.0776834 12.4021
4 0.077861 12.4017
4 0.0780352 12.4013
4 0.0782103 12.4009
4 0.0783863 12.4005
4 0.0785601 12.4001
4 0.0787326 12.3998
4 0.0789046 12.3994
4 0.0790767 12.399
4 0.0792485 12.3986
4 0.0794201 12.3983
4 0.079587 12.3979
4 0.0797536 12.3976
4 0.0799197 12.3972
4 0.0800834 12.3969
