0.554595
0.547844
0.539807
0.534471
0.523935
0.518701
0.512219
0.504517
0.500732
0.494379
0.486688
0.481501
0.476338
0.464856
0.458619
0.457384
0.447522
0.441375
0.433942
0.429023
0.424111
0.418079
0.410844
0.405967
0.399858
0.392596
0.3878
0.383083
0.37849
0.372844
0.366139
0.361763
0.352184
0.346703
0.345575
0.336118
0.331027
0.324373
0.316104
0.310544
0.304931
0.299317
0.292397
0.28418
0.278749
0.273373
0.26008
0.25354
0.248313
0.243042
0.236344
0.22821
0.222818
0.21742
0.21075
0.20303
0.197975
0.191754
0.184441
0.179723
0.175179
0.169635
0.162939
0.158429
0.149191
0.143313
0.136226
0.131532
0.125804
0.119185
0.1148
0.109255
0.102589
0.0981016
0.0935723
0.0878636
0.0809348
0.0763706
0.071854
0.0661747
0.059295
0.05582
0.0500437
0.0442979
0.0374201
0.0328203
0.0281686
0.0177481
0.0110289
0.00664126
0.00241004
0.00165334
0.00640834
0.0117226
0.0150632
0.0182192
0.0248459
0.0284289
0.0291494
0.0350449
0.0380464
0.0417832
0.0454308
0.0497936
0.0519516
0.0555373
0.0599692
0.0629862
0.0668625
0.0715893
0.0747577
0.0779598
0.0811544
0.0888966
0.0925218
0.0952828
0.0979012
0.10105
0.104763
0.107203
0.10957
0.11181
0.114357
0.117217
0.119131
0.121633
0.124756
0.126939
0.131998
0.13484
0.137639
0.139841
0.142457
0.14536
0.147196
0.149364
0.151679
0.152714
0.154289
0.155926
0.156923
0.157788
0.158735
0.15961
0.159924
0.160351
0.160807
0.161136
0.161753
0.162145
0.162629
0.163013
0.163453
0.164011
0.164594
0.165006
0.165393
0.166014
0.166193
0.166193
0.166073
0.165903
0.165702
0.165569
0.165496
0.165304
0.164926
0.164506
0.163904
0.163151
0.162084
0.160691
0.159786
0.158107
0.157048
0.15588
0.155143
0.154364
0.153484
0.152257
0.150732
0.149751
0.148877
0.147926
0.147067
0.146641
0.146297
0.145463
0.145073
0.144572
0.144011
0.143357
0.142867
0.14222
0.141504
0.140675
0.140343
0.139927
0.139567
0.139343
0.139053
0.138473
0.137697
0.136587
0.135771
0.134915
0.132883
0.132681
0.130851
0.129665
0.128119
0.127026
0.12596
0.12465
0.123132
0.122167
0.121115
0.120095
0.119603
0.119204
0.11885
0.118558
0.118231
0.117925
0.117571
0.11717
0.115927
0.115793
0.114639
0.113954
0.113416
0.113084
0.113082
0.11332
0.113709
0.113964
0.114237
0.114642
0.115025
0.115287
0.115271
0.115116
0.11479
0.114229
0.113868
0.113117
0.111873
0.110879
0.10837
0.106793
0.106447
0.103375
0.101681
0.099417
0.097104
0.0943072
0.0928813
0.0903962
0.0874292
0.0860553
0.0840603
0.0820861
0.0809439
0.078757
0.0774689
0.0759569
0.0749585
0.0739946
0.0727954
0.0712148
0.0700414
0.0688088
0.0671314
0.0654237
0.0634549
0.0622879
0.061213
0.0598731
0.0582441
0.0572254
0.0561378
0.0549894
0.0541755
0.052545
0.051502
0.0502196
0.0493981
0.0486361
0.0476897
0.0465937
0.0459922
0.0454808
0.0450038
0.0440614
0.0437886
0.0434344
0.0432794
0.0432224
0.0432608
0.0433445
0.0434186
0.0435116
0.0437047
0.0438332
0.0440669
0.0444295
0.0459443
0.0469437
0.0482037
0.0501989
0.0531575
0.0554941
0.0580584
0.0608561
0.0645766
0.0714039
0.075004
0.07774
0.0804285
0.083029
0.0855935
0.0882081
0.0949416
0.0956092
0.101684
0.105105
0.108452
0.111089
0.113744
0.117161
0.120565
0.123188
0.126401
0.130348
0.132989
0.135648
0.141009
0.144483
0.148676
0.151455
0.154158
0.15749
0.161548
0.164224
0.166854
0.169442
0.17429
0.177021
0.180246
0.181859
0.184551
0.187964
0.190348
0.192819
0.195941
0.199776
0.202332
0.204903
0.208238
0.212557
0.21554
0.218468
0.225333
0.228599
0.231072
0.233361
0.23602
0.238912
0.240301
0.242626
0.245073
0.248155
0.250345
0.252623
0.257809
0.258924
0.261057
0.264814
0.266439
0.268189
0.270161
0.271155
0.272766
0.274671
0.275661
0.278616
0.27928
0.280648
0.282035
0.285316
0.287041
0.288574
0.290185
0.291845
0.293959
0.29641
0.297975
0.299425
0.302127
0.303413
0.304642
0.305721
0.306956
0.308587
0.310714
0.31182
0.313365
0.315457
0.318165
0.319551
0.323797
0.325265
0.326872
0.328549
0.329606
0.330617
0.331636
0.332624
0.333594
0.335975
0.336747
0.337851
0.339086
0.340402
0.343989
0.344357
0.347313
0.348748
0.350556
0.352666
0.353632
0.355111
0.356768
0.357832
0.358925
0.360264
0.361867
0.36443
0.366345
0.366749
0.36996
0.371745
0.37365
0.374529
0.375988
0.377735
0.37865
0.380232
0.382153
0.38338
0.384616
0.387276
0.388946
0.390768
0.391861
0.392951
0.394435
0.396084
0.398172
0.399529
0.400904
0.402275
0.405192
0.407099
0.408253
0.409732
0.411376
0.413151
0.414376
0.417
0.41873
0.42062
0.423004
0.4243
0.426629
0.429609
0.431624
0.433591
0.435538
0.437884
0.440547
0.442214
0.445693
0.446411
0.44775
0.450305
0.451947
0.453964
0.454919
0.456098
0.457213
0.459525
0.460048
0.461106
0.463074
0.464052
0.465325
0.466831
0.467619
0.468681
0.470666
0.471839
0.473147
0.4739
0.47459
0.475306
0.476346
0.477717
0.478391
0.479564
0.481026
0.482741
0.483759
0.484729
0.485695
0.486509
0.487359
0.488169
0.489145
0.490167
0.490578
0.491511
0.491783
0.491816
0.491935
0.49213
0.492196
0.492526
0.49309
0.494842
0.495927
0.496791
0.497746
0.498684
0.499257
0.499854
0.500264
0.500655
0.50131
0.501759
0.502125
0.502536
0.503202
0.50418
0.504838
0.505427
0.505999
0.507058
0.507598
0.50828
0.508803
0.509335
0.509856
0.510403
0.511018
0.512658
0.513327
0.513981
0.514564
0.515281
0.516187
0.516913
0.517757
0.519889
0.521046
0.522194
0.523338
0.525565
0.525967
0.526736
0.528165
0.528903
0.529647
0.530431
0.531422
0.532708
0.53439
0.535244
0.536055
0.536688
0.537283
0.537898
0.538575
0.539007
0.539393
0.539778
0.540205
0.540375
0.540854
0.541139
0.541283
0.541255
0.541231
0.541296
0.541481
0.5416
0.541726
0.54196
0.542289
0.542463
0.543223
0.543392
0.543618
0.544266
0.544687
0.545207
0.54571
0.546273
0.547132
0.548253
0.549072
0.54994
0.550775
0.551765
0.88586
0.86276
0.840101
0.81792
0.7908
0.758965
0.743345
0.692762
0.687825
0.668352
0.621523
0.616973
0.581364
0.564055
0.54289
0.518232
0.502178
0.482528
0.459436
0.44444
0.429812
0.415605
0.385066
0.368798
0.352978
0.340621
0.328595
0.316948
0.302844
0.286436
0.273187
0.257724
0.247578
0.237535
0.225054
0.210282
0.203058
0.191253
0.177447
0.168503
0.151116
0.140445
0.127995
0.119981
0.112144
0.104562
0.0953384
0.0846329
0.0794572
0.0710055
0.0609794
0.0542885
0.0458506
0.0356595
0.0289458
0.014458
0.00989055
0.00544876
0.00173329
0.0101124
0.0155271
0.0207947
0.0337403
0.0400553
0.0461132
0.0519033
0.0563447
0.0616488
0.0678229
0.0717404
0.0754895
0.07915
0.0827048
0.0869323
0.0917595
0.0940778
0.101539
0.105335
0.106098
0.112153
0.115779
0.120039
0.122855
0.1257
0.128603
0.132203
0.136264
0.138865
0.141486
0.144789
0.148826
0.151483
0.156595
0.158994
0.161948
0.164832
0.167125
0.170044
0.172355
0.174619
0.180164
0.180693
0.184767
0.187122
0.189865
0.191629
0.193355
0.195118
0.19686
0.198975
0.200962
0.203051
0.205405
0.206622
0.206843
0.208537
0.209664
0.211013
0.21193
0.212901
0.213859
0.215092
0.216613
0.217593
0.218598
0.220783
0.221759
0.221928
0.223138
0.223683
0.224302
0.22499
0.225366
0.225848
0.226885
0.227517
0.227632
0.228669
0.229381
0.23026
0.231305
0.232263
0.233278
0.234358
0.235697
0.237091
0.237898
0.238598
0.239599
0.239685
0.239507
0.239052
0.238431
0.237634
0.23697
0.236335
0.235657
0.235093
0.234784
0.234341
0.233692
0.23328
0.232963
0.232724
0.232518
0.232405
0.232322
0.232025
0.231665
0.231209
0.230588
0.229835
0.228919
0.226648
0.225493
0.224627
0.223686
0.222613
0.221972
0.221435
0.221044
0.220721
0.220364
0.220004
0.219772
0.219366
0.219131
0.21893
0.218826
0.218782
0.21866
0.218641
0.218448
0.218291
0.218116
0.217876
0.217411
0.216674
0.215698
0.215151
0.214697
0.214025
0.212888
0.211909
0.210469
0.208939
0.207357
0.206044
0.204765
0.202137
0.200808
0.199109
0.197387
0.195178
0.193677
0.192131
0.190475
0.188787
0.185455
0.183511
0.181262
0.180113
0.178507
0.176433
0.173786
0.171953
0.170024
0.165986
0.163552
0.160848
0.159536
0.157355
0.154822
0.153261
0.151804
0.150394
0.148683
0.146561
0.143836
0.141877
0.139559
0.13837
0.136343
0.133894
0.132639
0.131001
0.127752
0.126046
0.123937
0.122295
0.120691
0.117037
0.115083
0.113232
0.111437
0.109977
0.108466
0.106443
0.104325
0.102577
0.100854
0.0970248
0.0948468
0.0927081
0.0910796
0.0896123
0.0879563
0.0862088
0.0854275
0.0841726
0.082838
0.0821055
0.0814451
0.0804528
0.0801053
0.0798626
0.0796682
0.0794909
0.0793226
0.0790267
0.0780767
0.0775476
0.0770882
0.0765197
0.0757958
0.0747779
0.073953
0.072909
0.0723984
0.0718068
0.0710368
0.0707239
0.0704599
0.0703503
0.0702233
0.0700555
0.0698592
0.0693936
0.0693173
0.0692495
0.0690973
0.0688977
0.0687052
0.0686085
0.0687711
0.0694496
0.0709818
0.0724183
0.0742213
0.0764187
0.0797232
0.084311
0.0910721
0.095649
0.0995152
0.103567
0.108899
0.115435
0.11986
0.12439
0.129057
0.139781
0.142133
0.151132
0.155433
0.160704
0.167
0.170115
0.17514
0.180002
0.18559
0.188329
0.192761
0.197941
0.201287
0.204623
0.211997
0.213597
0.21678
0.220646
0.225124
0.227264
0.23422
0.237109
0.24075
0.244368
0.248797
0.251705
0.254482
0.257142
0.259732
0.262226
0.267765
0.268264
0.272644
0.27511
0.275621
0.279787
0.281932
0.284784
0.287833
0.289086
0.295662
0.299066
0.301857
0.30541
0.309834
0.312833
0.315815
0.31868
0.32414
0.326683
0.329118
0.331481
0.333741
0.338292
0.339237
0.342926
0.34475
0.347064
0.349722
0.351462
0.353194
0.354869
0.35692
0.359436
0.361074
0.362666
0.364538
0.366664
0.368104
0.37105
0.372974
0.375468
0.377254
0.379055
0.380892
0.384375
0.38627
0.387247
0.388398
0.389364
0.390398
0.391396
0.391866
0.392279
0.392089
0.391377
0.390585
0.389572
0.388341
0.38647
0.3839
0.382111
0.380272
0.376218
0.374044
0.373612
0.370125
0.367994
0.358807
0.358807
0.357356
0.355865
0.352431
0.350506
0.348486
0.346341
0.344646
0.342971
0.341015
0.339187
0.337284
0.336418
0.334059
0.332826
0.331568
0.33034
0.328797
0.326803
0.325795
0.32312
0.321821
0.321035
0.319619
0.318181
0.316155
0.314744
0.313361
0.312265
0.311021
0.309661
0.308987
0.307858
0.306569
0.306006
0.304704
0.304084
0.303566
0.303077
0.302731
0.302421
0.302113
0.301799
0.301564
0.30145
0.300987
0.300739
0.300739
0.300388
0.300167
0.29987
0.299351
0.298308
0.297447
0.296678
0.295947
0.29523
0.294341
0.293407
0.292383
0.291974
0.291798
0.291128
0.290864
0.290804
0.290799
0.290898
0.291015
0.291236
0.291585
0.29179
0.291846
0.291502
0.291344
0.290734
0.290485
0.290322
0.290309
0.290445
0.290537
0.290701
0.291304
0.291939
0.292778
0.293387
0.294004
0.294543
0.295439
0.295888
0.296397
0.296988
0.297623
0.298843
0.299057
0.299445
0.300318
0.435524
0.397486
0.355332
0.332401
0.310194
0.28871
0.262815
0.232968
0.218556
0.181791
0.164294
0.143138
0.118723
0.102884
0.087456
0.0578305
0.043554
0.0295793
0.0159245
0.000686209
0.0198451
0.0291417
0.0587046
0.0615584
0.0838611
0.0972191
0.0998367
0.12241
0.134204
0.145405
0.156095
0.164311
0.174162
0.185583
0.191142
0.198344
0.205363
0.213911
0.228536
0.236175
0.242096
0.249204
0.254656
0.261254
0.268771
0.272406
0.278276
0.285159
0.288577
0.298693
0.300882
0.309553
0.313753
0.317819
0.322598
0.327126
0.330552
0.333796
0.340569
0.341961
0.346949
0.349716
0.351799
0.354162
0.356587
0.358056
0.359472
0.360919
0.362743
0.364968
0.366122
0.369681
0.370459
0.373333
0.375357
0.376634
0.377881
0.37908
0.381258
0.382295
0.383518
0.384336
0.385065
0.385933
0.386971
0.387746
0.388796
0.389407
0.390996
0.391293
0.392264
0.392595
0.392869
0.393054
0.392968
0.392831
0.392089
0.391519
0.390965
0.390519
0.3902
0.389928
0.389751
0.389999
0.390238
0.390479
0.390654
0.390861
0.390974
0.391124
0.391197
0.391194
0.391188
0.39116
0.391038
0.390872
0.390559
0.390346
0.389639
0.389124
0.388567
0.388172
0.387687
0.387263
0.387165
0.387105
0.387031
0.386988
0.387083
0.387177
0.387254
0.387241
0.38722
0.387241
0.387428
0.387779
0.388815
0.389426
0.389952
0.390393
0.39061
0.390653
0.390612
0.390473
0.390383
0.390244
0.39019
0.390194
0.390222
0.390229
0.390048
0.389868
0.389738
0.389698
0.389652
0.389399
0.389019
0.388409
0.387826
0.387204
0.386461
0.385787
0.385537
0.385344
0.385676
0.390588
0.390588
0.391425
0.392211
0.392567
0.393097
0.393829
0.39482
0.395565
0.3971
0.397984
0.398993
0.399566
0.400086
0.400581
0.401059
0.401528
0.4018
0.402401
0.402799
0.403425
0.4044
0.405164
0.406021
0.407119
0.407926
0.408682
0.41019
0.410522
0.411914
0.412858
0.413741
0.414461
0.415277
0.415998
0.416387
0.417066
0.417849
0.418191
0.419044
0.419547
0.42008
0.420661
0.421251
0.421561
0.421825
0.42246
0.422864
0.423361
0.424061
0.425112
0.425788
0.42781
0.428847
0.430127
0.431727
0.432571
0.434118
0.436052
0.437043
0.44026
0.441358
0.443076
0.445013
0.446271
0.447701
0.449327
0.450141
0.451182
0.453381
0.454472
0.454685
0.45655
0.457758
0.459019
0.46049
0.461395
0.462331
0.463005
0.463343
0.463724
0.463952
0.46405
0.464059
0.46383
0.463732
0.463589
0.46336
0.463105
0.462789
0.462117
0.461816
0.46148
0.461122
0.460758
0.460613
0.46059
0.460617
0.460713
0.460854
0.461396
0.461913
0.462441
0.463029
0.463329
0.463811
0.4643
0.46463
0.465011
0.465375
0.465748
0.466136
0.466388
0.466891
0.467045
0.467078
0.467371
0.467629
0.468116
0.468817
0.469214
0.470014
0.471028
0.471531
0.472309
0.473185
0.4745
0.475118
0.475611
0.476026
0.476372
0.476594
0.476703
0.476974
0.477017
0.476999
0.476866
0.476728
0.476654
0.476784
0.477295
0.47862
0.480079
0.484203
0.486779
0.489646
0.492796
0.496982
0.501431
0.50698
0.509859
0.518763
0.520797
0.524955
0.533752
0.53951
0.54658
0.551286
0.557216
0.560806
0.566744
0.572523
0.581469
0.585804
0.590065
0.594214
0.599146
0.604813
0.608487
0.61202
0.618451
0.621433
0.624351
0.629967
0.632767
0.635566
0.639053
0.643129
0.645826
0.648444
0.653602
0.656144
0.659174
0.660959
0.663978
0.667628
0.670122
0.672586
0.677361
0.680169
0.683485
0.68507
0.68755
0.690316
0.691669
0.693408
0.697185
0.699291
0.700967
0.702591
0.704113
0.705488
0.707656
0.708551
0.709449
0.710535
0.711679
0.712229
0.713224
0.714537
0.716313
0.717131
0.717933
0.718682
0.719572
0.72047
0.721037
0.721519
0.722322
0.722652
0.722714
0.722608
0.722277
0.721741
0.721272
0.720727
0.720121
0.718676
0.718334
0.717581
0.715945
0.714917
0.713555
0.712514
0.711067
0.709094
0.70807
0.706681
0.704904
0.702843
0.701859
0.698992
0.698384
0.695956
0.694741
0.693124
0.690931
0.689692
0.688406
0.684139
0.683155
0.681237
0.67743
0.676691
0.675331
0.673786
0.671925
0.670502
0.667324
0.665582
0.663157
0.659995
0.658384
0.655593
0.652164
0.649953
0.647181
0.64243
0.639959
0.63685
0.63296
0.630232
0.627427
0.624519
0.620787
0.616281
0.613271
0.607462
0.604669
0.601924
0.599157
0.59631
0.590548
0.586979
0.582672
0.579709
0.576671
0.573577
0.570509
0.564398
0.560658
0.556216
0.553232
0.550269
0.547338
0.543723
0.538793
0.535204
0.530687
0.528329
0.524394
0.5197
0.517329
0.51337
0.508547
0.506053
0.501746
0.496255
0.489505
0.485587
0.480779
0.475243
0.472516
0.468817
0.461255
0.457373
0.453372
0.44527
0.441249
0.437186
0.43206
0.42695
0.420758
0.415481
0.409082
0.403581
0.397929
0.396788
0.387672
0.381921
