0.565275
0.557103
0.549099
0.541266
0.5351
0.528958
0.521281
0.51216
0.506205
0.500262
0.494327
0.480971
0.477977
0.466019
0.460008
0.45258
0.445353
0.436751
0.430973
0.423679
0.414895
0.408988
0.403098
0.397186
0.383988
0.376697
0.37091
0.365172
0.359534
0.352493
0.344053
0.3384
0.332791
0.327225
0.32035
0.306977
0.305647
0.295049
0.288374
0.281758
0.275175
0.270002
0.26484
0.259668
0.253213
0.245577
0.240555
0.230817
0.225007
0.218251
0.214989
0.210723
0.206462
0.201028
0.194311
0.190888
0.179073
0.177865
0.173031
0.162409
0.160108
0.151242
0.146038
0.140969
0.136109
0.132344
0.127743
0.122434
0.118976
0.115519
0.112009
0.107566
0.102274
0.0987807
0.0953462
0.0873814
0.086619
0.0807168
0.0779071
0.0752467
0.0721808
0.0686646
0.0668861
0.0639029
0.06021
0.057682
0.0519752
0.0488548
0.0464826
0.0442461
0.0414992
0.0381349
0.0364574
0.0336178
0.0301437
0.0278012
0.0254109
0.0230431
0.0179083
0.0144607
0.0121403
0.00980466
0.00695166
0.00358037
0.00190915
0.000326139
0.00545257
0.0081425
0.00866484
0.0126882
0.0145115
0.0161777
0.0176241
0.0191742
0.0204971
0.0220883
0.0226886
0.0233938
0.0242516
0.0248886
0.0255559
0.0262213
0.0269794
0.0278486
0.0284139
0.0289706
0.030431
0.031393
0.0324732
0.0336099
0.034303
0.0359956
0.0371722
0.0384319
0.0405206
0.0405206
0.0403306
0.0400473
0.0394516
0.0393567
0.0389087
0.0384865
0.0383811
0.0379642
0.0372644
0.0372377
0.0372237
0.0371989
0.0370675
0.0368446
0.0365139
0.03587
0.0346935
0.0339382
0.0325881
0.0309257
0.0298074
0.0286625
0.0261495
0.0248221
0.0238003
0.0225005
0.0209268
0.0198089
0.0186168
0.0171492
0.0160092
0.0149402
0.0138907
0.0116475
0.0104863
0.00945826
0.00873231
0.00787119
0.00690827
0.00622977
0.00554603
0.00479791
0.00379875
0.00244699
0.00142829
0.000744779
0.00204504
0.00323397
0.00440001
0.00565522
0.00700125
0.00855613
0.0103535
0.0119167
0.0139303
0.0159753
0.0175381
0.0193838
0.0215607
0.0226056
0.0242649
0.0262201
0.0276119
0.0305888
0.0320798
0.0335162
0.0348236
0.0370694
0.0379532
0.0389209
0.0399353
0.0404443
0.0413462
0.0424276
0.043179
0.0440027
0.0448343
0.0466724
0.047107
0.0487746
0.0494644
0.0501667
0.0508781
0.0513404
0.0518789
0.0525765
0.0533849
0.0554731
0.0559719
0.0580157
0.058977
0.0602098
0.0618753
0.0629855
0.0641315
0.0653653
0.0666155
0.0693631
0.0699625
0.0722571
0.0732644
0.0743675
0.0753933
0.0759538
0.0764087
0.0768338
0.0773344
0.0782931
0.0789928
0.0799552
0.0804689
0.0813084
0.0821572
0.0825476
0.082757
0.0825442
0.082135
0.0815554
0.081184
0.0808881
0.0806087
0.0796141
0.0794984
0.0790471
0.0782559
0.0780971
0.0775621
0.0773125
0.0771187
0.0769866
0.0770679
0.0772317
0.0775068
0.0779605
0.0783829
0.0796544
0.080445
0.0815857
0.0830252
0.0837568
0.0850296
0.0867247
0.0875798
0.0894583
0.0900495
0.0904774
0.0908365
0.0912282
0.0913901
0.0916244
0.0919313
0.0920692
0.092288
0.0930083
0.0936149
0.0942082
0.0949024
0.0957628
0.0965611
0.0972844
0.0976911
0.0981328
0.0985859
0.099351
0.0995631
0.0996073
0.1001
0.100347
0.100642
0.101075
0.101532
0.101778
0.102566
0.102871
0.103105
0.103217
0.103312
0.103372
0.103435
0.10331
0.103073
0.10282
0.102531
0.102174
0.101804
0.100968
0.100754
0.099807
0.0994127
0.0990951
0.098835
0.0986525
0.0985214
0.0983974
0.0982463
0.0976941
0.0971955
0.0965739
0.0959525
0.0955338
0.0952197
0.0952037
0.0952967
0.0954907
0.0957211
0.0959923
0.096083
0.096224
0.0962557
0.0962405
0.0962557
0.0963048
0.0963369
0.0963464
0.0963954
0.096507
0.0963303
0.0960774
0.0956297
0.0951999
0.0947522
0.0938061
0.09325
0.0926973
0.0922252
0.0913326
0.0909206
0.0907313
0.090385
0.0897561
0.0897309
0.0897348
0.090011
0.0901517
0.0902579
0.0901569
0.0899679
0.0896862
0.0892893
0.0887923
0.0881719
0.087701
0.0870839
0.0860646
0.0847121
0.0839032
0.0831978
0.0825534
0.0812961
0.0812244
0.0809719
0.0810556
0.0811168
0.0812771
0.0812135
0.0810777
0.0807268
0.0801126
0.0797728
0.0789415
0.0787792
0.0787911
0.0789696
0.0793335
0.079867
0.0803659
0.0809806
0.0813818
0.0817179
0.0821133
0.0825412
0.082702
0.0830994
0.0832149
0.0835563
0.0835238
0.0833889
0.0831901
0.0828722
0.082524
0.0822525
0.0822482
0.0824482
0.0828282
0.0831297
0.0833575
0.0834072
0.0831506
0.0827843
0.0821996
0.0816596
0.0810121
0.0802675
0.0788397
0.0782826
0.0778575
0.0776043
0.0775006
0.0774789
0.0775535
0.0776138
0.0776758
0.0777354
0.0778127
0.0778391
0.0776715
0.0773983
0.0769556
0.0760327
0.0755454
0.0749299
0.0742247
0.0737526
0.073365
0.0730767
0.0728436
0.072634
0.0724042
0.0723129
0.0721682
0.0720185
0.0716563
0.0709564
0.0705456
0.0700254
0.0695684
0.0693731
0.0694377
0.0695658
0.0699265
0.070115
0.0703077
0.0704264
0.0706419
0.0708522
0.0709981
0.0711356
0.0716818
0.0717712
0.0724931
0.0727361
0.0728674
0.0729449
0.073087
0.0731771
0.0732782
0.0733328
0.0732441
0.0731824
0.073241
0.0734644
0.0737502
0.0739901
0.0743184
0.0743184
0.0742104
0.0740583
0.073801
0.0733988
0.0727501
0.0718797
0.0708305
0.0702485
0.0697829
0.0694728
0.0692403
0.0690522
0.0689251
0.0689128
0.0689128
0.0688634
0.0687568
0.0686064
0.0685742
0.0686133
0.0688052
0.0688622
0.0689325
0.0690408
0.0691137
0.0691414
0.0691762
0.0691381
0.0690906
0.0691061
0.069144
0.0692048
0.0694051
0.0697419
0.0698976
0.0699317
0.0698914
0.0697796
0.0695946
0.0694339
0.0694086
0.069385
0.0694151
0.0694842
0.0694878
0.0694368
0.0694079
0.0694113
0.0694878
0.0697853
0.0700843
0.0709661
0.0717231
0.0722264
0.0732601
0.0736534
0.073987
0.0741214
0.0740566
0.0738358
0.0735567
0.0734677
0.0733476
0.073123
0.0730295
0.072778
0.0725997
0.0724488
0.0722576
0.0720335
0.0717746
0.0713097
0.0709981
0.070738
0.0705506
0.0704226
0.0704164
0.0705168
0.0706591
0.0707926
0.070927
0.0710219
0.0712477
0.0712532
0.0713152
0.0713428
0.0714093
0.0716182
0.07176
0.0718881
0.0719238
0.0716241
0.0712444
0.070738
0.0701589
0.0698874
0.0695762
0.069498
0.0695426
0.0696237
0.0696735
0.0697095
0.069704
0.0696964
0.0695112
0.0694463
0.0695014
0.0696115
0.0697779
0.0699102
0.0701289
0.070434
0.0708267
0.0710534
0.0718044
0.666878
0.632378
0.610057
0.588294
0.561818
0.531107
0.511273
0.491991
0.450439
0.428229
0.406561
0.381177
0.368771
0.348641
0.325407
0.314153
0.29588
0.274833
0.261347
0.248255
0.235552
0.208398
0.202609
0.180438
0.16994
0.159758
0.147496
0.137996
0.128765
0.109095
0.0986988
0.0885665
0.0807121
0.0730612
0.0656118
0.0566775
0.046501
0.0399974
0.0321393
0.0230068
0.0170835
0.0113048
0.00125967
0.00934866
0.0133382
0.0197711
0.0270238
0.0304188
0.0357614
0.0418061
0.0446758
0.0519593
0.0553306
0.0584553
0.0613805
0.0668335
0.0693713
0.0718087
0.074209
0.0766122
0.0821605
0.085225
0.0881208
0.0903505
0.0925294
0.0945988
0.0970821
0.100085
0.103483
0.105706
0.107797
0.10966
0.111077
0.112401
0.113593
0.114983
0.116704
0.117954
0.119335
0.12847
0.12847
0.129432
0.129731
0.129989
0.130136
0.130409
0.130471
0.130539
0.130775
0.13111
0.131261
0.131327
0.131329
0.131223
0.131027
0.130718
0.130021
0.129522
0.129169
0.12861
0.127996
0.126404
0.12553
0.124806
0.124288
0.123786
0.123096
0.122265
0.12186
0.121269
0.120764
0.120544
0.120091
0.119449
0.11909
0.118469
0.118151
0.117895
0.117724
0.117676
0.117763
0.118164
0.118507
0.119188
0.120147
0.120879
0.121722
0.123739
0.124812
0.125833
0.126653
0.127459
0.128258
0.129337
0.130641
0.132081
0.132775
0.133461
0.1337
0.134482
0.1347
0.134996
0.135397
0.135918
0.136309
0.136773
0.137243
0.137888
0.138727
0.13913
0.139827
0.140671
0.141029
0.141775
0.141823
0.142177
0.142317
0.142447
0.142687
0.142991
0.143181
0.143426
0.143751
0.144126
0.144423
0.145393
0.146237
0.147522
0.148488
0.149531
0.150577
0.151762
0.153011
0.153721
0.154287
0.154842
0.154785
0.154388
0.154009
0.153515
0.152975
0.152461
0.151923
0.151461
0.151409
0.15128
0.150834
0.15066
0.150615
0.150682
0.150875
0.151205
0.151355
0.151597
0.151742
0.151686
0.151464
0.151007
0.150165
0.149519
0.148938
0.14787
0.147482
0.147226
0.147002
0.146994
0.147152
0.147362
0.147668
0.147965
0.148258
0.148657
0.149098
0.149679
0.150129
0.150586
0.151176
0.151739
0.152265
0.15254
0.152707
0.152529
0.15222
0.151895
0.15163
0.151328
0.150834
0.150149
0.149584
0.148938
0.147993
0.146861
0.146167
0.145505
0.144426
0.143954
0.143439
0.142843
0.142567
0.142043
0.141389
0.140936
0.140387
0.139008
0.13829
0.137786
0.137214
0.136457
0.135864
0.135215
0.134461
0.133418
0.132201
0.13007
0.128856
0.128001
0.126981
0.125775
0.125045
0.124422
0.123907
0.123334
0.122689
0.122193
0.121406
0.120389
0.119896
0.11905
0.117965
0.117229
0.116468
0.114629
0.113671
0.112828
0.112009
0.111229
0.110311
0.109173
0.108434
0.107757
0.106989
0.106112
0.105503
0.104823
0.102858
0.102646
0.100889
0.0999153
0.0997119
0.0980702
0.0972822
0.0966066
0.095547
0.0950582
0.0946581
0.0945775
0.0941418
0.0940745
0.0941475
0.0942897
0.094541
0.0948989
0.0954527
0.0961989
0.0967906
0.0982584
0.099483
0.101518
0.103274
0.105247
0.107861
0.111263
0.113735
0.11695
0.121046
0.12323
0.127103
0.131985
0.135351
0.139551
0.144461
0.147667
0.150832
0.154784
0.159621
0.162855
0.168986
0.172685
0.177151
0.179332
0.182244
0.185871
0.190141
0.192884
0.195575
0.201709
0.203104
0.208572
0.211875
0.21253
0.21785
0.220583
0.224122
0.228343
0.230446
0.234022
0.238487
0.241507
0.244463
0.249846
0.252865
0.255726
0.259111
0.26131
0.263369
0.265792
0.268442
0.270116
0.271689
0.273211
0.276384
0.278101
0.279732
0.28099
0.282507
0.284151
0.285144
0.286024
0.286879
0.287808
0.289809
0.291044
0.292608
0.293609
0.294486
0.295433
0.296443
0.296976
0.297352
0.297634
0.297831
0.298074
0.298349
0.298683
0.299181
0.299998
0.300728
0.302497
0.303502
0.304781
0.306434
0.307295
0.308846
0.310511
0.312538
0.313484
0.314974
0.316613
0.317589
0.318522
0.320496
0.321213
0.321742
0.322381
0.323176
0.323763
0.324311
0.324842
0.328614
0.328614
0.329514
0.330185
0.33082
0.331429
0.332467
0.332984
0.333695
0.334758
0.33566
0.337037
0.338879
0.339878
0.341511
0.343612
0.343612
0.345804
0.346522
0.346927
0.347397
0.348041
0.348505
0.349008
0.349603
0.350248
0.350567
0.350821
0.351017
0.350988
0.350871
0.350763
0.350553
0.350551
0.350594
0.350667
0.350715
0.350789
0.351113
0.351356
0.351695
0.352061
0.352307
0.352612
0.352851
0.352881
0.352929
0.352991
0.353122
0.353302
0.353595
0.354113
0.354718
0.355039
0.355613
0.355929
0.356116
0.356211
0.356401
0.356807
0.35716
0.357493
0.357728
0.357926
0.358149
0.358427
0.358569
0.359078
0.359147
0.359819
0.360253
0.360733
0.361088
0.361523
0.36242
0.362567
0.364058
0.364917
0.365814
0.366547
0.367454
0.36863
0.369465
0.370232
0.370935
0.371614
0.372523
0.373593
0.37424
0.375328
0.375707
0.375981
0.376161
0.376185
0.376222
0.376249
0.376247
0.376306
0.376425
0.376867
0.377242
0.377617
0.378014
0.378679
0.3796
0.380104
0.381031
0.382133
0.382757
0.38323
0.383697
0.396611
0.356315
0.33033
0.298966
0.262817
0.24531
0.216831
0.183944
0.162821
0.142277
0.122296
0.0793256
0.0564581
0.0519803
0.017162
0.000443337
0.015857
0.0317844
0.0662828
0.084769
0.102769
0.116791
0.133764
0.153365
0.162843
0.178217
0.192954
0.209773
0.217767
0.230413
0.244634
0.251374
0.262125
0.274357
0.282102
0.291339
0.301796
0.314826
0.322541
0.324068
0.335817
0.342759
0.350806
0.356037
0.361146
0.367333
0.37438
0.378881
0.383177
0.387323
0.396347
0.398276
0.402052
0.409076
0.412332
0.41608
0.420158
0.422669
0.424998
0.427773
0.430998
0.432532
0.435006
0.437867
0.441365
0.442918
0.444396
0.446095
0.447899
0.449014
0.449998
0.450902
0.451945
0.453165
0.454809
0.45581
0.456837
0.457614
0.458331
0.458905
0.459393
0.460144
0.46023
0.460311
0.460422
0.460411
0.460048
0.459664
0.459171
0.458739
0.458186
0.457586
0.456985
0.456026
0.455574
0.455184
0.455054
0.454971
0.454896
0.45476
0.454551
0.454268
0.454123
0.453622
0.453554
0.452989
0.452615
0.452074
0.451584
0.451104
0.450544
0.450067
0.449907
0.449632
0.44922
0.448882
0.448496
0.447342
0.446571
0.445611
0.444697
0.443685
0.442529
0.441006
0.439169
0.438034
0.436954
0.434961
0.433969
0.433149
0.432692
0.432151
0.431428
0.430948
0.430412
0.429898
0.429271
0.428577
0.427744
0.427212
0.426648
0.425205
0.424296
0.423331
0.422522
0.421684
0.42058
0.419331
0.418718
0.417765
0.416917
0.416572
0.416009
0.415395
0.415096
0.414582
0.414296
0.413932
0.41365
0.413446
0.413369
0.413393
0.413639
0.414177
0.414692
0.414791
0.414687
0.414493
0.41424
0.413978
0.413475
0.413242
0.413066
0.412947
0.412864
0.412721
0.412041
0.411869
0.410962
0.410121
0.409918
0.407836
0.406056
0.403592
0.401825
0.400009
0.398198
0.396054
0.393681
0.392615
0.39108
0.389885
0.388975
0.388257
0.387952
0.38768
0.387227
0.387227
0.38743
0.387586
0.387684
0.38763
0.387464
0.387176
0.38678
0.386314
0.385718
0.384241
0.383415
0.382566
0.381564
0.380525
0.380109
0.379201
0.379076
0.378641
0.378353
0.377952
0.377403
0.37708
0.3768
0.376614
0.376401
0.376165
0.376046
0.375521
0.375373
0.374876
0.37454
0.374138
0.37375
0.37353
0.373295
0.372896
0.372579
0.372196
0.371678
0.371177
0.370932
0.370801
0.370747
0.371069
0.371273
0.371745
0.372938
0.373633
0.374243
0.375113
0.376371
0.377237
0.378397
0.379946
0.381007
0.381981
0.382892
0.384004
0.385209
0.385774
0.387446
0.387806
0.388525
0.389961
0.390267
0.390941
0.392593
0.392985
0.393756
0.395362
0.395654
0.396105
0.396674
0.396744
0.396693
0.39648
0.396233
0.395966
0.395656
0.395253
0.394905
0.3945
0.394007
0.392808
0.39221
0.391611
0.391223
0.390882
0.3906
0.390539
0.390633
0.390865
0.391201
0.3916
0.392216
0.392976
0.393451
0.393947
0.394444
0.395013
0.395671
0.396177
0.3968
0.397423
0.397811
0.398191
0.399392
0.399791
0.400855
0.404215
0.407239
0.411819
0.414412
0.419148
0.42552
0.430023
0.435854
0.442999
0.446619
0.452797
0.460307
0.465209
0.470027
0.480449
0.487119
0.49154
0.495905
0.500153
0.504298
0.508372
0.513315
0.519088
0.526624
0.531136
0.535583
0.536484
0.544533
0.548926
0.552365
0.556563
0.561361
0.563704
0.567472
0.571912
0.574809
0.577683
0.580579
0.587446
0.589028
0.595509
0.599534
0.603598
0.606878
0.610114
0.614012
0.618497
0.620648
0.624153
0.627505
0.631188
0.633486
0.635704
0.64018
0.642596
0.644061
0.645458
0.647092
0.648395
0.649691
0.651003
0.652598
0.654463
0.656801
0.658236
0.659637
0.661016
0.662132
0.66322
0.664588
0.666061
0.666925
0.667799
0.668667
0.669009
0.669429
0.669595
0.669521
0.669279
0.669016
0.668689
0.66796
0.667801
0.66705
0.66653
0.66567
0.664256
0.663211
0.662185
0.661154
0.659772
0.658076
0.656293
0.655828
0.654236
0.653037
0.651595
0.650606
0.649326
0.647665
0.646537
0.645016
0.643149
0.642144
0.640305
0.638212
0.636399
0.632612
0.630619
0.62805
0.624916
0.622837
0.620745
0.618586
0.616382
0.611511
0.610425
0.605862
0.602843
0.599676
0.59712
0.594553
0.591326
0.587557
0.585729
0.582718
0.579219
0.57691
0.574638
0.569416
0.568205
0.562973
0.560202
0.556563
0.554344
0.550728
0.546674
0.544188
0.539697
0.537046
0.534257
0.531844
0.528725
0.52477
0.521932
0.518983
0.516009
0.512217
0.507593
0.504596
0.501631
0.494696
0.493108
0.48596
0.482701
0.48103
0.47765
0.470671
0.466195
0.460839
0.457276
0.453799
0.450412
0.442988
0.438793
0.437937
0.434547
0.42732
0.423531
0.419913
0.41718
0.414051
0.41229
0.409567
0.406509
0.405055
0.402679
0.398172
0.397749
0.394564
0.39275
0.390914
