0.570757
0.564328
0.558028
0.550365
0.541279
0.535273
0.52928
0.523239
0.515662
0.506517
0.500415
0.488498
0.481118
0.472166
0.466127
0.460071
0.452429
0.443258
0.43712
0.43103
0.423419
0.414354
0.409847
0.402443
0.393613
0.387721
0.37589
0.368578
0.359895
0.354215
0.348613
0.343023
0.336075
0.327688
0.322116
0.316551
0.309661
0.301475
0.295979
0.284958
0.278141
0.27005
0.264781
0.259637
0.25454
0.248235
0.242087
0.23492
0.230145
0.195145
0.195145
0.187885
0.180514
0.171709
0.16742
0.160422
0.152345
0.147228
0.14226
0.131592
0.129315
0.124822
0.116143
0.110864
0.104492
0.100173
0.0958166
0.0904218
0.0839815
0.0808182
0.0757435
0.0708193
0.0650446
0.0612785
0.0576321
0.0500003
0.0458685
0.0416726
0.038275
0.0339167
0.0295062
0.0241927
0.0206619
0.0172145
0.0130985
0.0082443
0.00495335
0.00166121
0.00166788
0.00589314
0.0101728
0.0154239
0.022361
0.0257714
0.0300963
0.0344615
0.0397391
0.0432086
0.0466605
0.0509439
0.0561051
0.0596016
0.0630232
0.0663396
0.0703894
0.0750341
0.0779378
0.0837003
0.0865228
0.088612
0.0909951
0.093639
0.095376
0.0971323
0.0994308
0.102273
0.104169
0.106007
0.108298
0.110572
0.113291
0.115193
0.117152
0.121804
0.124474
0.127179
0.129366
0.132048
0.135106
0.136993
0.138772
0.140791
0.142666
0.144866
0.146307
0.147683
0.14923
0.150738
0.151661
0.152603
0.155015
0.155597
0.156846
0.159856
0.161592
0.163225
0.16432
0.165313
0.165927
0.166124
0.166199
0.166038
0.165799
0.165503
0.165046
0.164586
0.163924
0.163438
0.162866
0.162199
0.16129
0.160377
0.159364
0.158697
0.157419
0.156659
0.155894
0.155471
0.155068
0.154707
0.154218
0.153585
0.153084
0.152537
0.151013
0.149978
0.148916
0.148121
0.147408
0.146559
0.145434
0.144615
0.143681
0.142577
0.140994
0.139282
0.137505
0.135436
0.134151
0.131339
0.129872
0.128467
0.127295
0.12603
0.124354
0.122344
0.121067
0.11992
0.118636
0.117593
0.116575
0.115999
0.115294
0.114362
0.113738
0.113094
0.111442
0.110539
0.109575
0.108772
0.107811
0.10687
0.10637
0.105814
0.105127
0.104545
0.10358
0.102263
0.101284
0.100272
0.0989752
0.0977531
0.0962605
0.0951385
0.0940016
0.0925547
0.0906572
0.0893868
0.0881285
0.085394
0.0839716
0.0827298
0.0818851
0.0810423
0.0802399
0.0798267
0.0793292
0.078737
0.0783803
0.0778799
0.0773287
0.0765587
0.0755991
0.0749263
0.0735056
0.0732493
0.0727892
0.0730522
0.0735233
0.073621
0.0745935
0.0754851
0.0769606
0.0780957
0.0792734
0.0807348
0.0825603
0.083779
0.0850254
0.0862525
0.087691
0.0891579
0.0899897
0.0914664
0.0921067
0.092733
0.0931772
0.0933147
0.0933877
0.093355
0.0933012
0.0931779
0.0928541
0.0926188
0.0924996
0.0925847
0.0936416
0.094379
0.0951126
0.0957536
0.0965678
0.0975178
0.0981725
0.0988167
0.0994983
0.100063
0.100322
0.100457
0.100574
0.100746
0.100909
0.101582
0.101832
0.102138
0.102655
0.103134
0.1036
0.10398
0.104341
0.104777
0.105196
0.105436
0.105977
0.106304
0.106869
0.107361
0.10849
0.110286
0.111747
0.113388
0.115243
0.117911
0.121531
0.124089
0.130274
0.131685
0.13453
0.138155
0.14257
0.145519
0.149134
0.153311
0.155957
0.161029
0.164194
0.168032
0.170668
0.173337
0.176073
0.1795
0.182823
0.18592
0.189206
0.191239
0.19316
0.19729
0.199668
0.202033
0.203873
0.205722
0.208082
0.21082
0.212573
0.214319
0.216127
0.218428
0.221027
0.222678
0.225863
0.227804
0.230051
0.231475
0.232915
0.234297
0.235943
0.237679
0.238711
0.239987
0.241438
0.242321
0.243147
0.244561
0.245024
0.245112
0.245776
0.246187
0.246863
0.247404
0.248173
0.248961
0.249472
0.250144
0.250997
0.252207
0.253238
0.255593
0.256971
0.258234
0.259706
0.260587
0.261475
0.262296
0.262617
0.263018
0.263567
0.264451
0.265166
0.266021
0.267278
0.268925
0.269752
0.272141
0.273023
0.273573
0.273952
0.274384
0.274961
0.275239
0.275714
0.2764
0.276875
0.277375
0.278694
0.279433
0.280134
0.280777
0.281589
0.28252
0.283783
0.285402
0.286194
0.288424
0.288852
0.289594
0.290923
0.291577
0.292393
0.293235
0.294391
0.295989
0.297145
0.298419
0.299823
0.301736
0.303319
0.304834
0.308119
0.309414
0.310517
0.311352
0.312136
0.313127
0.314272
0.315037
0.315783
0.31656
0.318674
0.319234
0.321625
0.323238
0.324533
0.326157
0.328045
0.328996
0.33055
0.332216
0.332963
0.334155
0.335623
0.336571
0.337768
0.339344
0.34056
0.341936
0.343827
0.346134
0.348743
0.350061
0.350296
0.352067
0.353091
0.354353
0.355201
0.356014
0.356918
0.358004
0.358589
0.359556
0.360408
0.361188
0.361645
0.362165
0.363681
0.364612
0.365485
0.366197
0.367085
0.368298
0.369142
0.369993
0.370769
0.371517
0.372267
0.372832
0.373466
0.374323
0.376152
0.376596
0.377553
0.380172
0.381807
0.383428
0.38467
0.386192
0.387838
0.388615
0.389786
0.391054
0.391806
0.392448
0.393059
0.394552
0.395463
0.396279
0.396839
0.397362
0.397947
0.398712
0.399248
0.399719
0.400178
0.40132
0.401564
0.402089
0.403218
0.403855
0.404587
0.405038
0.405398
0.405773
0.406309
0.40681
0.407381
0.408094
0.409047
0.409711
0.410434
0.411349
0.411932
0.412584
0.413061
0.413565
0.414142
0.41476
0.41501
0.415267
0.415388
0.415355
0.415197
0.414951
0.414372
0.414378
0.414508
0.41476
0.41529
0.416112
0.416681
0.417188
0.417662
0.418332
0.41837
0.418343
0.418098
0.417641
0.417215
0.41654
0.415643
0.415222
0.414554
0.413682
0.412986
0.412263
0.411313
0.410048
0.409182
0.407628
0.406889
0.406155
0.405308
0.404454
0.403916
0.403421
0.402821
0.402018
0.401484
0.400976
0.40047
0.400142
0.400138
0.400466
0.400674
0.40085
0.400858
0.400707
0.400598
0.400376
0.40017
0.40007
0.400029
0.400024
0.400256
0.400325
0.400381
0.400319
0.400277
0.400215
0.400114
0.399968
0.399634
0.399377
0.39905
0.853976
0.819794
0.797611
0.754775
0.728925
0.703816
0.674626
0.655792
0.637376
0.614859
0.588515
0.571281
0.554318
0.533602
0.509572
0.494013
0.463908
0.449419
0.431849
0.411558
0.398429
0.38247
0.363999
0.352175
0.340754
0.329667
0.316285
0.30334
0.288379
0.278802
0.26721
0.253662
0.247053
0.236268
0.223667
0.21554
0.205692
0.194237
0.186791
0.172149
0.163166
0.152567
0.14559
0.138711
0.131871
0.123493
0.113828
0.109208
0.096106
0.0933041
0.08249
0.0759598
0.0697236
0.064977
0.0592675
0.0526154
0.0483126
0.0440941
0.0398898
0.0345894
0.0291824
0.0226408
0.0183645
0.0141664
0.0059551
0.00100413
0.00491351
0.00889258
0.0128091
0.0166023
0.0202993
0.0247387
0.029802
0.0362184
0.0392346
0.0422133
0.0459762
0.04987
0.0531256
0.0573009
0.0622514
0.0654269
0.068407
0.0744342
0.0775324
0.0805405
0.0828209
0.0850449
0.0878771
0.0912664
0.0933975
0.0953977
0.0972922
0.0994792
0.101942
0.104655
0.106075
0.107472
0.109153
0.11095
0.11206
0.113085
0.114282
0.115782
0.116879
0.119375
0.120657
0.121677
0.122961
0.124639
0.125856
0.127056
0.128403
0.129945
0.131045
0.132184
0.133704
0.135517
0.136688
0.137787
0.139882
0.141178
0.14276
0.143796
0.144877
0.146053
0.14738
0.149193
0.15268
0.153469
0.156779
0.158907
0.160652
0.162955
0.165712
0.167507
0.169611
0.171868
0.173247
0.174825
0.176516
0.177644
0.178843
0.180359
0.182205
0.183508
0.184801
0.186453
0.188487
0.18982
0.191182
0.192917
0.194843
0.196978
0.198192
0.199348
0.200227
0.201307
0.202679
0.203562
0.204448
0.205633
0.207021
0.207919
0.208857
0.209898
0.211321
0.212903
0.214951
0.217839
0.219231
0.220784
0.222455
0.223194
0.224219
0.225052
0.225357
0.225467
0.225464
0.225302
0.224909
0.224641
0.224281
0.224313
0.224382
0.224378
0.224289
0.224257
0.224315
0.224502
0.224832
0.225039
0.225331
0.225615
0.225704
0.225685
0.225294
0.224839
0.223267
0.22229
0.221413
0.22075
0.220193
0.219537
0.218832
0.218472
0.218263
0.218136
0.217988
0.217982
0.217961
0.218009
0.218015
0.218126
0.218377
0.218584
0.218833
0.219084
0.219229
0.219329
0.219423
0.219392
0.219094
0.218788
0.218433
0.217999
0.21744
0.215482
0.214171
0.212643
0.211307
0.209972
0.208667
0.20737
0.205819
0.20404
0.20288
0.200327
0.198932
0.197464
0.196292
0.195085
0.193445
0.191452
0.19016
0.188958
0.187549
0.18588
0.184683
0.183121
0.181098
0.179689
0.176227
0.174642
0.173877
0.172448
0.170797
0.168867
0.167597
0.165045
0.164549
0.163573
0.161424
0.160065
0.158873
0.157386
0.155626
0.154395
0.153125
0.151849
0.150201
0.148262
0.146989
0.14566
0.142628
0.141021
0.140709
0.137778
0.1362
0.1359
0.133566
0.132095
0.130185
0.128785
0.127327
0.12582
0.123973
0.122172
0.119958
0.118479
0.117047
0.115716
0.113059
0.112835
0.111292
0.110439
0.10963
0.109328
0.108899
0.108631
0.108564
0.108599
0.108706
0.109094
0.109465
0.109936
0.110447
0.111169
0.112169
0.113701
0.115678
0.116716
0.118606
0.121066
0.122788
0.127226
0.130058
0.130639
0.135463
0.138613
0.14235
0.144783
0.147186
0.150143
0.153753
0.156144
0.158439
0.160704
0.163631
0.169097
0.171623
0.174847
0.178733
0.181304
0.183908
0.187281
0.191504
0.194316
0.197096
0.200551
0.204793
0.206975
0.210763
0.214652
0.219326
0.222515
0.230052
0.234298
0.235133
0.241392
0.244976
0.249099
0.251819
0.254502
0.257057
0.260098
0.262949
0.266212
0.268279
0.270297
0.272725
0.275586
0.277475
0.281121
0.283331
0.285822
0.287389
0.288842
0.290271
0.291778
0.295383
0.295779
0.29909
0.301175
0.303447
0.304832
0.306161
0.30738
0.308437
0.309547
0.310705
0.312255
0.313151
0.314087
0.315339
0.316788
0.318828
0.320311
0.321895
0.323924
0.326488
0.328264
0.330131
0.332583
0.335612
0.337562
0.339896
0.34254
0.344174
0.346136
0.34798
0.349915
0.352179
0.353536
0.35491
0.356066
0.357181
0.358552
0.360228
0.361038
0.362106
0.364634
0.366009
0.367067
0.36829
0.369755
0.370781
0.371841
0.372949
0.374459
0.376531
0.377981
0.379854
0.382015
0.382935
0.384178
0.385153
0.385484
0.385402
0.38527
0.385006
0.384616
0.384351
0.383823
0.383108
0.382033
0.381407
0.380179
0.378475
0.376153
0.375001
0.37366
0.37214
0.371156
0.370153
0.368948
0.367587
0.366973
0.366192
0.364402
0.3634
0.362391
0.361521
0.360548
0.35933
0.358138
0.357488
0.356493
0.355661
0.354904
0.354002
0.353265
0.352492
0.35161
0.350979
0.350275
0.349593
0.348901
0.348282
0.347911
0.347463
0.346334
0.346069
0.345065
0.344581
0.344094
0.343599
0.343157
0.34288
0.342596
0.342271
0.342077
0.341997
0.342052
0.342208
0.342604
0.342845
0.34318
0.343584
0.343822
0.344293
0.344831
0.345121
0.345399
0.345716
0.346158
0.346777
0.346898
0.346858
0.346615
0.346188
0.345809
0.345456
0.345015
0.344491
0.344289
0.344028
0.343801
0.343744
0.343704
0.383468
0.352727
0.322887
0.299711
0.271736
0.239636
0.22414
0.199017
0.169917
0.155801
0.13302
0.107047
0.0904996
0.0745279
0.0439916
0.0258716
0.00512537
0.00817958
0.0210797
0.0366399
0.0546751
0.0662789
0.0775879
0.0885778
0.101897
0.117358
0.127379
0.149305
0.16117
0.170452
0.179488
0.188315
0.199004
0.211391
0.217367
0.226982
0.237828
0.250895
0.256923
0.264025
0.272033
0.277115
0.281958
0.286605
0.29105
0.296375
0.302436
0.306366
0.310223
0.319331
0.323715
0.328059
0.331483
0.33484
0.33808
0.342006
0.345733
0.351398
0.354875
0.358227
0.361396
0.363786
0.366057
0.368634
0.371402
0.373098
0.374655
0.37615
0.379478
0.38019
0.38161
0.384396
0.385997
0.387688
0.388491
0.389741
0.391085
0.391935
0.39268
0.393536
0.39451
0.395189
0.395937
0.397835
0.398263
0.399165
0.400984
0.40183
0.402719
0.403653
0.404173
0.404693
0.405207
0.405419
0.405457
0.40534
0.404754
0.404556
0.404024
0.402481
0.401634
0.401043
0.400394
0.399845
0.399388
0.399141
0.398821
0.398324
0.397817
0.397728
0.397128
0.396776
0.396259
0.395743
0.395084
0.394515
0.393873
0.393224
0.391886
0.39166
0.39097
0.390535
0.390155
0.389631
0.388906
0.388484
0.387749
0.386697
0.385849
0.384926
0.383883
0.381371
0.380022
0.37881
0.377894
0.377044
0.376164
0.375501
0.375186
0.374922
0.374618
0.373892
0.373702
0.373341
0.372564
0.372053
0.371585
0.37122
0.370808
0.370369
0.369721
0.368889
0.368286
0.36767
0.366192
0.365444
0.364863
0.364257
0.363838
0.363622
0.363416
0.363267
0.363214
0.363246
0.363302
0.363328
0.363324
0.363399
0.363908
0.364498
0.364653
0.366192
0.366899
0.367358
0.367572
0.367753
0.367805
0.367823
0.367848
0.367862
0.368025
0.368162
0.368331
0.368501
0.368614
0.368605
0.368742
0.368937
0.369115
0.36919
0.36914
0.368788
0.368453
0.367996
0.367559
0.36742
0.367395
0.367541
0.368021
0.369076
0.370103
0.371292
0.373833
0.375479
0.377601
0.379037
0.380506
0.381986
0.383434
0.384783
0.387779
0.389014
0.390117
0.391087
0.391878
0.392592
0.393129
0.393673
0.39445
0.395556
0.39621
0.3974
0.399027
0.400163
0.401501
0.402987
0.403901
0.404818
0.406979
0.407502
0.409475
0.410454
0.411374
0.41242
0.413561
0.414336
0.415071
0.415903
0.416834
0.417521
0.418249
0.419708
0.420379
0.420955
0.421395
0.421905
0.422619
0.423471
0.424628
0.425544
0.42664
0.427815
0.429306
0.431083
0.43228
0.435146
0.436904
0.438668
0.440131
0.442047
0.444332
0.445738
0.447082
0.448402
0.45079
0.451912
0.453309
0.454906
0.455915
0.456843
0.457974
0.459445
0.460439
0.461471
0.462498
0.464657
0.465066
0.465744
0.466817
0.467128
0.467288
0.467425
0.467487
0.46744
0.467391
0.467365
0.46731
0.467107
0.46688
0.466554
0.465709
0.465378
0.465219
0.465145
0.465164
0.465335
0.465403
0.465578
0.465804
0.466024
0.466296
0.466623
0.466883
0.46698
0.467238
0.467939
0.468762
0.472016
0.474515
0.47741
0.480039
0.483618
0.488226
0.491377
0.494646
0.498
0.502374
0.5079
0.511674
0.515493
0.52038
0.526313
0.530229
0.538787
0.54345
0.544394
0.551767
0.556062
0.560918
0.563932
0.566808
0.569628
0.572384
0.578741
0.579337
0.583893
0.58653
0.588605
0.590626
0.592539
0.594813
0.597566
0.59894
0.601209
0.603821
0.607144
0.608665
0.61049
0.612504
0.613825
0.615091
0.616346
0.617626
0.619363
0.622846
0.623673
0.626903
0.628526
0.630579
0.632906
0.634315
0.635635
0.637131
0.63877
0.639727
0.640498
0.641298
0.642088
0.642441
0.642565
0.642277
0.64197
0.641591
0.641317
0.641063
0.640836
0.640501
0.640092
0.639766
0.639091
0.63865
0.638312
0.637839
0.63741
0.636919
0.636439
0.636123
0.635765
0.634606
0.633925
0.633307
0.632618
0.631888
0.631018
0.62998
0.629311
0.628719
0.62758
0.626961
0.626232
0.62552
0.624406
0.622973
0.622061
0.621146
0.620163
0.618946
0.617661
0.616918
0.616232
0.614995
0.614291
0.613576
0.612689
0.611532
0.610748
0.608834
0.607732
0.606738
0.605284
0.603216
0.601713
0.600173
0.598558
0.596451
0.593838
0.592528
0.58898
0.586644
0.583838
0.581991
0.580118
0.57815
0.576112
0.573429
0.570077
0.565574
0.562783
0.560639
0.558037
0.555019
0.553069
0.551139
0.549244
0.546835
0.542681
0.539789
0.536752
0.533536
0.530961
0.527889
0.524529
0.522496
0.52062
0.518834
0.516565
0.512477
0.510855
0.507437
0.503677
0.501053
0.499747
0.494419
0.491098
0.487287
0.485361
0.482032
0.477915
0.475852
0.473075
0.469459
0.464942
0.458606
0.454536
0.450461
0.447199
0.443234
0.439382
0.434829
0.431735
0.428553
0.424561
0.419805
0.416634
0.412571
