0.572187
0.564062
0.554393
0.54802
0.541673
0.535413
0.527793
0.518775
0.512723
0.506607
0.494253
0.487994
0.480176
0.470756
0.464526
0.458287
0.450545
0.439832
0.433828
0.427804
0.421784
0.414232
0.405225
0.399276
0.393392
0.386158
0.371878
0.366174
0.358995
0.350451
0.34479
0.339212
0.333638
0.326628
0.318199
0.312629
0.307086
0.300258
0.292311
0.28711
0.276856
0.271876
0.266943
0.260796
0.254685
0.247441
0.242619
0.237823
0.231922
0.22512
0.220757
0.216526
0.207649
0.205756
0.19849
0.194163
0.189942
0.185858
0.182643
0.179417
0.175295
0.170253
0.166919
0.163592
0.160307
0.156376
0.149752
0.148335
0.144868
0.140974
0.139179
0.13354
0.130686
0.128359
0.125349
0.121673
0.119818
0.116732
0.113191
0.111537
0.108833
0.106078
0.102746
0.100481
0.0981724
0.092838
0.0904137
0.089223
0.0839588
0.0809812
0.0803811
0.0755235
0.073128
0.0701522
0.0666036
0.0642164
0.061767
0.0593653
0.0570669
0.0516534
0.0511547
0.0475454
0.046063
0.0444433
0.0428224
0.041947
0.041196
0.0404808
0.0395927
0.0383971
0.037531
0.0355784
0.0345571
0.0343499
0.0327285
0.0319079
0.0307467
0.0294905
0.0278143
0.0269381
0.0257456
0.0241996
0.0226461
0.0208471
0.0197698
0.0178973
0.0169654
0.0159627
0.0153075
0.0146684
0.0140879
0.0136218
0.0132789
0.0130527
0.0129359
0.0122381
0.0121456
0.0112091
0.0105544
0.00985067
0.00905392
0.00854636
0.00810483
0.00770288
0.00723489
0.00686918
0.00647438
0.006076
0.00516243
0.00466202
0.00409056
0.00337391
0.00265345
0.00189246
0.00148956
0.0011062
0.000723084
0.000283941
0.000865173
0.0014886
0.00228082
0.00288161
0.00354247
0.00437975
0.0054118
0.00588694
0.00665294
0.00742609
0.00776701
0.00821521
0.00852252
0.00860214
0.00882458
0.00909254
0.00925537
0.00933357
0.00932761
0.00902293
0.00859189
0.00801304
0.00718077
0.00608244
0.00539368
0.00475953
0.00413443
0.0026494
0.00251995
0.00126164
0.000373104
0.000179281
0.0013911
0.00229346
0.00314838
0.00348954
0.00385406
0.00410391
0.00419617
0.00430036
0.00446128
0.00468038
0.00499674
0.00529165
0.00560896
0.00645244
0.0069674
0.00734885
0.00767713
0.00788025
0.00796608
0.00805977
0.00824096
0.00870061
0.00946017
0.0100805
0.0107487
0.0116342
0.0124715
0.0134535
0.0142144
0.016059
0.0171993
0.0181636
0.0193354
0.0207081
0.0215929
0.022449
0.0232061
0.0238713
0.024504
0.02504
0.0252746
0.0256319
0.0258565
0.0262825
0.0266172
0.0270068
0.0274536
0.0279096
0.0285271
0.0292497
0.02965
0.0300565
0.0300088
0.0298507
0.0297396
0.0295592
0.0291033
0.028103
0.0272292
0.0262556
0.0249894
0.0233435
0.0222122
0.0210367
0.0186955
0.017359
0.0162376
0.015189
0.0144231
0.0137178
0.0130043
0.0124727
0.0123005
0.0121494
0.0121587
0.0121932
0.0123644
0.0125735
0.0127349
0.0127249
0.0122483
0.0117479
0.0111424
0.0103914
0.00945158
0.0088067
0.00819233
0.00741417
0.00649297
0.00608268
0.00518818
0.00499006
0.00493022
0.00489017
0.00481817
0.0045843
0.0042193
0.00402548
0.00384023
0.00353341
0.00293382
0.00250016
0.00214446
0.00182499
0.00142566
0.000824883
0.000529022
0.000261769
4.81579e-05
0.000429368
0.000784354
0.00119322
0.00171342
0.0023974
0.00278911
0.00355725
0.00475357
0.00561945
0.00650728
0.00841309
0.00959391
0.0107628
0.0119775
0.0131562
0.0145053
0.0152949
0.0161558
0.0167146
0.0172215
0.0178756
0.0187062
0.0193549
0.0200525
0.0208276
0.0228757
0.0230629
0.0242058
0.0245419
0.0247362
0.0247703
0.0247996
0.0249303
0.0251193
0.0251954
0.025357
0.0256417
0.0257905
0.0258968
0.0260427
0.0263803
0.0266363
0.0268225
0.0269656
0.0275423
0.0276164
0.027877
0.0281004
0.0280293
0.027737
0.027069
0.0263877
0.0255809
0.0245097
0.0230519
0.021971
0.0208283
0.019574
0.0177805
0.0154713
0.0143298
0.0106636
0.00908897
0.00770383
0.00670873
0.0057656
0.00471208
0.0037072
0.00263939
0.00211966
0.00178804
0.00154654
0.000793175
0.000205029
8.24883e-05
0.00108546
0.00210321
0.00332075
0.00499126
0.0058426
0.00694856
0.00817301
0.00883387
0.0105244
0.0106551
0.0111416
0.0124123
0.0130932
0.0139114
0.0151073
0.0168398
0.0180156
0.0191473
0.0205579
0.0216742
0.0227227
0.0251759
0.0254092
0.02712
0.0279437
0.0290302
0.0302269
0.0306902
0.0313146
0.0319175
0.0322524
0.0326084
0.0335601
0.0343325
0.0352876
0.0361132
0.0371834
0.0382696
0.0387914
0.0392325
0.0396096
0.0398664
0.0398762
0.0397505
0.0394509
0.0394509
0.0401785
0.0411092
0.0419987
0.0429769
0.0439596
0.0451657
0.0464757
0.0472875
0.0480389
0.0495094
0.0500911
0.0503908
0.0505393
0.0505305
0.0503333
0.0501705
0.0499753
0.0498072
0.049584
0.0493616
0.0492367
0.049291
0.0493935
0.0495352
0.0498384
0.0500406
0.0501893
0.0502137
0.0499688
0.0497712
0.0494713
0.0494048
0.0495194
0.0503424
0.0505727
0.0535473
0.0535473
0.0538894
0.0542353
0.0545891
0.0549863
0.0559194
0.0564952
0.0570983
0.0578269
0.0587808
0.0597835
0.0603383
0.0608475
0.0615332
0.0623673
0.0629316
0.0634292
0.0642765
0.0648024
0.0654788
0.066384
0.0672949
0.0682281
0.0686374
0.0692706
0.0698242
0.0701208
0.070311
0.0703453
0.0701837
0.070029
0.0699181
0.0698201
0.069827
0.0698888
0.0703339
0.0708221
0.0712465
0.0717634
0.0722733
0.0728474
0.0734227
0.0738101
0.0742778
0.0749253
0.0757865
0.0763358
0.0768369
0.0781684
0.0782995
0.0792486
0.0798272
0.0804103
0.0808082
0.0812433
0.08169
0.0821416
0.0826553
0.0841755
0.0843183
0.0848096
0.0857058
0.0857915
0.0863198
0.0866377
0.0870508
0.0874951
0.0878883
0.088308
0.0887047
0.0891378
0.0895805
0.0901683
0.0906277
0.0911952
0.0928071
0.0939087
0.0954478
0.0962604
0.0972873
0.0983608
0.0993978
0.0997742
0.100201
0.100467
0.100579
0.100758
0.10093
0.101025
0.101145
0.101179
0.101022
0.100989
0.100916
0.100571
0.100532
0.100034
0.0995875
0.0991864
0.0989046
0.0987128
0.0985502
0.0985258
0.0985262
0.0984743
0.0983946
0.0983378
0.0982979
0.098149
0.0979284
0.0977728
0.0976231
0.0974538
0.097416
0.097325
0.0969927
0.0967232
0.0960737
0.0952152
0.0947939
0.0941003
0.0934516
0.0931938
0.0929949
0.0928028
0.0925462
0.0923534
0.0918841
0.0915505
0.0910317
0.0907463
0.0905768
0.0904348
0.0903014
0.0901819
0.090195
0.676761
0.623227
0.618053
0.577653
0.558133
0.534409
0.511449
0.484782
0.467573
0.45079
0.434498
0.414755
0.39178
0.376841
0.34764
0.329878
0.309287
0.296009
0.279892
0.264309
0.249224
0.237482
0.225965
0.211883
0.195444
0.18471
0.17421
0.163958
0.141724
0.136933
0.118193
0.106885
0.0938085
0.0874201
0.0769393
0.0647594
0.0568685
0.0491626
0.0399021
0.0292734
0.0224446
0.0157916
0.00926759
0.00496424
0.00803068
0.0200575
0.0273548
0.035951
0.0414557
0.0467258
0.0517109
0.0575749
0.0642255
0.0684255
0.0724956
0.077366
0.0827342
0.0852345
0.0929931
0.0958713
0.099344
0.103478
0.105563
0.109094
0.113295
0.115304
0.118543
0.121678
0.125222
0.12751
0.130403
0.133789
0.135385
0.139822
0.140268
0.143667
0.145232
0.147005
0.149056
0.150116
0.151995
0.154497
0.155821
0.157997
0.160423
0.161817
0.164075
0.165262
0.166363
0.1673
0.167987
0.168725
0.169476
0.170161
0.171362
0.171445
0.171823
0.171936
0.171965
0.171877
0.171691
0.171382
0.171052
0.170653
0.169387
0.168851
0.168312
0.167774
0.167408
0.166876
0.166228
0.165919
0.165563
0.165254
0.164983
0.164674
0.163939
0.163599
0.163328
0.163256
0.163103
0.162637
0.162186
0.161594
0.160889
0.159051
0.157778
0.157505
0.155173
0.153962
0.152664
0.151292
0.14825
0.146258
0.14378
0.142531
0.140523
0.138087
0.136846
0.134691
0.131874
0.1299
0.127866
0.123057
0.120452
0.117972
0.116041
0.114159
0.112378
0.110644
0.107372
0.105834
0.103934
0.101798
0.100388
0.0989174
0.0969608
0.0945547
0.0929708
0.0909948
0.0886589
0.0875581
0.0857608
0.0836368
0.082307
0.0793885
0.0778259
0.0775305
0.0755038
0.0746859
0.0740331
0.0733661
0.0728626
0.0723226
0.0718769
0.0713734
0.0706462
0.0695444
0.0686128
0.0662433
0.064839
0.0629981
0.0610268
0.0586379
0.0574939
0.0557392
0.053968
0.0529208
0.0518777
0.0508162
0.0482106
0.0479816
0.0463868
0.0457415
0.0450503
0.044224
0.0436811
0.0430833
0.0423878
0.041322
0.0400728
0.0383168
0.037068
0.0347966
0.0335441
0.032291
0.0315315
0.0306995
0.0300822
0.0297082
0.029491
0.0292891
0.0291592
0.029107
0.0290985
0.0290814
0.0290952
0.0293203
0.0295389
0.0300732
0.0305445
0.0312603
0.0318283
0.0324214
0.032987
0.0337143
0.0347487
0.0355708
0.0364602
0.0384689
0.0395745
0.0397846
0.0413481
0.0422242
0.0431767
0.0437963
0.0448692
0.0463365
0.0471017
0.048158
0.0506257
0.0520209
0.0533408
0.0546683
0.0559407
0.0568462
0.057967
0.0593471
0.0603583
0.0616939
0.0632579
0.0642075
0.0651092
0.0661129
0.0671725
0.0677461
0.0682402
0.068856
0.0697743
0.0702897
0.0718371
0.0721865
0.0740502
0.0752582
0.07625
0.0774712
0.0785526
0.0794738
0.0801982
0.0811189
0.0821349
0.0827493
0.0833443
0.0840223
0.084842
0.0853611
0.0857797
0.0862382
0.0868147
0.087121
0.0880431
0.0881327
0.0889609
0.0895393
0.0901864
0.0904557
0.0907231
0.0909696
0.0911607
0.0912712
0.0914684
0.0916244
0.0917614
0.0918847
0.092207
0.0926688
0.0933842
0.0939299
0.0944789
0.0950981
0.0960135
0.0972391
0.0979421
0.0992146
0.101032
0.10387
0.106912
0.109157
0.112105
0.115912
0.117984
0.121749
0.126537
0.12894
0.132982
0.13799
0.141357
0.144757
0.151868
0.155614
0.160379
0.166187
0.169992
0.173705
0.177348
0.181822
0.187163
0.19078
0.194404
0.202999
0.203828
0.210492
0.213749
0.217814
0.22267
0.225848
0.22894
0.231983
0.238123
0.242033
0.246616
0.249589
0.25253
0.255495
0.258492
0.265469
0.269305
0.270071
0.276337
0.279587
0.282865
0.286078
0.291978
0.294665
0.297874
0.301657
0.30413
0.306465
0.308686
0.311276
0.314193
0.315568
0.319865
0.321866
0.323459
0.325355
0.32753
0.328574
0.330187
0.331937
0.332956
0.334204
0.335858
0.336998
0.338111
0.339259
0.340432
0.342984
0.343813
0.344757
0.345612
0.345992
0.346282
0.346557
0.346774
0.347096
0.347469
0.347903
0.348601
0.349751
0.351395
0.352711
0.354343
0.355507
0.356714
0.358009
0.359723
0.361807
0.363086
0.369629
0.369629
0.370518
0.371555
0.372173
0.372661
0.373084
0.373586
0.37418
0.375106
0.375643
0.375745
0.376695
0.377174
0.377268
0.378135
0.378552
0.378946
0.379584
0.379924
0.380323
0.380959
0.382052
0.382519
0.383819
0.385585
0.3868
0.389063
0.390187
0.391247
0.39175
0.392082
0.392361
0.392749
0.393178
0.393972
0.394448
0.394846
0.395068
0.395253
0.395256
0.395155
0.394932
0.394689
0.394575
0.394475
0.394453
0.394524
0.394551
0.394635
0.39482
0.395043
0.395593
0.395849
0.396105
0.396362
0.396783
0.396798
0.396893
0.396973
0.397228
0.397486
0.397879
0.398338
0.39877
0.399448
0.399791
0.400216
0.400429
0.40056
0.400706
0.400952
0.401794
0.401983
0.402534
0.402769
0.40303
0.403195
0.403471
0.403766
0.403956
0.404601
0.404999
0.405422
0.405743
0.406142
0.406587
0.407104
0.408341
0.409137
0.409974
0.410495
0.411179
0.41266
0.413485
0.414263
0.415676
0.416585
0.417539
0.418242
0.419077
0.419922
0.420343
0.420633
0.420918
0.421116
0.421227
0.421407
0.421598
0.421787
0.422298
0.422629
0.423017
0.423392
0.423795
0.381444
0.354999
0.329112
0.303785
0.243292
0.214667
0.192482
0.170875
0.144618
0.114295
0.0948896
0.0762068
0.0581794
0.0365194
0.000444301
0.0160257
0.0310731
0.0456551
0.0632498
0.0834496
0.0964779
0.109131
0.121431
0.150645
0.161771
0.172625
0.185831
0.201249
0.211292
0.221114
0.230654
0.248968
0.257725
0.266262
0.274507
0.28245
0.300632
0.308758
0.316338
0.322037
0.32745
0.332637
0.338745
0.345579
0.34985
0.353931
0.358759
0.364319
0.3713
0.374586
0.377788
0.380951
0.384822
0.389327
0.391482
0.394963
0.398887
0.40136
0.406191
0.408502
0.410719
0.413276
0.41608
0.417721
0.419185
0.421984
0.423282
0.424284
0.425265
0.426179
0.427068
0.428979
0.429867
0.430022
0.431141
0.431596
0.432045
0.432486
0.432653
0.43278
0.432865
0.433194
0.433532
0.43388
0.434346
0.43486
0.435547
0.43626
0.4366
0.437116
0.437588
0.438034
0.43827
0.438499
0.438599
0.43862
0.438648
0.438634
0.43846
0.438142
0.437988
0.437843
0.437942
0.438175
0.438477
0.438836
0.439206
0.439807
0.440098
0.440432
0.44085
0.441099
0.441293
0.441484
0.441693
0.441756
0.441695
0.441498
0.441424
0.441528
0.441644
0.441787
0.441857
0.441829
0.441741
0.441555
0.441241
0.440715
0.440195
0.438618
0.437503
0.436584
0.435669
0.434636
0.4335
0.432815
0.432254
0.431881
0.431478
0.431279
0.430958
0.430744
0.430478
0.430241
0.429765
0.42946
0.429112
0.42884
0.428515
0.42815
0.42759
0.426844
0.425709
0.425086
0.424431
0.423824
0.423087
0.422294
0.421941
0.421671
0.421343
0.420996
0.420771
0.420686
0.420599
0.420451
0.420277
0.420102
0.420113
0.420465
0.420884
0.421488
0.422059
0.422214
0.422284
0.422183
0.422014
0.421812
0.42161
0.421131
0.421103
0.420813
0.420633
0.420135
0.419517
0.419065
0.418553
0.417916
0.417424
0.416837
0.414999
0.413772
0.412737
0.411429
0.409973
0.409141
0.408421
0.407863
0.407442
0.407396
0.407586
0.408095
0.408822
0.409198
0.410659
0.411443
0.412095
0.412748
0.413479
0.414147
0.414425
0.414691
0.414832
0.414849
0.414675
0.414387
0.413971
0.41371
0.413521
0.413411
0.413423
0.413801
0.414107
0.414349
0.414774
0.414953
0.415104
0.415322
0.415506
0.415765
0.416004
0.416507
0.4167
0.416727
0.416834
0.416912
0.416916
0.416874
0.416791
0.416815
0.41686
0.416827
0.416738
0.416527
0.416162
0.415788
0.415695
0.415693
0.415817
0.416054
0.416475
0.417112
0.417927
0.418332
0.419043
0.420005
0.421605
0.422671
0.423843
0.424849
0.425875
0.426825
0.427925
0.429198
0.429944
0.431337
0.432032
0.432692
0.433331
0.433899
0.434977
0.435765
0.43675
0.437274
0.438128
0.439069
0.439553
0.439869
0.440081
0.440189
0.439991
0.43983
0.439464
0.438793
0.43818
0.437405
0.43641
0.434888
0.432663
0.431015
0.429323
0.425329
0.423126
0.42269
0.419402
0.417947
0.416538
0.415223
0.412845
0.411831
0.410713
0.409442
0.408796
0.407955
0.406651
0.406543
0.406803
0.407767
0.409658
0.411285
0.413235
0.415461
0.418583
0.422611
0.427673
0.431546
0.436519
0.440012
0.443569
0.447191
0.450921
0.459385
0.463094
0.467639
0.473051
0.476691
0.480257
0.483671
0.486967
0.49088
0.495276
0.498139
0.503743
0.506408
0.509621
0.51151
0.513935
0.519756
0.522013
0.524706
0.527886
0.52951
0.531665
0.533807
0.535888
0.540849
0.542684
0.544893
0.547375
0.548598
0.550575
0.552927
0.554562
0.556323
0.558169
0.560591
0.563521
0.567469
0.569984
0.571936
0.573789
0.575571
0.577254
0.579276
0.582531
0.58372
0.584836
0.585873
0.586775
0.587596
0.588482
0.588632
0.589046
0.589298
0.589563
0.589935
0.590327
0.590532
0.590819
0.591118
0.591507
0.5916
0.591719
0.592152
0.592548
0.593408
0.594795
0.595869
0.597456
0.598855
0.600332
0.603625
0.604351
0.605839
0.608809
0.610308
0.612244
0.614611
0.615775
0.617612
0.619544
0.620346
0.622402
0.623532
0.62439
0.625366
0.626599
0.627507
0.628471
0.629684
0.631258
0.632134
0.632965
0.633946
0.634966
0.635459
0.636558
0.63682
0.637587
0.637722
0.637694
0.637483
0.637111
0.636761
0.636335
0.635738
0.635005
0.634495
0.633916
0.633116
0.632175
0.631696
0.629756
0.628543
0.627177
0.625759
0.624596
0.623131
0.621741
0.620137
0.61911
0.617864
0.61639
0.615399
0.614348
0.612887
0.610804
0.609678
0.608054
0.604217
0.602263
0.600551
0.599357
0.598067
0.596864
0.595232
0.593946
0.592228
0.591125
0.589497
0.587253
0.584429
0.580457
0.57798
0.575584
0.573595
0.571501
0.569333
0.567142
0.56436
0.56142
0.557716
0.555134
0.549772
0.546406
0.542395
0.539825
0.537337
0.534909
0.531861
0.528059
0.526142
0.523599
0.51724
0.514513
0.511622
0.508624
0.504654
0.497798
0.493158
0.488254
0.48416
0.479988
0.475772
0.471544
0.462126
0.456804
0.452456
0.448001
0.443556
