0.557275
0.548528
0.544216
0.532745
0.531326
0.518514
0.511532
0.510165
0.504725
0.491018
0.489624
0.484031
0.476975
0.462712
0.45415
0.45415
0.442787
0.435741
0.427369
0.421878
0.414965
0.406641
0.401067
0.395559
0.388722
0.380679
0.375412
0.370158
0.363623
0.355735
0.350497
0.340075
0.333666
0.327234
0.32075
0.315561
0.309124
0.301485
0.296506
0.291648
0.286829
0.28209
0.276316
0.27059
0.263578
0.258793
0.247736
0.2414
0.235016
0.229952
0.225017
0.218972
0.211998
0.207574
0.20325
0.199046
0.190011
0.186127
0.181422
0.176821
0.171271
0.167505
0.163707
0.159951
0.15621
0.148064
0.146366
0.143847
0.135712
0.131856
0.128251
0.125544
0.122874
0.120168
0.116758
0.112539
0.109664
0.10679
0.101042
0.0976052
0.0937354
0.0911846
0.0885851
0.0859891
0.0827019
0.0786805
0.0766497
0.0731919
0.0670503
0.0657267
0.0630549
0.0576266
0.0541834
0.0501235
0.0474403
0.0441031
0.0400585
0.0379994
0.0353405
0.0321742
0.0291267
0.0257425
0.0236977
0.0218832
0.0198945
0.0178291
0.0166691
0.0145218
0.0134237
0.012271
0.0112906
0.0100288
0.00855089
0.00785403
0.00667678
0.0052833
0.00434327
0.00330859
0.0019194
7.34289e-05
0.0012173
0.00253949
0.00425077
0.00630892
0.00764471
0.0102712
0.0114847
0.0125029
0.0134446
0.0141818
0.0149051
0.0157126
0.016393
0.0166397
0.0168581
0.0170968
0.0178313
0.0184252
0.0191606
0.0201062
0.0207782
0.0214267
0.0220365
0.0225479
0.0230092
0.0234178
0.0236982
0.0242761
0.0246347
0.0251043
0.0254402
0.025923
0.0264563
0.0267965
0.0270728
0.027311
0.0275775
0.0277227
0.0280415
0.0283733
0.0288213
0.0291267
0.0294857
0.0303903
0.0310072
0.0316531
0.0323376
0.0327555
0.0330828
0.0333613
0.0335389
0.0335644
0.0335227
0.0334235
0.0334581
0.033495
0.033433
0.0332518
0.032725
0.0321535
0.0314493
0.0306818
0.02965
0.0284775
0.0277697
0.0270538
0.0255292
0.0247694
0.023929
0.0231513
0.0220949
0.0208486
0.0202747
0.0194722
0.0187298
0.0184273
0.0182106
0.018074
0.0179281
0.0176558
0.0172329
0.0169559
0.0165081
0.0160049
0.0156246
0.0150958
0.014527
0.0142805
0.0141384
0.0140435
0.013962
0.0136935
0.0134136
0.0128326
0.0119534
0.0112978
0.0104226
0.00944062
0.00878405
0.00802496
0.00616707
0.00503345
0.00405814
0.00286778
0.00146166
0.000551909
0.000541896
0.00166598
0.00213516
0.00273737
0.00319439
0.0035551
0.00377777
0.00398471
0.00426007
0.00469563
0.00522036
0.0059928
0.00654232
0.0077446
0.00844885
0.00906704
0.00924536
0.00920102
0.00905488
0.00891446
0.00880837
0.0087285
0.00844551
0.00791005
0.00716027
0.00675164
0.00633205
0.0060195
0.00562232
0.00526638
0.00514455
0.00522275
0.00545209
0.00569264
0.0059959
0.00655329
0.00752336
0.00829532
0.00918671
0.010127
0.0123322
0.0133886
0.015119
0.0162209
0.0173607
0.0182743
0.0187
0.0190383
0.0193836
0.0197679
0.0201734
0.0204669
0.0207389
0.02101
0.0219128
0.0226194
0.023467
0.0242575
0.0252362
0.0263061
0.0268781
0.0273978
0.0280987
0.0289548
0.0293332
0.0298021
0.0302803
0.030683
0.0310974
0.0315081
0.0326995
0.0332804
0.0336884
0.0341001
0.0346043
0.0350227
0.0351996
0.0353543
0.0354619
0.0355551
0.0353758
0.0349452
0.0345414
0.0339179
0.0330029
0.0323628
0.0317029
0.0307848
0.0296572
0.0288997
0.0282124
0.0274343
0.0266928
0.0262651
0.0258091
0.0253282
0.0244911
0.0234834
0.0227064
0.0218775
0.0200015
0.0198549
0.019102
0.0188278
0.0187101
0.0186159
0.0184049
0.0180542
0.0178425
0.0176279
0.0169804
0.0166729
0.0164571
0.0161331
0.0155889
0.0152558
0.0149974
0.0147377
0.0144955
0.0141722
0.0137934
0.0133805
0.0130985
0.0128744
0.0127542
0.0127511
0.0128374
0.0129266
0.0130324
0.0131938
0.0133934
0.01376
0.0145177
0.0157371
0.0157371
0.0171487
0.0176213
0.0178761
0.0180189
0.0181169
0.0181267
0.018079
0.0179982
0.017796
0.0172851
0.0164345
0.0154778
0.0150458
0.0146772
0.0144862
0.0145511
0.0145861
0.0151745
0.0156461
0.0161048
0.0162631
0.0163453
0.0162876
0.0161198
0.0158349
0.0155257
0.0154313
0.0157317
0.0162211
0.0163582
0.0176697
0.0183617
0.0190824
0.0197424
0.0203276
0.0208998
0.0213087
0.0216455
0.022057
0.0226206
0.0229408
0.0231041
0.0231318
0.0230636
0.0228631
0.0227413
0.0226185
0.0227026
0.0230118
0.0234388
0.0240453
0.0243016
0.0245069
0.0245114
0.0243762
0.0241576
0.023753
0.0229992
0.0216503
0.0209997
0.0203417
0.0198267
0.0196844
0.0196916
0.0197788
0.01998
0.0200733
0.0202256
0.0204373
0.0207253
0.020978
0.0209656
0.0208159
0.0205396
0.0200597
0.0198103
0.0193661
0.0189611
0.0184578
0.0181267
0.0178771
0.0177064
0.0176165
0.0175295
0.017427
0.0172997
0.0168226
0.016212
0.0153676
0.0144326
0.0137522
0.013139
0.0127049
0.0125923
0.0124486
0.0123678
0.0122364
0.0121253
0.0120321
0.0120071
0.0120185
0.0119315
0.011854
0.0119176
0.0121661
0.0124529
0.0125287
0.0124922
0.0123952
0.0123096
0.0122085
0.0121432
0.0120159
0.0117691
0.0114201
0.0112332
0.0112613
0.0113588
0.0113274
0.011216
0.011062
0.0107919
0.0103485
0.00976389
0.00876188
0.00795702
0.00710067
0.00607123
0.00488826
0.00417853
0.00297625
0.00238954
0.00181593
0.0015339
0.00135963
0.00114792
0.000821545
0.000549048
0.000300391
0.00011515
1.90724e-06
8.10578e-06
3.93369e-05
0.000184287
0.00018691
0.000212181
0.000309927
0.000352602
0.000439858
0.000558346
0.000652992
0.000704488
0.000693283
0.000578133
0.000386455
0.00112551
0.00112551
0.001316
0.00144307
0.00175252
0.00190271
0.00197543
0.00200833
0.00199283
0.00195898
0.00195397
0.00202192
0.00211013
0.00215089
0.00201405
0.00173464
0.00166502
0.00089712
0.000207413
0.000709495
0.00120752
0.0015556
0.00183381
0.0019051
0.00182952
0.00160638
0.00133197
0.00122111
0.00106949
0.00091643
0.000836565
0.000693283
0.000418878
9.39317e-05
0.000152103
0.00076695
0.00117701
0.00127499
0.00219643
0.00264821
0.00309498
0.0035582
0.00380781
0.0039685
0.0041001
0.00453256
0.00463341
0.0048177
0.00527114
0.00566547
0.00614132
0.00646699
0.00677453
0.00700864
0.00728567
0.00758606
0.00813606
0.00865292
0.00933953
0.010333
0.0115312
0.0123239
0.0136454
0.0142147
0.0147189
0.0152794
0.0156873
0.016213
0.0168932
0.0173676
0.0179069
0.0185422
0.0190779
0.0193864
0.741191
0.693406
0.670368
0.642379
0.610116
0.589372
0.564249
0.5352
0.516398
0.498063
0.475811
0.450121
0.433523
0.417359
0.382529
0.364136
0.346293
0.332362
0.318707
0.301944
0.282322
0.272782
0.257346
0.239518
0.230862
0.216853
0.200849
0.190631
0.168876
0.157479
0.155251
0.13611
0.126146
0.124198
0.10919
0.101997
0.0933193
0.0834472
0.078683
0.0708856
0.0618508
0.0560043
0.0502928
0.0447697
0.0318055
0.025666
0.0244566
0.0149178
0.0090936
0.00224673
0.00224578
0.00666434
0.0110663
0.016424
0.021531
0.0271907
0.0306981
0.0340703
0.0372993
0.0449029
0.0456197
0.0509168
0.0533271
0.0562295
0.0595382
0.0616621
0.0637955
0.0665216
0.0699502
0.072279
0.0745413
0.0772674
0.0804462
0.0824696
0.0849231
0.0874329
0.0904462
0.0923554
0.0963079
0.0982555
0.0997442
0.101155
0.102447
0.104001
0.105963
0.1074
0.108987
0.111122
0.113697
0.115322
0.117116
0.118903
0.119933
0.121832
0.122845
0.124005
0.124845
0.125682
0.126427
0.127201
0.127929
0.128263
0.128557
0.129001
0.129098
0.129201
0.129228
0.129069
0.128905
0.128667
0.128333
0.12808
0.128014
0.127985
0.127903
0.12776
0.127667
0.127616
0.127755
0.127896
0.127954
0.127938
0.128032
0.12822
0.128454
0.128668
0.128895
0.129205
0.129747
0.130108
0.13092
0.132113
0.132983
0.135217
0.136615
0.137729
0.139082
0.140347
0.141844
0.142806
0.143749
0.144743
0.146675
0.147557
0.148501
0.149354
0.149788
0.15012
0.150336
0.150557
0.150933
0.151145
0.15152
0.151977
0.1526
0.153064
0.154121
0.154658
0.155416
0.156316
0.156808
0.157263
0.157713
0.157924
0.158244
0.158595
0.158887
0.159246
0.159665
0.160012
0.160358
0.160686
0.161693
0.162447
0.163174
0.164258
0.165714
0.166755
0.167772
0.168894
0.170073
0.170586
0.171147
0.171605
0.171771
0.17165
0.171413
0.170419
0.169949
0.169424
0.169002
0.168876
0.168797
0.168686
0.168517
0.168277
0.168148
0.16817
0.168426
0.168683
0.168891
0.16907
0.169116
0.168986
0.168494
0.167994
0.16734
0.166422
0.16542
0.164808
0.16417
0.163615
0.163036
0.162773
0.162667
0.162731
0.162801
0.16299
0.16326
0.163484
0.163905
0.164162
0.164622
0.165114
0.165689
0.166036
0.166373
0.166664
0.166869
0.166763
0.166486
0.166197
0.165967
0.165703
0.165258
0.164624
0.164079
0.163446
0.162707
0.161756
0.160864
0.159873
0.159307
0.158197
0.157648
0.157538
0.15671
0.156241
0.155656
0.155032
0.154106
0.153476
0.152857
0.152192
0.151519
0.151078
0.150564
0.149854
0.148859
0.147304
0.146397
0.145445
0.144543
0.143579
0.14256
0.141889
0.141088
0.140311
0.13992
0.139573
0.139181
0.138627
0.138122
0.137016
0.136349
0.135456
0.134978
0.134166
0.133134
0.132482
0.131822
0.130894
0.129941
0.128865
0.128191
0.127478
0.126576
0.125603
0.125163
0.123714
0.122853
0.122062
0.121215
0.120092
0.118794
0.117927
0.11701
0.116072
0.114935
0.113765
0.113143
0.1122
0.111792
0.111414
0.111442
0.111782
0.112416
0.113731
0.116027
0.117461
0.120213
0.123988
0.126663
0.132016
0.13466
0.13804
0.141608
0.145936
0.14872
0.151459
0.154918
0.159023
0.161748
0.165258
0.168941
0.17347
0.176512
0.180373
0.183433
0.186429
0.193602
0.197111
0.199901
0.203224
0.206849
0.209165
0.211471
0.214221
0.217444
0.219556
0.221613
0.224063
0.22692
0.228857
0.230857
0.234832
0.237212
0.240068
0.242034
0.24408
0.246235
0.248409
0.250568
0.256217
0.259233
0.261651
0.264515
0.275643
0.275643
0.277184
0.278754
0.280339
0.283672
0.284343
0.28559
0.288094
0.28859
0.290457
0.291497
0.292549
0.293519
0.294249
0.295121
0.295997
0.296486
0.296944
0.297294
0.297737
0.298253
0.299434
0.299727
0.300866
0.301289
0.301682
0.302049
0.302161
0.302134
0.301978
0.301707
0.301392
0.301301
0.301373
0.301596
0.302064
0.302779
0.303465
0.304252
0.305283
0.306664
0.307656
0.308751
0.310239
0.312096
0.313256
0.314637
0.316148
0.317051
0.31792
0.318919
0.320243
0.32048
0.321348
0.32177
0.322362
0.322889
0.323478
0.323875
0.32423
0.324659
0.325264
0.325554
0.326017
0.326473
0.326678
0.327073
0.328327
0.328768
0.331252
0.332799
0.33498
0.337698
0.339489
0.341157
0.343098
0.345164
0.346342
0.347461
0.34889
0.350658
0.351878
0.353089
0.355683
0.356953
0.358105
0.358896
0.359695
0.360552
0.361126
0.361698
0.362495
0.363521
0.364245
0.364941
0.365652
0.367374
0.367799
0.368669
0.369733
0.370958
0.372534
0.373241
0.373972
0.374812
0.375374
0.376019
0.376715
0.377738
0.379152
0.380064
0.3809
0.382599
0.382975
0.383704
0.385063
0.385832
0.386743
0.387536
0.388305
0.389123
0.390018
0.390428
0.391116
0.391927
0.392433
0.39297
0.394213
0.394994
0.39587
0.396472
0.397155
0.398076
0.39932
0.400225
0.401114
0.402927
0.403848
0.404753
0.405937
0.407436
0.408152
0.409258
0.410955
0.411852
0.412873
0.413984
0.414608
0.415104
0.415508
0.415817
0.41591
0.415998
0.416099
0.416165
0.416252
0.416393
0.416599
0.416968
0.41749
0.417804
0.418228
0.418845
0.419651
0.420267
0.421059
0.370978
0.339183
0.302214
0.254991
0.232387
0.2052
0.173994
0.153989
0.134513
0.111003
0.0840491
0.0667724
0.0500113
0.0298058
0.0064602
0.00855738
0.0231547
0.0544736
0.0710255
0.0870464
0.0995071
0.111691
0.123614
0.138115
0.154841
0.162945
0.186181
0.198433
0.210115
0.22118
0.231496
0.241047
0.248237
0.256669
0.2661
0.272051
0.279058
0.286905
0.291825
0.296532
0.302139
0.308666
0.311809
0.316858
0.322658
0.326446
0.333801
0.33733
0.341537
0.346336
0.349336
0.35224
0.355824
0.359959
0.362589
0.365059
0.367399
0.370072
0.37416
0.374976
0.377874
0.379239
0.380908
0.382759
0.383954
0.385107
0.386188
0.387368
0.388608
0.389336
0.390489
0.391079
0.391503
0.391851
0.392081
0.392413
0.392966
0.393465
0.394345
0.39564
0.396595
0.397771
0.399242
0.400197
0.401099
0.401961
0.403074
0.404205
0.405424
0.405984
0.40766
0.408486
0.409024
0.409519
0.410158
0.411098
0.411804
0.412565
0.413418
0.415568
0.416054
0.417814
0.418656
0.419645
0.420827
0.42159
0.422455
0.423476
0.423976
0.424664
0.425322
0.425746
0.426173
0.42668
0.428089
0.428394
0.429487
0.430028
0.430447
0.430509
0.430768
0.430929
0.430836
0.430293
0.42983
0.429209
0.428485
0.428094
0.427745
0.427442
0.427243
0.427413
0.427523
0.428018
0.428197
0.428411
0.42852
0.428647
0.428699
0.42868
0.428637
0.428583
0.428477
0.428328
0.428035
0.42769
0.426981
0.426566
0.425981
0.425337
0.424902
0.424524
0.424288
0.424116
0.423903
0.423791
0.423789
0.423832
0.423867
0.423814
0.423774
0.4238
0.426889
0.428008
0.428621
0.429884
0.431098
0.433317
0.433967
0.434363
0.434614
0.434847
0.435061
0.435131
0.4351
0.435034
0.43473
0.434606
0.434339
0.434069
0.434078
0.434146
0.434148
0.434039
0.43366
0.433419
0.432978
0.432444
0.432139
0.431958
0.43188
0.432113
0.432517
0.433149
0.434042
0.43697
0.438514
0.438826
0.441507
0.44323
0.445346
0.446403
0.448089
0.449894
0.450746
0.452018
0.453314
0.45409
0.454734
0.45528
0.4564
0.456918
0.457406
0.457963
0.458805
0.459964
0.460843
0.461964
0.463177
0.463925
0.464607
0.465301
0.466192
0.467396
0.468217
0.470066
0.471008
0.471186
0.472503
0.473348
0.474278
0.474827
0.475355
0.475938
0.476702
0.477491
0.477939
0.478296
0.478647
0.479081
0.479326
0.480488
0.480764
0.481396
0.483101
0.48426
0.485629
0.486297
0.487434
0.488632
0.490247
0.491334
0.49245
0.493639
0.496378
0.496935
0.497998
0.50003
0.501146
0.502421
0.503266
0.504075
0.504868
0.505764
0.506799
0.507572
0.508372
0.510257
0.511284
0.511481
0.512777
0.513168
0.513516
0.51365
0.513582
0.513237
0.512482
0.511823
0.511083
0.510012
0.508442
0.507235
0.50588
0.502961
0.501138
0.498904
0.497485
0.496101
0.494806
0.493373
0.491785
0.491065
0.489933
0.488235
0.487608
0.486822
0.485848
0.485211
0.484568
0.483701
0.482689
0.482236
0.481458
0.480407
0.479822
0.479493
0.480042
0.481099
0.482402
0.484599
0.488086
0.490889
0.493969
0.49731
0.501872
0.507681
0.510671
0.515685
0.521759
0.530084
0.535233
0.540202
0.544068
0.547768
0.552217
0.55746
0.560884
0.564189
0.568174
0.572043
0.576465
0.579362
0.582939
0.587047
0.589699
0.592377
0.59777
0.60044
0.603687
0.607448
0.609813
0.612115
0.614839
0.617476
0.619512
0.6215
0.626572
0.629335
0.632204
0.634557
0.636879
0.639216
0.642208
0.645178
0.648573
0.650741
0.65281
0.655308
0.658106
0.661279
0.66272
0.664077
0.665553
0.6669
0.667621
0.668442
0.669296
0.66973
0.670458
0.671386
0.671975
0.672578
0.673822
0.674517
0.675185
0.675632
0.67608
0.676648
0.677453
0.677979
0.678508
0.679097
0.679799
0.680241
0.680646
0.681218
0.681287
0.681511
0.681574
0.681627
0.681744
0.681829
0.681879
0.681821
0.681558
0.680879
0.680316
0.679656
0.678866
0.67828
0.677715
0.677241
0.67679
0.676368
0.676063
0.675373
0.674967
0.674493
0.673947
0.673484
0.672934
0.672369
0.671586
0.670397
0.669409
0.668303
0.667145
0.664023
0.662334
0.660633
0.659292
0.65794
0.656156
0.653991
0.652583
0.651167
0.64929
0.646903
0.645188
0.642994
0.640359
0.638587
0.636853
0.63313
0.631138
0.630749
0.627267
0.625347
0.62332
0.621576
0.61917
0.616088
0.614448
0.611699
0.608089
0.606251
0.6042
0.602389
0.600683
0.598859
0.596346
0.595018
0.593159
0.590619
0.587305
0.585052
0.582743
0.580387
0.574703
0.571822
0.569416
0.566948
0.563859
0.560052
0.557384
0.554652
0.551104
0.546715
0.543785
0.540845
0.534429
0.531037
0.527689
0.524958
0.521431
0.517195
0.51439
0.51151
0.507803
0.503267
0.500284
0.497299
0.493601
0.489118
0.486109
0.483042
0.479176
0.474585
0.468668
0.465106
0.462236
0.459303
