1 0.00872685 2.29571
1 0.268319 1.6557
1 0.272469 1.6402
1 0.272788 1.63662
1 0.270606 1.63796
1 0.268963 1.64013
1 0.267117 1.64279
1 0.2653 1.64551
1 0.263769 1.64824
1 0.262514 1.65107
1 0.261257 1.6541
1 0.26003 1.65702
1 0.258749 1.65985
1 0.257386 1.66263
1 0.256044 1.66569
1 0.254573 1.66866
1 0.253068 1.67158
1 0.251603 1.67445
1 0.250008 1.67736
1 0.248401 1.68019
1 0.246775 1.68295
1 0.245205 1.68564
1 0.243757 1.68826
1 0.242151 1.69105
1 0.240662 1.69367
1 0.239268 1.69619
1 0.234647 1.70273
1 0.230237 1.70894
1 0.226069 1.71485
1 0.222095 1.72044
1 0.218325 1.72576
1 0.21477 1.73083
1 0.211385 1.73569
1 0.208098 1.7404
1 0.20499 1.74491
1 0.202056 1.74926
1 0.199122 1.75353
1 0.196271 1.75767
1 0.193469 1.76171
1 0.190795 1.7656
1 0.188205 1.76937
1 0.185689 1.77303
1 0.183269 1.77659
1 0.180988 1.78008
1 0.178348 1.7839
1 0.175736 1.78763
1 0.173112 1.79134
1 0.170608 1.79492
1 0.168222 1.79841
1 0.165901 1.80187
1 0.163638 1.80526
1 0.161475 1.8086
1 0.159387 1.81186
1 0.157334 1.81506
1 0.155353 1.81822
1 0.15342 1.8213
1 0.151262 1.8246
1 0.149178 1.82784
1 0.147121 1.83103
1 0.145069 1.83416
1 0.14306 1.83722
1 0.141106 1.84022
1 0.139143 1.84339
1 0.13725 1.84649
1 0.135419 1.84951
1 0.133641 1.85248
1 0.131932 1.85537
1 0.130241 1.85819
1 0.128606 1.86094
1 0.12704 1.86363
1 0.125543 1.86627
1 0.124076 1.86884
1 0.122619 1.87136
1 0.12119 1.87382
1 0.11982 1.87623
1 0.118492 1.8786
1 0.117163 1.88091
1 0.115854 1.8832
1 0.114583 1.88544
1 0.113331 1.88764
1 0.112093 1.88981
1 0.110846 1.89205
1 0.109619 1.89426
1 0.108409 1.89645
1 0.107238 1.8986
1 0.106076 1.90071
1 0.104861 1.90282
1 0.103652 1.9049
1 0.102459 1.90694
1 0.101281 1.90894
1 0.100136 1.9109
1 0.0990262 1.91282
1 0.0979342 1.91471
1 0.096841 1.91655
1 0.0957487 1.91837
1 0.0946565 1.92016
1 0.0935686 1.92192
1 0.092468 1.92365
1 0.0914041 1.92536
1 0.0903672 1.92704
1 0.0893566 1.92869
1 0.0883717 1.93031
1 0.0874157 1.93191
1 0.0865187 1.93347
1 0.0856632 1.93501
1 0.084857 1.93652
1 0.0840852 1.938
1 0.0833611 1.93946
1 0.0826372 1.94089
1 0.0819112 1.94231
1 0.0811916 1.9437
1 0.0805149 1.94507
1 0.0798578 1.94642
1 0.0792135 1.94774
1 0.0786003 1.94904
1 0.078 1.95033
1 0.0774061 1.95159
1 0.0768158 1.95283
1 0.0762447 1.95406
1 0.0756906 1.95527
1 0.0751441 1.95646
1 0.0746199 1.95763
1 0.0741178 1.95879
1 0.0736327 1.95994
1 0.0731659 1.96107
1 0.0727065 1.96219
1 0.072267 1.96329
1 0.0718451 1.96437
1 0.0714202 1.96553
1 0.0709985 1.96666
1 0.0705933 1.96778
1 0.0702208 1.96888
1 0.0698604 1.96996
1 0.0695079 1.97102
1 0.0691696 1.97207
1 0.0688371 1.97309
1 0.0685273 1.9741
1 0.0682231 1.97509
1 0.0679205 1.97606
1 0.0676237 1.97701
1 0.0673422 1.97793
1 0.0670704 1.97883
1 0.0667919 1.97972
1 0.0665032 1.98059
1 0.0662087 1.98144
1 0.0659177 1.98228
1 0.0657235 1.9831
1 0.065536 1.98392
1 0.0653458 1.98471
1 0.0651543 1.98548
1 0.0649738 1.98624
1 0.0647932 1.98698
1 0.0646055 1.98772
1 0.0644181 1.98843
1 0.0642284 1.98914
1 0.0640359 1.98984
1 0.0638473 1.99053
1 0.0636724 1.99121
1 0.0634855 1.99187
1 0.0632943 1.99253
1 0.0631154 1.99318
1 0.0629469 1.99381
1 0.0627913 1.99443
1 0.0626367 1.99504
1 0.0624913 1.99564
1 0.0623439 1.99622
1 0.0622005 1.9968
1 0.0620714 1.99737
1 0.0619552 1.99793
1 0.0618427 1.99849
1 0.0617311 1.99903
1 0.061622 1.99956
1 0.0615091 2.00008
1 0.0613957 2.0006
1 0.0612924 2.0011
1 0.0612031 2.00158
1 0.0611126 2.00206
1 0.0610187 2.00253
1 0.060933 2.00298
1 0.0608593 2.00341
1 0.0607798 2.00384
1 0.0607035 2.00425
1 0.0606202 2.00466
1 0.0605294 2.00505
1 0.0604484 2.00544
1 0.0603813 2.00581
1 0.0603111 2.00618
1 0.0602445 2.00654
1 0.0601763 2.00689
1 0.0600953 2.00724
1 0.0600207 2.00758
1 0.0599526 2.00792
1 0.0598845 2.00825
1 0.0598114 2.00858
1 0.0597312 2.00891
1 0.0596449 2.00922
1 0.0595627 2.00953
1 0.059477 2.00984
1 0.059385 2.01013
1 0.0592858 2.01043
1 0.0591783 2.01072
1 0.059065 2.01101
1 0.0589489 2.0113
1 0.0588362 2.01158
1 0.0587337 2.01186
1 0.0586352 2.01214
1 0.0585375 2.01242
1 0.0584229 2.0127
1 0.0582971 2.01298
1 0.0581715 2.01327
1 0.0580543 2.01355
1 0.057934 2.01383
1 0.0578104 2.01411
1 0.0576952 2.01439
1 0.057572 2.01467
1 0.0574465 2.01494
1 0.0573137 2.01522
1 0.0571889 2.01548
1 0.0570609 2.01575
1 0.0569335 2.01601
1 0.0568048 2.01627
1 0.0566741 2.01651
1 0.0565402 2.01676
1 0.0564041 2.017
1 0.0562747 2.01722
1 0.0561357 2.01744
1 0.0560002 2.01765
1 0.0558723 2.01785
1 0.0557502 2.01805
1 0.0556134 2.01824
1 0.055467 2.01843
1 0.0552892 2.01855
1 0.0551081 2.01866
1 0.0549215 2.01877
1 0.0547282 2.01889
1 0.0545341 2.019
1 0.0543437 2.0191
1 0.0541638 2.01921
1 0.0539771 2.01931
1 0.0537837 2.01941
1 0.053589 2.01951
1 0.0533939 2.0196
1 0.0531993 2.01968
1 0.0530051 2.01977
1 0.0528187 2.01985
1 0.0526365 2.01992
1 0.0524568 2.01999
1 0.0522846 2.02006
1 0.0521154 2.02012
1 0.0519452 2.02018
1 0.0517725 2.02024
1 0.0516016 2.0203
1 0.0514313 2.02036
1 0.0512547 2.02041
1 0.0510761 2.02046
1 0.0509032 2.02051
1 0.0507273 2.02056
1 0.0505455 2.0206
1 0.0503633 2.02065
1 0.0501759 2.02069
1 0.0499891 2.02074
1 0.0497999 2.02078
1 0.0496075 2.02082
1 0.0494209 2.02086
1 0.0492478 2.0209
1 0.0490692 2.02095
1 0.0489002 2.02099
1 0.048734 2.02103
1 0.0485649 2.02108
1 0.048392 2.02113
1 0.0482228 2.02118
1 0.0480513 2.02124
1 0.0478716 2.02131
1 0.0476889 2.02137
1 0.047506 2.02145
1 0.0472851 2.02148
1 0.0470562 2.02153
1 0.0468236 2.02158
1 0.0465887 2.02163
1 0.046358 2.02169
1 0.0461384 2.02174
1 0.0459316 2.0218
1 0.0457326 2.02185
1 0.0455394 2.02191
1 0.0453459 2.02197
1 0.0451543 2.02204
1 0.0449696 2.02211
1 0.0447889 2.02217
1 0.0446134 2.02224
1 0.0444419 2.0223
1 0.0442719 2.02237
1 0.0441029 2.02243
1 0.0439358 2.0225
1 0.0437698 2.02257
1 0.0436022 2.02264
1 0.0434382 2.02271
1 0.0432711 2.02279
1 0.0430987 2.02287
1 0.0429228 2.02296
1 0.0427512 2.02304
1 0.0425842 2.02312
1 0.0424222 2.02321
1 0.0422623 2.02329
1 0.0420981 2.02338
1 0.0419323 2.02347
1 0.0417683 2.02356
1 0.0416089 2.02365
1 0.0414548 2.02374
1 0.0413013 2.02383
1 0.0411513 2.02391
1 0.0410026 2.024
1 0.040856 2.02409
1 0.0407085 2.02417
1 0.0405617 2.02426
1 0.0404169 2.02434
1 0.0402697 2.02443
1 0.0401287 2.02451
1 0.0399889 2.02458
1 0.0398501 2.02466
1 0.0397223 2.02472
1 0.0395955 2.02478
1 0.0394699 2.02484
1 0.0393443 2.02491
1 0.0392165 2.02497
1 0.039088 2.02503
1 0.0389574 2.0251
1 0.0388257 2.02517
1 0.0386969 2.02524
1 0.0385689 2.02531
1 0.0384453 2.02538
1 0.0383141 2.02546
1 0.0381806 2.02555
1 0.0380466 2.02563
1 0.0379067 2.02573
1 0.0377711 2.02582
1 0.0376363 2.02591
1 0.0374951 2.02601
1 0.0373455 2.02612
1 0.0371985 2.02622
1 0.0370562 2.02635
1 0.0369128 2.02648
1 0.0367677 2.02661
1 0.0366206 2.02674
1 0.0364774 2.02687
1 0.0363363 2.027
1 0.0361959 2.02713
1 0.0360478 2.02727
1 0.0358953 2.02742
1 0.0357428 2.02757
1 0.0355821 2.02772
1 0.0354175 2.02788
1 0.0352558 2.02804
1 0.0350909 2.02819
1 0.0349221 2.02836
1 0.0347551 2.02852
1 0.0345953 2.02867
1 0.0344359 2.02883
1 0.0342776 2.02898
1 0.0341227 2.02913
1 0.0339731 2.02927
1 0.0338266 2.0294
1 0.0336815 2.02954
1 0.033543 2.02967
1 0.0334107 2.02979
1 0.0332811 2.02991
1 0.0331476 2.03004
1 0.0330104 2.03017
1 0.0328698 2.03031
1 0.0327253 2.03046
1 0.0325788 2.03061
1 0.0324337 2.03075
1 0.0322905 2.0309
1 0.0321476 2.03105
1 0.0320076 2.03119
1 0.0318725 2.03133
1 0.0317427 2.03146
1 0.031613 2.0316
1 0.0314885 2.03173
1 0.0313686 2.03186
1 0.0312485 2.03199
1 0.0311317 2.03212
1 0.0310127 2.03225
1 0.0308946 2.03238
1 0.0307778 2.03252
1 0.0306583 2.03265
1 0.0305375 2.03279
1 0.0304144 2.03294
1 0.0302871 2.03309
1 0.030156 2.03326
1 0.0300194 2.03343
1 0.0298876 2.03359
1 0.0297586 2.03376
1 0.0296315 2.03392
1 0.0295104 2.03407
1 0.0293925 2.03422
1 0.0292783 2.03436
1 0.0291649 2.03451
1 0.0290502 2.03466
1 0.0289342 2.03481
1 0.0288156 2.03497
1 0.0286888 2.03515
1 0.0285634 2.03533
1 0.028436 2.03552
1 0.0283052 2.03571
1 0.0281736 2.03591
1 0.0280402 2.03611
1 0.0279115 2.03631
1 0.0277596 2.03656
1 0.027615 2.0368
1 0.0274686 2.03704
1 0.0273275 2.03728
1 0.0271902 2.03751
1 0.0270522 2.03775
1 0.0269179 2.03798
1 0.0267841 2.03821
1 0.026648 2.03845
1 0.0265147 2.03868
1 0.0263836 2.03891
1 0.0262535 2.03914
1 0.0261273 2.03936
1 0.0259984 2.03959
1 0.0258687 2.03983
1 0.0257326 2.04008
1 0.0255942 2.04034
1 0.0254508 2.04061
1 0.0253084 2.04088
1 0.025169 2.04114
1 0.0250312 2.0414
1 0.024894 2.04167
1 0.0247588 2.04193
1 0.0246263 2.04219
1 0.0244971 2.04244
1 0.0243653 2.0427
1 0.0242299 2.04297
1 0.0240976 2.04324
1 0.0239628 2.04353
1 0.0238278 2.04382
1 0.0236985 2.0441
1 0.0235713 2.04437
1 0.0234479 2.04464
1 0.0233255 2.0449
1 0.0232036 2.04517
1 0.0230842 2.04543
1 0.0229601 2.04571
1 0.0228336 2.046
1 0.0227054 2.0463
1 0.0225825 2.04658
1 0.022462 2.04687
1 0.0223398 2.04716
1 0.0222188 2.04746
1 0.0220976 2.04775
1 0.0219797 2.04805
1 0.0218591 2.04835
1 0.0217387 2.04865
1 0.0216193 2.04895
1 0.0214986 2.04926
1 0.0213755 2.04958
1 0.0212522 2.0499
1 0.0211323 2.05021
1 0.0210164 2.05051
1 0.0209044 2.05081
1 0.0207969 2.05109
1 0.0206889 2.05137
1 0.0205836 2.05165
1 0.0204823 2.05192
1 0.0203824 2.05219
1 0.0202817 2.05246
1 0.0201793 2.05273
1 0.0200756 2.05301
1 0.0199758 2.05329
1 0.0198798 2.05355
1 0.0197872 2.0538
1 0.0196974 2.05404
1 0.0196122 2.05428
1 0.0195438 2.05446
1 0.0194756 2.05465
1 0.0194116 2.05482
1 0.0193514 2.05498
1 0.0192887 2.05515
1 0.019225 2.05533
1 0.0191585 2.05551
1 0.0190934 2.05571
1 0.019025 2.05592
1 0.0189564 2.05612
1 0.0188909 2.05632
1 0.0188256 2.05652
1 0.018756 2.05674
1 0.0186837 2.05697
1 0.0186108 2.05719
1 0.0185381 2.05742
1 0.0184807 2.0576
1 0.0184286 2.05776
1 0.0183766 2.05792
1 0.018326 2.05808
1 0.0182724 2.05824
1 0.0182158 2.05842
1 0.0181539 2.05861
1 0.0180843 2.05883
1 0.0180143 2.05906
1 0.0179442 2.05928
1 0.0178772 2.0595
1 0.0178116 2.05971
1 0.0177457 2.05993
1 0.0176808 2.06014
1 0.0176177 2.06035
1 0.0175579 2.06055
1 0.0175038 2.06072
1 0.017453 2.06089
1 0.0174007 2.06106
1 0.017343 2.06126
1 0.0172815 2.06147
1 0.0172197 2.06168
1 0.0171525 2.06192
1 0.0170844 2.06216
1 0.0170185 2.0624
1 0.0169578 2.06262
1 0.0168962 2.06284
1 0.0168343 2.06307
1 0.016774 2.06329
1 0.0167181 2.06349
1 0.0166643 2.06369
1 0.0166125 2.06388
1 0.0165548 2.06409
1 0.0164945 2.06432
1 0.0164288 2.06457
1 0.0163596 2.06484
1 0.0162875 2.06512
1 0.016214 2.06541
1 0.0161396 2.06571
1 0.0160656 2.066
1 0.015991 2.0663
1 0.0159165 2.0666
1 0.0158432 2.0669
1 0.0157668 2.06721
1 0.0156794 2.06758
1 0.0155916 2.06795
1 0.0155061 2.06831
1 0.0154204 2.06868
1 0.0153355 2.06904
1 0.0152483 2.06942
1 0.0151633 2.06979
1 0.0150791 2.07016
1 0.0149981 2.07052
1 0.0149217 2.07086
1 0.0148474 2.0712
1 0.0147734 2.07153
1 0.0147012 2.07186
1 0.0146299 2.07219
2 1.76882 -9.33713
2 1.76882 -9.33713
2 1.76882 -9.33713
2 1.76882 -9.33713
2 1.76882 -9.33713
2 1.76882 -9.33713
2 1.76882 -9.33713
2 1.76882 -9.33713
2 1.76882 -9.33713
2 1.76882 -9.33713
2 1.76882 -9.33713
2 1.76882 -9.33713
2 1.76882 -9.33713
2 1.76882 -9.33713
2 1.76882 -9.33713
2 1.76882 -9.33713
2 1.76882 -9.33713
2 1.76882 -9.33713
2 1.76882 -9.33713
2 1.76882 -9.33713
2 1.76882 -9.33713
2 1.76882 -9.33713
2 1.76882 -9.33713
2 1.76882 -9.33713
2 1.76882 -9.33713
2 1.76882 -9.33713
2 1.76882 -9.33713
2 1.76882 -9.33713
2 1.76882 -9.33713
2 1.76882 -9.33713
2 1.76882 -9.33713
2 1.76882 -9.33713
2 1.76882 -9.33713
2 1.76882 -9.33713
2 1.76882 -9.33713
2 1.76882 -9.33713
2 1.76882 -9.33713
2 1.76882 -9.33713
2 1.76882 -9.33713
2 1.76882 -9.33713
2 1.76882 -9.33713
2 1.76882 -9.33713
2 1.76882 -9.33713
2 1.76882 -9.33713
2 1.76882 -9.33713
2 1.76882 -9.33713
2 1.76882 -9.33713
2 1.76882 -9.33713
2 1.76882 -9.33713
2 1.76882 -9.33713
2 1.76882 -9.33713
2 1.76882 -9.33713
2 1.76882 -9.33713
2 1.76882 -9.33713
2 1.76882 -9.33713
2 1.76882 -9.33713
2 1.76882 -9.33713
2 1.76882 -9.33713
2 1.76882 -9.33713
2 1.76882 -9.33713
2 1.76882 -9.33713
2 1.76882 -9.33713
2 1.76882 -9.33713
2 1.76882 -9.33713
2 1.76882 -9.33713
2 1.76882 -9.33713
2 1.76882 -9.33713
2 1.76882 -9.33713
2 1.76792 -9.33079
2 1.76705 -9.32457
2 1.76619 -9.31849
2 1.76535 -9.31254
2 1.76453 -9.3067
2 1.76372 -9.30095
2 1.76292 -9.29526
2 1.76214 -9.2898
2 1.76139 -9.28448
2 1.76139 -9.28448
2 1.76139 -9.28448
2 1.76139 -9.28448
2 1.76139 -9.28448
2 1.76139 -9.28448
2 1.76139 -9.28448
2 1.76139 -9.28448
2 1.76139 -9.28448
2 1.76139 -9.28448
2 1.76139 -9.28448
2 1.76139 -9.28448
2 1.76139 -9.28448
2 1.76139 -9.28448
2 1.76139 -9.28448
2 1.76139 -9.28448
2 1.76139 -9.28448
2 1.76139 -9.28448
2 1.76139 -9.28448
2 1.76139 -9.28448
2 1.76139 -9.28448
2 1.76139 -9.28448
2 1.76139 -9.28448
2 1.76139 -9.28448
2 1.76139 -9.28448
2 1.76139 -9.28448
2 1.76139 -9.28448
2 1.76139 -9.28448
2 1.76139 -9.28448
2 1.76139 -9.28448
2 1.76139 -9.28448
2 1.76139 -9.28448
2 1.76139 -9.28448
2 1.76065 -9.27917
2 1.76031 -9.27732
2 1.75998 -9.27547
2 1.75965 -9.27365
2 1.75931 -9.27173
2 1.75897 -9.2698
2 1.75897 -9.2698
2 1.75897 -9.2698
2 1.75863 -9.26784
2 1.75828 -9.26587
2 1.75794 -9.26397
2 1.75761 -9.2621
2 1.75761 -9.2621
2 1.75761 -9.2621
2 1.75761 -9.2621
2 1.75761 -9.2621
2 1.75761 -9.2621
2 1.75761 -9.2621
2 1.75761 -9.2621
2 1.75761 -9.2621
2 1.75761 -9.2621
2 1.75761 -9.2621
2 1.75761 -9.2621
2 1.75761 -9.2621
2 1.75761 -9.2621
2 1.75761 -9.2621
2 1.75761 -9.2621
2 1.75761 -9.2621
2 1.75761 -9.2621
2 1.75761 -9.2621
2 1.75761 -9.2621
2 1.75761 -9.2621
2 1.75761 -9.2621
2 1.75761 -9.2621
2 1.75761 -9.2621
2 1.75761 -9.2621
2 1.75761 -9.2621
2 1.75761 -9.2621
2 1.75761 -9.2621
2 1.75761 -9.2621
2 1.75761 -9.2621
2 1.75761 -9.2621
2 1.75761 -9.2621
2 1.75761 -9.2621
2 1.75761 -9.2621
2 1.75761 -9.2621
2 1.75761 -9.2621
2 1.75761 -9.2621
2 1.75761 -9.2621
2 1.75761 -9.2621
2 1.75761 -9.2621
2 1.75761 -9.2621
2 1.75761 -9.2621
2 1.75761 -9.2621
2 1.75761 -9.2621
2 1.75761 -9.2621
2 1.75761 -9.2621
2 1.75761 -9.2621
2 1.75761 -9.2621
2 1.75761 -9.2621
2 1.75761 -9.2621
2 1.75761 -9.2621
2 1.75761 -9.2621
2 1.75761 -9.2621
2 1.75761 -9.2621
2 1.75761 -9.2621
2 1.75761 -9.2621
2 1.75761 -9.2621
2 1.75761 -9.2621
2 1.75761 -9.2621
2 1.75761 -9.2621
2 1.75761 -9.2621
2 1.75761 -9.2621
2 1.75761 -9.2621
2 1.75761 -9.2621
2 1.75761 -9.2621
2 1.75761 -9.2621
2 1.75761 -9.2621
2 1.75761 -9.2621
2 1.75761 -9.2621
2 1.75761 -9.2621
2 1.75761 -9.2621
2 1.75761 -9.2621
2 1.75761 -9.2621
2 1.75761 -9.2621
2 1.75761 -9.2621
2 1.75761 -9.2621
2 1.75761 -9.2621
2 1.75761 -9.2621
2 1.75761 -9.2621
2 1.75761 -9.2621
2 1.75761 -9.2621
2 1.75761 -9.2621
2 1.75761 -9.2621
2 1.75761 -9.2621
2 1.75761 -9.2621
2 1.75761 -9.2621
2 1.75761 -9.2621
2 1.75761 -9.2621
2 1.75761 -9.2621
2 1.75761 -9.2621
2 1.75761 -9.2621
2 1.75761 -9.2621
2 1.75761 -9.2621
2 1.75761 -9.2621
2 1.75761 -9.2621
2 1.75761 -9.2621
2 1.75761 -9.2621
2 1.75761 -9.2621
2 1.75761 -9.2621
2 1.75761 -9.2621
2 1.75761 -9.2621
3 -1.20069 20.2283
3 -1.20069 20.2283
3 -1.20069 20.2283
3 -1.20069 20.2283
3 -1.20069 20.2283
3 -1.20069 20.2283
3 -1.20069 20.2283
3 -1.20069 20.2283
3 -1.20069 20.2283
3 -1.20069 20.2283
3 -1.20069 20.2283
3 -1.20069 20.2283
3 -1.20069 20.2283
3 -1.20069 20.2283
3 -1.20069 20.2283
3 -1.20069 20.2283
3 -1.20069 20.2283
3 -1.20069 20.2283
3 -1.20069 20.2283
3 -1.20069 20.2283
3 -1.20069 20.2283
3 -1.20069 20.2283
3 -1.20069 20.2283
3 -1.20069 20.2283
3 -1.20069 20.2283
3 -1.20069 20.2283
3 -1.20069 20.2283
3 -1.20069 20.2283
3 -1.20069 20.2283
3 -1.20069 20.2283
3 -1.20069 20.2283
3 -1.20069 20.2283
3 -1.20069 20.2283
3 -1.20069 20.2283
3 -1.20069 20.2283
3 -1.20069 20.2283
3 -1.20069 20.2283
3 -1.20069 20.2283
3 -1.20069 20.2283
3 -1.20069 20.2283
3 -1.20069 20.2283
3 -1.20069 20.2283
3 -1.20069 20.2283
3 -1.20069 20.2283
3 -1.20069 20.2283
3 -1.20069 20.2283
3 -1.20069 20.2283
3 -1.20069 20.2283
3 -1.20069 20.2283
3 -1.20069 20.2283
3 -1.20069 20.2283
3 -1.20069 20.2283
3 -1.20069 20.2283
3 -1.20069 20.2283
3 -1.20069 20.2283
3 -1.20069 20.2283
3 -1.20069 20.2283
3 -1.20069 20.2283
3 -1.20069 20.2283
3 -1.20069 20.2283
3 -1.20069 20.2283
3 -1.20069 20.2283
3 -1.20069 20.2283
3 -1.20069 20.2283
3 -1.20069 20.2283
3 -1.20069 20.2283
3 -1.20069 20.2283
3 -1.20134 20.2342
3 -1.20198 20.2399
3 -1.20259 20.2454
3 -1.20318 20.2506
3 -1.20375 20.2557
3 -1.2043 20.2606
3 -1.20481 20.2652
3 -1.20532 20.2696
3 -1.2058 20.2739
3 -1.2058 20.2739
3 -1.2058 20.2739
3 -1.2058 20.2739
3 -1.2058 20.2739
3 -1.2058 20.2739
3 -1.20624 20.2778
3 -1.20658 20.2808
3 -1.2069 20.2836
3 -1.2072 20.2862
3 -1.20749 20.2886
3 -1.20776 20.2909
3 -1.20801 20.293
3 -1.20825 20.2951
3 -1.20849 20.2971
3 -1.20871 20.2989
3 -1.20891 20.3006
3 -1.2091 20.3022
3 -1.20928 20.3036
3 -1.20945 20.305
3 -1.20961 20.3075
3 -1.20976 20.3099
3 -1.20992 20.3123
3 -1.21007 20.3147
3 -1.21023 20.3172
3 -1.21039 20.3196
3 -1.21054 20.3221
3 -1.21069 20.3245
3 -1.21084 20.3269
3 -1.21099 20.3293
3 -1.21112 20.3316
3 -1.21126 20.3339
3 -1.21139 20.3362
3 -1.21153 20.3385
3 -1.21167 20.3409
3 -1.21182 20.3433
3 -1.21197 20.3457
3 -1.21212 20.3482
3 -1.21226 20.3506
3 -1.21241 20.353
3 -1.21256 20.3555
3 -1.21271 20.358
3 -1.21286 20.3605
3 -1.21302 20.3631
3 -1.21318 20.3656
3 -1.21333 20.3681
3 -1.21349 20.3707
3 -1.21366 20.3733
3 -1.21384 20.3761
3 -1.21401 20.3788
3 -1.21418 20.3814
3 -1.21433 20.3839
3 -1.21449 20.3865
3 -1.21466 20.3892
3 -1.21483 20.3919
3 -1.21499 20.3945
3 -1.21516 20.3971
3 -1.21532 20.3997
3 -1.21548 20.4023
3 -1.21563 20.4048
3 -1.21579 20.4074
3 -1.21596 20.4101
3 -1.21612 20.4127
3 -1.21628 20.4152
3 -1.21643 20.4178
3 -1.21659 20.4203
3 -1.21674 20.4228
3 -1.21689 20.4253
3 -1.21705 20.4279
3 -1.21721 20.4305
3 -1.21737 20.4331
3 -1.21753 20.4356
3 -1.21769 20.4382
3 -1.21785 20.4407
3 -1.21801 20.4433
3 -1.21817 20.4459
3 -1.21834 20.4485
3 -1.2185 20.451
3 -1.21866 20.4536
3 -1.21881 20.4561
3 -1.21897 20.4586
3 -1.21913 20.4612
3 -1.21928 20.4637
3 -1.21944 20.4662
3 -1.21959 20.4686
3 -1.21974 20.4711
3 -1.21989 20.4735
3 -1.22003 20.4759
3 -1.22017 20.4782
3 -1.22031 20.4806
3 -1.22045 20.4828
3 -1.22059 20.4851
3 -1.22073 20.4875
3 -1.22086 20.4898
3 -1.221 20.4921
3 -1.22113 20.4944
3 -1.22126 20.4966
3 -1.22138 20.4988
3 -1.22151 20.501
3 -1.22163 20.5031
3 -1.22176 20.5053
3 -1.22188 20.5075
3 -1.222 20.5097
3 -1.22213 20.5119
3 -1.22227 20.5141
3 -1.2224 20.5164
3 -1.22254 20.5186
3 -1.22268 20.5209
3 -1.22282 20.5232
3 -1.22296 20.5254
3 -1.2231 20.5277
3 -1.22324 20.53
3 -1.22338 20.5323
3 -1.22353 20.5345
3 -1.22366 20.5367
3 -1.22379 20.5389
3 -1.22392 20.541
3 -1.22404 20.5431
3 -1.22416 20.5452
3 -1.22428 20.5472
3 -1.2244 20.5493
3 -1.22452 20.5513
3 -1.22463 20.5533
3 -1.22473 20.5552
3 -1.22487 20.5574
3 -1.22497 20.5592
3 -1.22505 20.561
3 -1.22513 20.5627
3 -1.22521 20.5644
3 -1.2253 20.5661
3 -1.22538 20.5678
3 -1.22545 20.5694
3 -1.22553 20.5711
3 -1.22561 20.5728
3 -1.22569 20.5745
