1 0.00872685 2.29571
1 0.240357 1.61703
1 0.243423 1.60185
1 0.242601 1.59894
1 0.240918 1.59922
1 0.239722 1.60073
1 0.238816 1.60262
1 0.237916 1.60474
1 0.232891 1.61105
1 0.228716 1.61671
1 0.22482 1.62205
1 0.221454 1.6269
1 0.218555 1.63178
1 0.215797 1.63638
1 0.213152 1.64084
1 0.210849 1.64494
1 0.208779 1.64879
1 0.206866 1.65245
1 0.20506 1.65602
1 0.203265 1.65957
1 0.201516 1.66296
1 0.199815 1.66658
1 0.198246 1.66994
1 0.195039 1.67514
1 0.192017 1.68034
1 0.189246 1.68522
1 0.186657 1.69007
1 0.184222 1.69474
1 0.181831 1.69926
1 0.179575 1.70364
1 0.177468 1.70785
1 0.175403 1.71194
1 0.173376 1.71594
1 0.171437 1.71981
1 0.169547 1.72354
1 0.16769 1.72717
1 0.165205 1.73207
1 0.162787 1.73685
1 0.160502 1.74147
1 0.158324 1.74594
1 0.156156 1.75038
1 0.154101 1.75463
1 0.1521 1.75881
1 0.150145 1.76287
1 0.148248 1.76681
1 0.146391 1.77063
1 0.144567 1.77438
1 0.142817 1.77799
1 0.141132 1.78153
1 0.139459 1.78499
1 0.137846 1.78837
1 0.136255 1.79173
1 0.134678 1.79502
1 0.133135 1.79824
1 0.131608 1.80137
1 0.13011 1.80445
1 0.128616 1.80748
1 0.127155 1.81044
1 0.125747 1.81334
1 0.124417 1.8162
1 0.123109 1.819
1 0.121801 1.82176
1 0.120501 1.82447
1 0.119237 1.82717
1 0.118008 1.82984
1 0.116811 1.83247
1 0.115635 1.83505
1 0.114503 1.8376
1 0.113408 1.84012
1 0.112329 1.84259
1 0.111265 1.84503
1 0.110216 1.84747
1 0.109212 1.84988
1 0.108232 1.85223
1 0.107227 1.85457
1 0.106227 1.85688
1 0.105238 1.85915
1 0.10427 1.86138
1 0.103332 1.86357
1 0.102422 1.86572
1 0.101537 1.86784
1 0.100686 1.86991
1 0.0998742 1.87194
1 0.0990654 1.87393
1 0.0982823 1.87588
1 0.0975329 1.87779
1 0.0968162 1.87967
1 0.0961242 1.8815
1 0.095428 1.88331
1 0.094737 1.88509
1 0.0940685 1.88682
1 0.0934235 1.88854
1 0.0927553 1.89023
1 0.0921196 1.8919
1 0.0914839 1.89354
1 0.0908551 1.89516
1 0.0902313 1.89676
1 0.0896057 1.89834
1 0.0889922 1.8999
1 0.08841 1.90144
1 0.0878395 1.90296
1 0.0872796 1.90444
1 0.0867146 1.90589
1 0.0861201 1.90732
1 0.0855333 1.90871
1 0.0849457 1.91008
1 0.0843839 1.91141
1 0.0838357 1.91272
1 0.0833068 1.91399
1 0.0827424 1.91525
1 0.0821871 1.91648
1 0.081636 1.91769
1 0.0810907 1.91887
1 0.0805929 1.92003
1 0.0801285 1.92117
1 0.0796887 1.92228
1 0.0792687 1.92336
1 0.0788633 1.92441
1 0.0784785 1.92544
1 0.0781265 1.92644
1 0.0777934 1.9274
1 0.0774658 1.92834
1 0.0771462 1.92925
1 0.076858 1.93012
1 0.0765612 1.93097
1 0.076264 1.9318
1 0.0759672 1.9326
1 0.0757045 1.93338
1 0.0754433 1.93413
1 0.0751898 1.93486
1 0.0749565 1.93557
1 0.0747304 1.93626
1 0.0745048 1.93692
1 0.0742817 1.93758
1 0.0740719 1.9382
1 0.0738641 1.9388
1 0.0736667 1.93938
1 0.0734801 1.93995
1 0.073307 1.9405
1 0.0731459 1.94104
1 0.0729935 1.94156
1 0.0728461 1.94207
1 0.0727059 1.94256
1 0.0725828 1.94304
1 0.0724571 1.9435
1 0.0723288 1.94395
1 0.0722256 1.94437
1 0.072137 1.94478
1 0.0720563 1.94517
1 0.0718035 1.94599
1 0.0715623 1.9468
1 0.071324 1.94758
1 0.0711034 1.94834
1 0.0708883 1.94908
1 0.0706734 1.9498
1 0.0704647 1.95049
1 0.0702715 1.95116
1 0.0700719 1.95184
1 0.0698637 1.95249
1 0.0696417 1.95312
1 0.0694195 1.95374
1 0.0691999 1.95435
1 0.0689875 1.95493
1 0.0687852 1.95549
1 0.068583 1.95603
1 0.0683819 1.95656
1 0.068189 1.95706
1 0.0680018 1.95756
1 0.0678048 1.95803
1 0.0676079 1.9585
1 0.0674063 1.95895
1 0.0672033 1.9594
1 0.0670545 1.95975
1 0.0669112 1.96009
1 0.0667593 1.96042
1 0.0666026 1.96075
1 0.0664476 1.96107
1 0.0663036 1.96137
1 0.0661751 1.96166
1 0.066048 1.96195
1 0.0659257 1.96222
1 0.065803 1.96248
1 0.0656847 1.96274
1 0.0655827 1.96298
1 0.0654874 1.96322
1 0.0653952 1.96346
1 0.0653039 1.96368
1 0.065214 1.9639
1 0.0651188 1.96411
1 0.0650252 1.96431
1 0.0649485 1.9645
1 0.0648786 1.96467
1 0.0648037 1.96484
1 0.0647365 1.965
1 0.0646697 1.96515
1 0.0646081 1.96529
1 0.0645499 1.96542
1 0.0644877 1.96555
1 0.064423 1.96566
1 0.0643546 1.96577
1 0.0642931 1.96586
1 0.0642378 1.96595
1 0.0641812 1.96603
1 0.0641314 1.96605
1 0.0640776 1.96607
1 0.0640172 1.96608
1 0.0639553 1.9661
1 0.0639022 1.96611
1 0.0638436 1.96612
1 0.0637796 1.96612
1 0.0637066 1.96613
1 0.0636339 1.96613
1 0.0635509 1.96613
1 0.0634569 1.96612
1 0.0633621 1.96612
1 0.0632619 1.96612
1 0.0631498 1.96612
1 0.0630327 1.96613
1 0.0629134 1.96613
1 0.0627987 1.96614
1 0.0626901 1.96615
1 0.0625861 1.96616
1 0.062473 1.96618
1 0.0623584 1.96619
1 0.0622358 1.96622
1 0.0621099 1.96624
1 0.0619872 1.96627
1 0.0618655 1.9663
1 0.0617418 1.96632
1 0.0616219 1.96635
1 0.0615026 1.96638
1 0.0613784 1.96641
1 0.0612526 1.96644
1 0.0611244 1.96647
1 0.0609971 1.9665
1 0.0608677 1.96653
1 0.0607399 1.96655
1 0.0606101 1.96656
1 0.0604749 1.96658
1 0.0603436 1.96659
1 0.0602149 1.96659
1 0.0600819 1.96659
1 0.0599459 1.96658
1 0.0598141 1.96657
1 0.0596907 1.96655
1 0.0595603 1.96653
1 0.0594203 1.96651
1 0.059272 1.96649
1 0.0591181 1.96648
1 0.0589612 1.96646
1 0.0587982 1.96644
1 0.0586325 1.96642
1 0.0584678 1.96641
1 0.0583134 1.96639
1 0.0581526 1.96637
1 0.0579862 1.96635
1 0.0578188 1.96632
1 0.0576502 1.9663
1 0.0574814 1.96627
1 0.0573138 1.96624
1 0.0571547 1.9662
1 0.056999 1.96617
1 0.0568453 1.96613
1 0.0566952 1.96609
1 0.0565508 1.96604
1 0.0564032 1.966
1 0.0562569 1.96596
1 0.0561122 1.96591
1 0.0559626 1.96587
1 0.0558075 1.96582
1 0.0556522 1.96578
1 0.0555024 1.96573
1 0.0553552 1.96569
1 0.0551923 1.96564
1 0.0550368 1.96559
1 0.0548766 1.96554
1 0.0547153 1.9655
1 0.0545494 1.96545
1 0.054382 1.96541
1 0.0542213 1.96536
1 0.0540685 1.96531
1 0.0539119 1.96527
1 0.0537594 1.96523
1 0.0536092 1.96518
1 0.053458 1.96514
1 0.0533035 1.9651
1 0.05315 1.96507
1 0.0529951 1.96504
1 0.0528273 1.96501
1 0.0526565 1.96499
1 0.0524871 1.96498
1 0.0523146 1.96496
1 0.0521356 1.96495
1 0.0519499 1.96494
1 0.0517644 1.96494
1 0.0515835 1.96493
1 0.0514172 1.96492
1 0.0512606 1.96491
1 0.0510669 1.96481
1 0.0508752 1.96471
1 0.0506833 1.96462
1 0.050493 1.96453
1 0.0503088 1.96443
1 0.0501272 1.96434
1 0.0499508 1.96424
1 0.0497793 1.96415
1 0.049609 1.96405
1 0.0494399 1.96395
1 0.049273 1.96386
1 0.0491012 1.96377
1 0.0489308 1.96368
1 0.0487638 1.96359
1 0.0485967 1.9635
1 0.0484229 1.96342
1 0.0482468 1.96334
1 0.0480706 1.96326
1 0.0478924 1.96319
1 0.0477157 1.96312
1 0.0475333 1.96305
1 0.0473492 1.96299
1 0.0471597 1.96294
1 0.0469699 1.96289
1 0.0467858 1.96284
1 0.046605 1.9628
1 0.0464255 1.96275
1 0.0462469 1.96271
1 0.0460684 1.96267
1 0.045891 1.96264
1 0.0457134 1.96261
1 0.0455343 1.96258
1 0.0453531 1.96256
1 0.045174 1.96254
1 0.0449994 1.96251
1 0.0448266 1.96249
1 0.0446576 1.96246
1 0.0444929 1.96243
1 0.0443291 1.9624
1 0.0441687 1.96238
1 0.0440084 1.96235
1 0.0438453 1.96233
1 0.0436831 1.96231
1 0.043512 1.96231
1 0.0433441 1.9623
1 0.0431762 1.9623
1 0.0430085 1.9623
1 0.0428418 1.96231
1 0.0426603 1.96235
1 0.0424758 1.9624
1 0.0422891 1.96246
1 0.042095 1.96253
1 0.0419027 1.9626
1 0.0417133 1.96267
1 0.0415188 1.96275
1 0.0413214 1.96284
1 0.04112 1.96293
1 0.0409148 1.96302
1 0.0407076 1.96313
1 0.0404976 1.96323
1 0.0402875 1.96335
1 0.04008 1.96346
1 0.0398753 1.96357
1 0.0396683 1.9637
1 0.0394572 1.96382
1 0.0392432 1.96396
1 0.0390274 1.96409
1 0.0388083 1.96423
1 0.0385846 1.96438
1 0.0383609 1.96453
1 0.0381371 1.96469
1 0.037913 1.96484
1 0.0376758 1.96502
1 0.0374596 1.96516
1 0.0372481 1.9653
1 0.0370366 1.96545
1 0.0368271 1.96559
1 0.0366261 1.96572
1 0.0364261 1.96586
1 0.0362299 1.96599
1 0.0360389 1.96611
1 0.0358529 1.96623
1 0.0356694 1.96636
1 0.035482 1.96649
1 0.035291 1.96662
1 0.0350973 1.96677
1 0.0348988 1.96692
1 0.0347002 1.96708
1 0.0345038 1.96723
1 0.0343097 1.96738
1 0.0341161 1.96754
1 0.033928 1.96769
1 0.0337477 1.96783
1 0.0335658 1.96798
1 0.0333872 1.96812
1 0.0332117 1.96827
1 0.033042 1.96841
1 0.0328715 1.96855
1 0.0327031 1.9687
1 0.0325348 1.96885
1 0.0323662 1.969
1 0.0321993 1.96915
1 0.0320301 1.9693
1 0.0318581 1.96947
1 0.0316835 1.96964
1 0.0315042 1.96982
1 0.0313254 1.97
1 0.0311462 1.97019
1 0.0309667 1.97038
1 0.0307905 1.97056
1 0.0306169 1.97075
1 0.0304512 1.97092
1 0.0302895 1.97109
1 0.0301031 1.97133
1 0.0299148 1.97157
1 0.0297266 1.97182
1 0.0295392 1.97207
1 0.0293528 1.97232
1 0.0291669 1.97258
1 0.0289807 1.97283
1 0.0287946 1.97309
1 0.0286092 1.97335
1 0.0284256 1.97361
1 0.0282438 1.97387
1 0.0280675 1.97413
1 0.0278997 1.97436
1 0.0277376 1.97459
1 0.0275805 1.97481
1 0.0274257 1.97503
1 0.027279 1.97524
1 0.0271357 1.97544
1 0.0269949 1.97563
1 0.0268591 1.97582
1 0.0267223 1.97601
1 0.0265917 1.97619
1 0.0264619 1.97637
1 0.0263357 1.97654
1 0.0262123 1.9767
1 0.0260884 1.97687
1 0.0259651 1.97704
1 0.0258357 1.97722
1 0.0257067 1.97741
1 0.0255735 1.9776
1 0.0254411 1.97779
1 0.0253124 1.97798
1 0.0251867 1.97816
1 0.025063 1.97834
1 0.0249412 1.97851
1 0.024822 1.97868
1 0.0247075 1.97884
1 0.0245896 1.97902
1 0.0244675 1.9792
1 0.0243432 1.97939
1 0.0242185 1.97958
1 0.0240945 1.97978
1 0.0239716 1.97997
1 0.023858 1.98014
1 0.0237449 1.9803
1 0.0236329 1.98047
1 0.023525 1.98063
1 0.0234169 1.9808
1 0.0233054 1.98097
1 0.02319 1.98116
1 0.0230736 1.98135
1 0.0229648 1.98153
1 0.0228537 1.98172
1 0.0227414 1.98191
1 0.0226316 1.9821
1 0.0225219 1.98229
1 0.0224137 1.98248
1 0.0223062 1.98267
1 0.0222162 1.98283
1 0.0221271 1.98298
1 0.0220377 1.98314
1 0.0219468 1.98331
1 0.0218543 1.98348
1 0.0217663 1.98364
1 0.021682 1.98379
1 0.0216047 1.98392
1 0.0215286 1.98405
1 0.0214526 1.98418
1 0.0213797 1.9843
1 0.0213105 1.98441
1 0.0212426 1.98452
1 0.021174 1.98463
1 0.0211009 1.98476
1 0.0210303 1.98488
1 0.020964 1.98499
1 0.0209002 1.98509
1 0.0208383 1.98519
1 0.020779 1.98527
1 0.0207249 1.98535
1 0.0206691 1.98543
1 0.0206138 1.98551
1 0.0205614 1.98558
1 0.0205138 1.98563
1 0.0204617 1.98571
1 0.0204096 1.98578
1 0.0203556 1.98586
1 0.0203022 1.98594
1 0.0202466 1.98603
1 0.0201944 1.9861
1 0.0201441 1.98618
1 0.020093 1.98625
1 0.0200362 1.98635
1 0.0199791 1.98644
1 0.019925 1.98653
1 0.0198711 1.98662
1 0.0198178 1.98671
1 0.0197703 1.98677
1 0.0197209 1.98684
1 0.0196711 1.98692
1 0.0196191 1.98699
1 0.0195648 1.98708
1 0.0195071 1.98718
1 0.0194483 1.98729
1 0.019389 1.98739
1 0.0193275 1.98751
1 0.0192655 1.98763
1 0.0192023 1.98775
1 0.0191348 1.9879
1 0.0190618 1.98806
1 0.018988 1.98823
1 0.0189163 1.98839
1 0.0188462 1.98855
1 0.0187726 1.98872
1 0.0186945 1.98891
1 0.0186102 1.98913
1 0.0185175 1.98937
1 0.0184168 1.98966
1 0.0183111 1.98996
1 0.0182029 1.99027
1 0.0180943 1.99059
1 0.0180019 1.99086
1 0.0179064 1.99114
1 0.0178092 1.99144
1 0.0177126 1.99172
1 0.0176173 1.99201
1 0.0175238 1.99229
1 0.0174314 1.99257
1 0.0173285 1.99289
1 0.017225 1.99321
1 0.0171132 1.99357
1 0.0169969 1.99395
1 0.0169969 1.99395
1 0.0169969 1.99395
1 0.0169969 1.99395
1 0.0169969 1.99395
1 0.0169969 1.99395
1 0.0169969 1.99395
1 0.0169969 1.99395
1 0.0169969 1.99395
1 0.0169969 1.99395
1 0.0169969 1.99395
1 0.0169969 1.99395
1 0.0169969 1.99395
1 0.0169969 1.99395
1 0.0169969 1.99395
1 0.0169969 1.99395
1 0.0169969 1.99395
1 0.0169969 1.99395
1 0.0169969 1.99395
1 0.0169969 1.99395
1 0.0169969 1.99395
1 0.0169969 1.99395
1 0.0169969 1.99395
1 0.0169969 1.99395
1 0.0169969 1.99395
1 0.0169969 1.99395
1 0.0169969 1.99395
1 0.0169969 1.99395
1 0.0169969 1.99395
1 0.0169969 1.99395
2 1.76882 -9.33713
2 1.76882 -9.33713
2 1.76882 -9.33713
2 1.76882 -9.33713
2 1.76882 -9.33713
2 1.76882 -9.33713
2 1.76882 -9.33713
2 1.76882 -9.33713
2 1.76882 -9.33713
2 1.76882 -9.33713
2 1.76882 -9.33713
2 1.76882 -9.33713
2 1.76882 -9.33713
2 1.76882 -9.33713
2 1.76882 -9.33713
2 1.76882 -9.33713
2 1.76882 -9.33713
2 1.76882 -9.33713
2 1.76882 -9.33713
2 1.76882 -9.33713
2 1.76882 -9.33713
2 1.76882 -9.33713
2 1.76882 -9.33713
2 1.76882 -9.33713
2 1.76882 -9.33713
2 1.76882 -9.33713
2 1.76882 -9.33713
2 1.76882 -9.33713
2 1.76882 -9.33713
2 1.76882 -9.33713
2 1.76882 -9.33713
2 1.76882 -9.33713
2 1.76882 -9.33713
2 1.76882 -9.33713
2 1.76882 -9.33713
2 1.76882 -9.33713
2 1.76882 -9.33713
2 1.76882 -9.33713
2 1.76882 -9.33713
2 1.76882 -9.33713
2 1.76882 -9.33713
2 1.76882 -9.33713
2 1.76882 -9.33713
2 1.76882 -9.33713
2 1.76882 -9.33713
2 1.76882 -9.33713
2 1.76882 -9.33713
2 1.76882 -9.33713
2 1.76882 -9.33713
2 1.76882 -9.33713
2 1.76882 -9.33713
2 1.76882 -9.33713
2 1.76882 -9.33713
2 1.76882 -9.33713
2 1.76882 -9.33713
2 1.76882 -9.33713
2 1.76882 -9.33713
2 1.76882 -9.33713
2 1.76882 -9.33713
2 1.76882 -9.33713
2 1.76882 -9.33713
2 1.76882 -9.33713
2 1.76882 -9.33713
2 1.76882 -9.33713
2 1.76882 -9.33713
2 1.76882 -9.33713
2 1.76882 -9.33713
2 1.76882 -9.33713
2 1.76882 -9.33713
2 1.76882 -9.33713
2 1.76882 -9.33713
2 1.76882 -9.33713
2 1.76882 -9.33713
2 1.76882 -9.33713
2 1.76882 -9.33713
2 1.76882 -9.33713
2 1.76882 -9.33713
2 1.76882 -9.33713
2 1.76882 -9.33713
2 1.76882 -9.33713
2 1.76882 -9.33713
2 1.76882 -9.33713
2 1.76882 -9.33713
2 1.76882 -9.33713
2 1.76882 -9.33713
2 1.76882 -9.33713
2 1.76882 -9.33713
2 1.76882 -9.33713
2 1.76882 -9.33713
2 1.76882 -9.33713
2 1.76882 -9.33713
2 1.76882 -9.33713
2 1.76882 -9.33713
2 1.76882 -9.33713
2 1.76882 -9.33713
2 1.76882 -9.33713
2 1.76882 -9.33713
2 1.76882 -9.33713
2 1.76882 -9.33713
2 1.76882 -9.33713
2 1.76882 -9.33713
2 1.76882 -9.33713
2 1.76882 -9.33713
2 1.76882 -9.33713
2 1.76882 -9.33713
2 1.76882 -9.33713
2 1.76882 -9.33713
2 1.76882 -9.33713
2 1.76882 -9.33713
2 1.76882 -9.33713
2 1.76882 -9.33713
2 1.76882 -9.33713
2 1.76882 -9.33713
2 1.76882 -9.33713
2 1.76882 -9.33713
2 1.76882 -9.33713
2 1.76882 -9.33713
2 1.76882 -9.33713
2 1.76882 -9.33713
2 1.76882 -9.33713
2 1.76788 -9.3307
2 1.76696 -9.32432
2 1.76604 -9.31799
2 1.76514 -9.31173
2 1.76422 -9.30545
2 1.76332 -9.29925
2 1.76243 -9.29311
2 1.76155 -9.28704
2 1.76068 -9.28101
2 1.76068 -9.28101
2 1.76068 -9.28101
2 1.76068 -9.28101
2 1.76068 -9.28101
2 1.76068 -9.28101
2 1.76068 -9.28101
2 1.76068 -9.28101
2 1.76068 -9.28101
2 1.76068 -9.28101
2 1.76068 -9.28101
2 1.76068 -9.28101
2 1.76068 -9.28101
2 1.76068 -9.28101
2 1.76068 -9.28101
2 1.76068 -9.28101
2 1.76068 -9.28101
2 1.76068 -9.28101
2 1.76068 -9.28101
2 1.76068 -9.28101
2 1.76068 -9.28101
2 1.76068 -9.28101
2 1.76068 -9.28101
2 1.76068 -9.28101
2 1.76068 -9.28101
2 1.76068 -9.28101
2 1.76068 -9.28101
2 1.76068 -9.28101
2 1.76068 -9.28101
2 1.76068 -9.28101
2 1.76068 -9.28101
2 1.76068 -9.28101
2 1.76068 -9.28101
2 1.76068 -9.28101
2 1.76068 -9.28101
2 1.76068 -9.28101
2 1.76068 -9.28101
2 1.76068 -9.28101
2 1.76068 -9.28101
2 1.76068 -9.28101
2 1.76068 -9.28101
2 1.76068 -9.28101
2 1.76068 -9.28101
2 1.76068 -9.28101
2 1.76068 -9.28101
2 1.76068 -9.28101
2 1.76068 -9.28101
2 1.76068 -9.28101
2 1.76068 -9.28101
2 1.76068 -9.28101
2 1.76068 -9.28101
2 1.76068 -9.28101
2 1.76068 -9.28101
2 1.76068 -9.28101
2 1.76068 -9.28101
2 1.76068 -9.28101
2 1.76068 -9.28101
2 1.76068 -9.28101
2 1.76068 -9.28101
2 1.76068 -9.28101
2 1.76068 -9.28101
2 1.76068 -9.28101
2 1.76068 -9.28101
2 1.76068 -9.28101
2 1.76068 -9.28101
2 1.76068 -9.28101
2 1.76068 -9.28101
2 1.76068 -9.28101
2 1.76068 -9.28101
2 1.76068 -9.28101
2 1.76068 -9.28101
2 1.76068 -9.28101
2 1.76068 -9.28101
2 1.76068 -9.28101
2 1.76068 -9.28101
2 1.76068 -9.28101
2 1.76068 -9.28101
2 1.76068 -9.28101
2 1.76068 -9.28101
2 1.76068 -9.28101
2 1.76068 -9.28101
2 1.76068 -9.28101
2 1.76068 -9.28101
2 1.76068 -9.28101
2 1.76068 -9.28101
2 1.76068 -9.28101
2 1.76068 -9.28101
2 1.76068 -9.28101
2 1.76068 -9.28101
2 1.76068 -9.28101
2 1.76068 -9.28101
2 1.76068 -9.28101
2 1.76068 -9.28101
2 1.76068 -9.28101
2 1.76068 -9.28101
2 1.76068 -9.28101
2 1.76068 -9.28101
2 1.76068 -9.28101
2 1.76068 -9.28101
2 1.76068 -9.28101
2 1.76068 -9.28101
2 1.76068 -9.28101
2 1.76068 -9.28101
2 1.76068 -9.28101
2 1.7598 -9.27501
2 1.75949 -9.2733
2 1.75918 -9.27164
2 1.75888 -9.27007
2 1.75859 -9.26849
2 1.75828 -9.26686
2 1.75797 -9.26517
2 1.75767 -9.26352
2 1.75737 -9.26192
2 1.75707 -9.26035
2 1.75678 -9.25883
2 1.7565 -9.25738
2 1.75623 -9.25597
2 1.75594 -9.25451
2 1.75567 -9.25313
2 1.7554 -9.25174
2 1.75512 -9.25023
2 1.75482 -9.24864
2 1.75452 -9.24701
2 1.75422 -9.2454
2 1.75393 -9.24381
2 1.75364 -9.2423
2 1.75336 -9.24078
2 1.75306 -9.23919
2 1.75276 -9.23752
2 1.75246 -9.2359
2 1.75217 -9.23436
2 1.7519 -9.23291
2 1.75161 -9.23134
2 1.7513 -9.22964
2 1.75099 -9.2279
2 1.75067 -9.22611
2 1.75036 -9.22434
2 1.75006 -9.22266
2 1.74976 -9.221
2 1.74946 -9.21934
2 1.74917 -9.21774
2 1.74887 -9.21615
2 1.74858 -9.21452
2 1.74828 -9.21288
2 1.74799 -9.21128
2 1.7477 -9.20965
2 1.7474 -9.20801
2 1.74711 -9.20641
2 1.74682 -9.20476
2 1.7465 -9.20297
2 1.74618 -9.20106
2 1.74585 -9.19914
2 1.74552 -9.19725
2 1.74521 -9.19542
2 1.74489 -9.19352
2 1.74456 -9.19161
2 1.74456 -9.19161
2 1.74456 -9.19161
2 1.74424 -9.18972
2 1.74392 -9.18781
2 1.74392 -9.18781
2 1.74392 -9.18781
2 1.74392 -9.18781
2 1.74392 -9.18781
2 1.74392 -9.18781
2 1.74392 -9.18781
2 1.74392 -9.18781
2 1.74392 -9.18781
2 1.74392 -9.18781
2 1.74392 -9.18781
2 1.74392 -9.18781
2 1.74392 -9.18781
2 1.74392 -9.18781
2 1.74359 -9.18587
2 1.74327 -9.18387
2 1.74294 -9.18187
2 1.74262 -9.17992
2 1.74262 -9.17992
2 1.74229 -9.17793
2 1.74197 -9.17594
2 1.74166 -9.17405
2 1.74135 -9.17216
2 1.74103 -9.1702
2 1.74071 -9.16826
2 1.74041 -9.16642
2 1.74041 -9.16642
2 1.74041 -9.16642
2 1.74041 -9.16642
2 1.74009 -9.16446
2 1.73978 -9.16248
2 1.73978 -9.16248
2 1.73946 -9.16051
2 1.73915 -9.15856
2 1.73884 -9.15662
2 1.73884 -9.15662
2 1.73884 -9.15662
2 1.73884 -9.15662
2 1.73852 -9.15461
2 1.7382 -9.15263
2 1.7379 -9.15072
2 1.7376 -9.14883
2 1.73728 -9.14692
2 1.73698 -9.14512
2 1.73668 -9.14332
2 1.73638 -9.14157
2 1.73609 -9.13984
2 1.73579 -9.13805
2 1.7355 -9.13634
2 1.73522 -9.13473
2 1.73495 -9.13318
2 1.73468 -9.13162
2 1.7344 -9.12997
2 1.73413 -9.12837
2 1.73385 -9.12677
2 1.73357 -9.12515
2 1.7333 -9.12356
2 1.73304 -9.12203
2 1.73278 -9.12055
2 1.73252 -9.11904
2 1.73225 -9.11752
2 1.732 -9.11604
2 1.73174 -9.11456
2 1.73147 -9.11298
2 1.7312 -9.11138
2 1.73094 -9.10983
2 1.73069 -9.10838
2 1.73043 -9.10683
2 1.73017 -9.10529
2 1.72991 -9.10376
2 1.72964 -9.10215
2 1.72938 -9.10061
2 1.72913 -9.09913
2 1.72887 -9.09761
2 1.72861 -9.096
2 1.72834 -9.09435
2 1.72807 -9.09271
3 -1.20069 20.2283
3 -1.20067 20.2289
3 -1.20065 20.2294
3 -1.20063 20.23
3 -1.2006 20.2305
3 -1.20057 20.231
3 -1.20053 20.2315
3 -1.20049 20.2319
3 -1.20045 20.2324
3 -1.20041 20.2328
3 -1.20035 20.233
3 -1.20028 20.2333
3 -1.20022 20.2335
3 -1.20015 20.2337
3 -1.20008 20.2339
3 -1.20001 20.2342
3 -1.19994 20.2344
3 -1.19986 20.2346
3 -1.19977 20.2347
3 -1.19968 20.2349
3 -1.1996 20.2351
3 -1.19951 20.2352
3 -1.19943 20.2354
3 -1.19935 20.2356
3 -1.19925 20.2357
3 -1.19916 20.2359
3 -1.19908 20.2361
3 -1.199 20.2363
3 -1.19892 20.2366
3 -1.19884 20.2368
3 -1.19875 20.237
3 -1.19866 20.2371
3 -1.19856 20.2373
3 -1.19847 20.2374
3 -1.19837 20.2375
3 -1.19827 20.2376
3 -1.19817 20.2377
3 -1.19807 20.2378
3 -1.19796 20.2379
3 -1.19785 20.2379
3 -1.19775 20.238
3 -1.19765 20.2381
3 -1.19754 20.2381
3 -1.19743 20.2381
3 -1.19732 20.2381
3 -1.1972 20.2381
3 -1.19709 20.2381
3 -1.19697 20.238
3 -1.19686 20.238
3 -1.19674 20.238
3 -1.19663 20.238
3 -1.19651 20.238
3 -1.1964 20.238
3 -1.19628 20.2379
3 -1.19616 20.2379
3 -1.19605 20.2379
3 -1.19593 20.2379
3 -1.19578 20.2375
3 -1.19562 20.2372
3 -1.19547 20.2368
3 -1.1953 20.2364
3 -1.19515 20.236
3 -1.19499 20.2356
3 -1.19483 20.2352
3 -1.19466 20.2348
3 -1.19449 20.2344
3 -1.19433 20.2339
3 -1.19416 20.2334
3 -1.19398 20.233
3 -1.19381 20.2324
3 -1.19363 20.2319
3 -1.19346 20.2314
3 -1.19328 20.2309
3 -1.19311 20.2304
3 -1.19293 20.2299
3 -1.19275 20.2294
3 -1.19257 20.2288
3 -1.19238 20.2283
3 -1.1922 20.2277
3 -1.19202 20.2271
3 -1.19183 20.2266
3 -1.19163 20.2258
3 -1.19143 20.225
3 -1.19123 20.2243
3 -1.19104 20.2236
3 -1.19085 20.2229
3 -1.19066 20.2223
3 -1.19047 20.2217
3 -1.19028 20.221
3 -1.1901 20.2204
3 -1.18991 20.2198
3 -1.18973 20.2191
3 -1.18955 20.2186
3 -1.18937 20.218
3 -1.18918 20.2173
3 -1.18899 20.2167
3 -1.18879 20.2159
3 -1.1886 20.2152
3 -1.1884 20.2145
3 -1.18821 20.2138
3 -1.18802 20.2132
3 -1.18783 20.2125
3 -1.18763 20.2118
3 -1.18743 20.2111
3 -1.18724 20.2104
3 -1.18704 20.2097
3 -1.18684 20.2089
3 -1.18663 20.2082
3 -1.18643 20.2074
3 -1.18623 20.2067
3 -1.18603 20.206
3 -1.18583 20.2053
3 -1.18564 20.2047
3 -1.18545 20.2041
