1 0.00872685 2.29571
1 -0.0228562 2.2284
1 -0.0236889 2.22781
1 -0.0238601 2.22873
1 -0.0234009 2.23005
1 -0.0230156 2.23138
1 -0.0228107 2.23278
1 -0.0227451 2.23467
1 -0.0225844 2.23651
1 -0.0223778 2.23841
1 -0.0222792 2.24027
1 -0.0221724 2.24205
1 -0.0221339 2.24387
1 -0.0221433 2.24578
1 -0.0222335 2.24767
1 -0.0223457 2.24952
1 -0.022456 2.25133
1 -0.0225909 2.25327
1 -0.0226967 2.25516
1 -0.0228267 2.25707
1 -0.0229185 2.25886
1 -0.0229528 2.2606
1 -0.022984 2.26237
1 -0.022993 2.26408
1 -0.0230052 2.26577
1 -0.0230664 2.2675
1 -0.0231476 2.26928
1 -0.0232795 2.27107
1 -0.0234683 2.27289
1 -0.0236287 2.2747
1 -0.023818 2.27659
1 -0.0239816 2.27845
1 -0.0241715 2.28033
1 -0.0244569 2.28241
1 -0.0247387 2.28449
1 -0.0250641 2.28658
1 -0.0253635 2.28862
1 -0.0256371 2.29064
1 -0.0259623 2.29269
1 -0.0263223 2.29473
1 -0.0267038 2.29677
1 -0.0270823 2.2988
1 -0.0274881 2.30086
1 -0.0278991 2.30291
1 -0.0283118 2.30495
1 -0.0286776 2.30701
1 -0.029026 2.30901
1 -0.0293637 2.31099
1 -0.0297451 2.31304
1 -0.0301426 2.31508
1 -0.030552 2.31711
1 -0.0309941 2.31917
1 -0.0314421 2.3212
1 -0.0318874 2.32321
1 -0.0323252 2.3252
1 -0.0327523 2.32716
1 -0.0331423 2.3291
1 -0.0334999 2.33098
1 -0.0338223 2.33279
1 -0.034148 2.3346
1 -0.0344341 2.33639
1 -0.0346732 2.33812
1 -0.0349092 2.33984
1 -0.0351188 2.34152
1 -0.0352986 2.34315
1 -0.035449 2.34475
1 -0.035449 2.34475
1 -0.035449 2.34475
1 -0.035449 2.34475
1 -0.035449 2.34475
1 -0.0355908 2.34635
1 -0.035888 2.3495
1 -0.0361674 2.35257
1 -0.0364379 2.35558
1 -0.0367025 2.35854
1 -0.0369382 2.36144
1 -0.037148 2.36425
1 -0.0373369 2.36699
1 -0.0375295 2.36971
1 -0.0376928 2.37237
1 -0.0378481 2.37499
1 -0.0379867 2.37759
1 -0.0381109 2.38014
1 -0.0382419 2.38267
1 -0.0383651 2.38516
1 -0.0384841 2.3876
1 -0.0386129 2.39003
1 -0.0387522 2.39243
1 -0.0389022 2.39482
1 -0.0390648 2.3972
1 -0.0392382 2.39958
1 -0.039429 2.40196
1 -0.0396199 2.40431
1 -0.0397926 2.40661
1 -0.0399535 2.40886
1 -0.0400799 2.41108
1 -0.0402004 2.41325
1 -0.0402975 2.41539
1 -0.0403994 2.41752
1 -0.040505 2.41963
1 -0.0406239 2.42176
1 -0.0407474 2.42387
1 -0.0408807 2.42599
1 -0.0410325 2.42812
1 -0.0412389 2.43065
1 -0.0414537 2.43318
1 -0.0416806 2.4357
1 -0.0419014 2.4382
1 -0.042084 2.44064
1 -0.0422332 2.443
1 -0.0423715 2.44531
1 -0.0424757 2.44757
1 -0.0425458 2.44975
1 -0.042587 2.45188
1 -0.0426257 2.45397
1 -0.0426421 2.456
1 -0.0426504 2.45801
1 -0.0426585 2.45999
1 -0.0426543 2.46194
1 -0.042631 2.46384
1 -0.0425938 2.4657
1 -0.0425426 2.46752
1 -0.0424922 2.46933
1 -0.04245 2.47115
1 -0.0424164 2.47298
1 -0.0423849 2.47479
1 -0.0423623 2.4766
1 -0.0423406 2.47841
1 -0.0423044 2.48017
1 -0.0422612 2.48192
1 -0.042212 2.48363
1 -0.0421573 2.48533
1 -0.042096 2.487
1 -0.0420247 2.48865
1 -0.0419607 2.4903
1 -0.0419053 2.49196
1 -0.0418625 2.49363
1 -0.04183 2.49532
1 -0.0417957 2.497
1 -0.0417575 2.49865
1 -0.0416976 2.50027
1 -0.0416217 2.50183
1 -0.041553 2.50341
1 -0.0414653 2.50494
1 -0.0413877 2.50648
1 -0.0413222 2.50805
1 -0.041273 2.50965
1 -0.0412156 2.51123
1 -0.0411461 2.51278
1 -0.0410707 2.5143
1 -0.0410032 2.51585
1 -0.0409358 2.51739
1 -0.0408654 2.51891
1 -0.0407872 2.52043
1 -0.0407138 2.52194
1 -0.040646 2.52346
1 -0.0405759 2.52497
1 -0.040511 2.52648
1 -0.0404587 2.52802
1 -0.0404031 2.52955
1 -0.040339 2.53104
1 -0.040266 2.53249
1 -0.0401693 2.53389
1 -0.0400739 2.53528
1 -0.0399796 2.53665
1 -0.0398791 2.53801
1 -0.0397705 2.53934
1 -0.0396595 2.54065
1 -0.0395537 2.54197
1 -0.0394541 2.54329
1 -0.0393589 2.54461
1 -0.0392477 2.54589
1 -0.0391307 2.54715
1 -0.0390154 2.5484
1 -0.0388985 2.54963
1 -0.0387748 2.55084
1 -0.038652 2.55203
1 -0.038532 2.55323
1 -0.0384019 2.55439
1 -0.0382678 2.55552
1 -0.0381344 2.55666
1 -0.0380139 2.55782
1 -0.0379046 2.55901
1 -0.0377921 2.56018
1 -0.0376891 2.56137
1 -0.0375763 2.56252
1 -0.0374583 2.56365
1 -0.0373477 2.56479
1 -0.0372499 2.56596
1 -0.0371591 2.56714
1 -0.0370602 2.56829
1 -0.0368829 2.56955
1 -0.0367009 2.57077
1 -0.0365123 2.57196
1 -0.036327 2.57315
1 -0.036148 2.57433
1 -0.0359781 2.57553
1 -0.0358119 2.57672
1 -0.0356404 2.5779
1 -0.0354806 2.5791
1 -0.0353316 2.58033
1 -0.0351787 2.58154
1 -0.0350296 2.58275
1 -0.0348702 2.58391
1 -0.0347149 2.58508
1 -0.0345657 2.58625
1 -0.0344166 2.58742
1 -0.0342593 2.58854
1 -0.0340923 2.58962
1 -0.0339313 2.5907
1 -0.0337786 2.5918
1 -0.0336281 2.5929
1 -0.033481 2.59399
1 -0.0333358 2.59508
1 -0.033195 2.59617
1 -0.0330543 2.59729
1 -0.0329079 2.59838
1 -0.0327521 2.59943
1 -0.0325986 2.60047
1 -0.032447 2.60152
1 -0.0322817 2.6025
1 -0.0321149 2.60346
1 -0.0319444 2.6044
1 -0.0317777 2.60535
1 -0.0316207 2.60632
1 -0.0314721 2.60731
1 -0.0313284 2.60831
1 -0.031191 2.60932
1 -0.0310574 2.61034
1 -0.0309239 2.61135
1 -0.0307885 2.61234
1 -0.0306496 2.61331
1 -0.0305124 2.61428
1 -0.0303798 2.61526
1 -0.0302477 2.61624
1 -0.0301197 2.61723
1 -0.029992 2.61821
1 -0.0298635 2.61918
1 -0.0297282 2.62012
1 -0.0295948 2.62106
1 -0.0294637 2.62201
1 -0.0293393 2.62297
1 -0.0292121 2.62391
1 -0.0290824 2.62484
1 -0.0289514 2.62575
1 -0.0288163 2.62664
1 -0.0286727 2.62749
1 -0.0285376 2.62837
1 -0.0283982 2.62922
1 -0.0282563 2.63006
1 -0.0281232 2.63093
1 -0.0279909 2.63179
1 -0.0278597 2.63264
1 -0.027723 2.63346
1 -0.0275911 2.6343
1 -0.0274665 2.63516
1 -0.0273468 2.63603
1 -0.0272303 2.6369
1 -0.0271178 2.63778
1 -0.0270101 2.63867
1 -0.0269071 2.63958
1 -0.0268013 2.64046
1 -0.0266955 2.64133
1 -0.0265949 2.64222
1 -0.026492 2.64309
1 -0.0263764 2.64389
1 -0.0262605 2.64469
1 -0.0261427 2.64546
1 -0.0260238 2.64623
1 -0.0259049 2.64698
1 -0.0257853 2.64773
1 -0.025678 2.64852
1 -0.0255689 2.64929
1 -0.0254546 2.65004
1 -0.0253391 2.65077
1 -0.0252232 2.6515
1 -0.0250974 2.65217
1 -0.0249726 2.65284
1 -0.0248458 2.65349
1 -0.0247173 2.65413
1 -0.0245926 2.65478
1 -0.0244693 2.65544
1 -0.0243494 2.6561
1 -0.0242333 2.65678
1 -0.024116 2.65744
2 1.76882 -9.33713
2 1.76911 -9.34128
2 1.76943 -9.34559
2 1.76975 -9.34993
2 1.77003 -9.3539
2 1.77029 -9.35777
2 1.77055 -9.36152
2 1.77082 -9.36537
2 1.7711 -9.36927
2 1.7714 -9.37335
2 1.77171 -9.37752
2 1.77199 -9.38137
2 1.77229 -9.38544
2 1.77259 -9.38947
2 1.7729 -9.39358
2 1.77322 -9.39775
2 1.77352 -9.40179
2 1.77383 -9.40582
2 1.77415 -9.41002
2 1.77451 -9.41447
2 1.77482 -9.41859
2 1.77514 -9.42269
2 1.77546 -9.42683
2 1.77577 -9.43089
2 1.77608 -9.43489
2 1.77639 -9.43895
2 1.77672 -9.44309
2 1.77706 -9.44738
2 1.77738 -9.45148
2 1.77771 -9.45559
2 1.77804 -9.45974
2 1.77836 -9.4638
2 1.77865 -9.46761
2 1.77892 -9.47119
2 1.77921 -9.47495
2 1.77951 -9.47878
2 1.77978 -9.48243
2 1.78007 -9.48614
2 1.78035 -9.48982
2 1.78062 -9.49337
2 1.7809 -9.49702
2 1.78119 -9.5008
2 1.7815 -9.50469
2 1.78179 -9.50842
2 1.78206 -9.51194
2 1.78231 -9.51531
2 1.78256 -9.51874
2 1.78281 -9.5221
2 1.78304 -9.52531
2 1.78329 -9.52869
2 1.78355 -9.53209
2 1.7838 -9.53547
2 1.78408 -9.53904
2 1.78436 -9.54271
2 1.78466 -9.54645
2 1.78486 -9.54921
2 1.78509 -9.55213
2 1.78534 -9.55532
2 1.78558 -9.55837
2 1.78582 -9.56145
2 1.78605 -9.56448
2 1.78627 -9.56743
2 1.78653 -9.57062
2 1.78678 -9.57386
2 1.78703 -9.57699
2 1.78725 -9.57993
2 1.78746 -9.58274
2 1.78768 -9.58566
2 1.78792 -9.58877
2 1.78812 -9.59153
3 -1.20069 20.2283
3 -1.20069 20.2283
3 -1.20069 20.2283
3 -1.20069 20.2283
3 -1.20069 20.2283
3 -1.20069 20.2283
3 -1.20069 20.2283
3 -1.20069 20.2283
3 -1.20069 20.2283
3 -1.20069 20.2283
3 -1.20069 20.2283
3 -1.20069 20.2283
3 -1.20069 20.2283
3 -1.20069 20.2283
3 -1.20069 20.2283
3 -1.20069 20.2283
3 -1.20069 20.2283
3 -1.20069 20.2283
3 -1.20069 20.2283
3 -1.20069 20.2283
3 -1.20069 20.2283
3 -1.20069 20.2283
3 -1.20069 20.2283
3 -1.20069 20.2283
3 -1.20069 20.2283
3 -1.20069 20.2283
3 -1.20069 20.2283
3 -1.20069 20.2283
3 -1.20069 20.2283
3 -1.20069 20.2283
3 -1.20069 20.2283
3 -1.20192 20.238
3 -1.20305 20.2469
3 -1.20407 20.2548
3 -1.20504 20.2622
3 -1.20593 20.269
3 -1.20676 20.2752
3 -1.20753 20.2809
3 -1.20824 20.2861
3 -1.20889 20.2907
3 -1.20889 20.2907
3 -1.2095 20.295
3 -1.20999 20.2983
3 -1.21045 20.3013
3 -1.21083 20.3036
3 -1.21119 20.3057
3 -1.2115 20.3074
3 -1.21177 20.3087
3 -1.212 20.3097
3 -1.2122 20.3105
3 -1.21238 20.3111
3 -1.21254 20.3115
3 -1.21266 20.3116
3 -1.21271 20.3111
3 -1.21276 20.3105
3 -1.21277 20.3096
3 -1.21274 20.3083
3 -1.2127 20.3071
3 -1.21266 20.3057
3 -1.21258 20.3041
3 -1.21249 20.3024
3 -1.21238 20.3004
3 -1.21225 20.2983
3 -1.2121 20.2961
3 -1.21193 20.2936
3 -1.21174 20.2911
3 -1.21154 20.2884
3 -1.21133 20.2856
3 -1.21107 20.2824
3 -1.21081 20.2792
3 -1.21053 20.2759
3 -1.21026 20.2726
3 -1.20998 20.2692
3 -1.20965 20.2654
3 -1.20933 20.2617
3 -1.20899 20.2578
3 -1.20863 20.2538
3 -1.20827 20.2497
3 -1.20791 20.2457
3 -1.20754 20.2416
3 -1.20717 20.2375
3 -1.2068 20.2333
3 -1.20642 20.2291
3 -1.20604 20.225
3 -1.20567 20.2209
3 -1.20528 20.2166
3 -1.20489 20.2123
3 -1.20448 20.2079
3 -1.20407 20.2035
3 -1.20366 20.1991
3 -1.20326 20.1947
3 -1.20285 20.1903
3 -1.20242 20.1858
3 -1.20199 20.1811
3 -1.20154 20.1764
3 -1.2011 20.1717
3 -1.20065 20.1669
3 -1.20065 20.1669
3 -1.20065 20.1669
3 -1.20065 20.1669
3 -1.20065 20.1669
3 -1.20065 20.1669
3 -1.20065 20.1669
3 -1.20065 20.1669
3 -1.20065 20.1669
3 -1.20065 20.1669
3 -1.20065 20.1669
3 -1.20065 20.1669
3 -1.20065 20.1669
3 -1.20065 20.1669
3 -1.20065 20.1669
3 -1.20065 20.1669
3 -1.20065 20.1669
3 -1.20065 20.1669
3 -1.20065 20.1669
3 -1.20065 20.1669
3 -1.20065 20.1669
3 -1.20065 20.1669
3 -1.20065 20.1669
3 -1.20065 20.1669
3 -1.20065 20.1669
3 -1.20065 20.1669
3 -1.20065 20.1669
3 -1.20065 20.1669
3 -1.20065 20.1669
3 -1.20065 20.1669
3 -1.20065 20.1669
3 -1.20065 20.1669
3 -1.20065 20.1669
3 -1.20065 20.1669
3 -1.20065 20.1669
3 -1.20065 20.1669
3 -1.20065 20.1669
3 -1.20065 20.1669
3 -1.20065 20.1669
3 -1.20065 20.1669
3 -1.20065 20.1669
3 -1.20065 20.1669
3 -1.20065 20.1669
3 -1.20065 20.1669
3 -1.20065 20.1669
3 -1.20065 20.1669
3 -1.20065 20.1669
3 -1.20065 20.1669
3 -1.20065 20.1669
3 -1.20065 20.1669
3 -1.20065 20.1669
3 -1.20065 20.1669
3 -1.20065 20.1669
3 -1.20065 20.1669
3 -1.20065 20.1669
3 -1.20065 20.1669
3 -1.20065 20.1669
3 -1.20065 20.1669
3 -1.20065 20.1669
3 -1.20065 20.1669
3 -1.20065 20.1669
3 -1.20065 20.1669
3 -1.20065 20.1669
3 -1.20065 20.1669
3 -1.20065 20.1669
3 -1.20065 20.1669
3 -1.20065 20.1669
3 -1.20065 20.1669
3 -1.20065 20.1669
3 -1.20065 20.1669
3 -1.20065 20.1669
3 -1.20065 20.1669
3 -1.20065 20.1669
3 -1.20065 20.1669
3 -1.20065 20.1669
3 -1.20065 20.1669
3 -1.20065 20.1669
3 -1.20065 20.1669
3 -1.20065 20.1669
3 -1.20065 20.1669
3 -1.20065 20.1669
3 -1.20065 20.1669
3 -1.20065 20.1669
3 -1.20065 20.1669
3 -1.20065 20.1669
3 -1.20065 20.1669
3 -1.20065 20.1669
3 -1.20065 20.1669
3 -1.20065 20.1669
3 -1.20065 20.1669
3 -1.20065 20.1669
3 -1.20065 20.1669
3 -1.20065 20.1669
3 -1.20065 20.1669
3 -1.20065 20.1669
3 -1.20065 20.1669
3 -1.20065 20.1669
3 -1.20065 20.1669
3 -1.20065 20.1669
3 -1.20065 20.1669
3 -1.20065 20.1669
3 -1.20065 20.1669
3 -1.20065 20.1669
3 -1.20065 20.1669
3 -1.20065 20.1669
3 -1.20065 20.1669
3 -1.20065 20.1669
3 -1.20065 20.1669
3 -1.20065 20.1669
