1 0.00872685 2.29571
1 0.0354769 2.1968
1 0.0326035 2.19489
1 0.0310961 2.19454
1 0.0299907 2.1946
1 0.0289718 2.19482
1 0.0280553 2.19514
1 0.0270656 2.196
1 0.0265622 2.19668
1 0.0262271 2.19727
1 0.0258335 2.19783
1 0.0252806 2.19838
1 0.0247446 2.19887
1 0.0242438 2.19931
1 0.0237766 2.19969
1 0.0233523 2.20004
1 0.0229989 2.20035
1 0.0228024 2.20064
1 0.0226278 2.20091
1 0.0225409 2.20116
1 0.0224844 2.2014
1 0.0223688 2.20165
1 0.0222477 2.20191
1 0.0221412 2.20215
1 0.0220342 2.2024
1 0.0218364 2.20266
1 0.0216 2.20292
1 0.0214146 2.20317
1 0.0212112 2.20343
1 0.0209262 2.2037
1 0.0206977 2.20396
1 0.0204319 2.20423
1 0.0201325 2.20453
1 0.0197778 2.20488
1 0.0194668 2.20525
1 0.0191882 2.20564
1 0.0189233 2.20606
1 0.0187321 2.20652
1 0.0185367 2.20705
1 0.0183918 2.20761
1 0.0182211 2.2083
1 0.0182211 2.2083
1 0.0182211 2.2083
1 0.0182211 2.2083
1 0.0182211 2.2083
1 0.0182211 2.2083
1 0.0182211 2.2083
1 0.0182211 2.2083
1 0.0182211 2.2083
1 0.0182211 2.2083
1 0.0182211 2.2083
1 0.0182211 2.2083
1 0.0182211 2.2083
1 0.0182211 2.2083
1 0.0182211 2.2083
1 0.0182211 2.2083
1 0.0182211 2.2083
1 0.0182211 2.2083
1 0.0182211 2.2083
1 0.0182211 2.2083
1 0.0182211 2.2083
1 0.0182211 2.2083
1 0.0182211 2.2083
1 0.0182211 2.2083
1 0.0182211 2.2083
1 0.0182211 2.2083
1 0.0182211 2.2083
1 0.0182211 2.2083
1 0.0182211 2.2083
1 0.0182211 2.2083
1 0.0182211 2.2083
1 0.0182211 2.2083
1 0.0182211 2.2083
1 0.0182211 2.2083
1 0.0182211 2.2083
1 0.0182211 2.2083
1 0.0182211 2.2083
1 0.0182211 2.2083
1 0.0182211 2.2083
1 0.0182211 2.2083
1 0.0182211 2.2083
1 0.0182211 2.2083
1 0.0182211 2.2083
1 0.0182211 2.2083
1 0.0182211 2.2083
1 0.0182211 2.2083
1 0.0182211 2.2083
1 0.0182211 2.2083
1 0.0182211 2.2083
1 0.0182211 2.2083
1 0.0182211 2.2083
1 0.0182211 2.2083
1 0.0180406 2.209
1 0.0174637 2.21352
1 0.0169115 2.21786
1 0.0163528 2.22206
1 0.0158203 2.22609
1 0.0153144 2.22995
1 0.0147867 2.23372
1 0.0143027 2.23735
1 0.0138391 2.24085
1 0.0134108 2.24425
1 0.0129784 2.24756
1 0.0125428 2.25081
1 0.0121181 2.25397
1 0.0116763 2.25707
1 0.0112582 2.26007
1 0.0108561 2.26298
1 0.0104393 2.26584
1 0.00999621 2.26865
1 0.00954074 2.27141
1 0.0090839 2.27413
1 0.00862138 2.2768
1 0.008167 2.27941
1 0.00770244 2.28199
1 0.00727004 2.2845
1 0.00685341 2.28695
1 0.00642984 2.2894
1 0.0060854 2.29227
1 0.00572973 2.2951
1 0.00537032 2.29787
1 0.00499627 2.30061
1 0.00459909 2.30333
1 0.00421114 2.30599
1 0.00383168 2.30859
1 0.00345942 2.31114
1 0.00310397 2.31362
1 0.00276594 2.31604
1 0.00244926 2.31841
1 0.00215395 2.32071
1 0.00187473 2.32296
1 0.00162709 2.32512
1 0.00138995 2.32724
1 0.00116725 2.32931
1 0.000974012 2.33132
1 0.000807272 2.33327
1 0.000648662 2.33518
1 0.000470106 2.33711
1 0.00028564 2.33902
1 8.73974e-05 2.34093
1 -0.000140468 2.34287
1 -0.000365067 2.34479
1 -0.000576932 2.34666
1 -0.000785213 2.34851
1 -0.000990062 2.35033
1 -0.00117064 2.35211
1 -0.00132705 2.35383
1 -0.0014829 2.35554
1 -0.0016332 2.35722
1 -0.0017653 2.35887
1 -0.00188985 2.36049
1 -0.00199706 2.36208
1 -0.00209864 2.36366
1 -0.0022112 2.36526
1 -0.00231468 2.36682
1 -0.00241614 2.36837
1 -0.00252458 2.36991
1 -0.00264315 2.37146
1 -0.00277729 2.37303
1 -0.00292806 2.37461
1 -0.00308316 2.37619
1 -0.00323152 2.37774
1 -0.00338388 2.37931
1 -0.00353093 2.38085
1 -0.00366883 2.38237
1 -0.00378309 2.38385
1 -0.00388668 2.38529
1 -0.0039782 2.38671
1 -0.00407769 2.38814
1 -0.00417467 2.38956
1 -0.00427841 2.39099
1 -0.0043917 2.39243
1 -0.00451163 2.39388
1 -0.00464386 2.39535
1 -0.00478835 2.39684
1 -0.0049383 2.39833
1 -0.00517106 2.4002
1 -0.00540781 2.40208
1 -0.00563677 2.40393
1 -0.00585157 2.40575
1 -0.00604906 2.40753
1 -0.0062311 2.40928
1 -0.00639603 2.41099
1 -0.00655237 2.41269
1 -0.0067078 2.41436
1 -0.00685034 2.416
1 -0.00699673 2.41764
1 -0.00714902 2.4193
1 -0.00733966 2.4211
1 -0.00752637 2.42289
1 -0.00770252 2.42464
1 -0.00787846 2.42639
1 -0.00805486 2.42812
1 -0.00823514 2.42986
1 -0.00842663 2.43162
1 -0.00862623 2.43339
1 -0.00883218 2.43517
1 -0.00904436 2.43695
1 -0.00924226 2.4387
1 -0.00944162 2.44045
1 -0.0096329 2.44217
1 -0.00982103 2.44388
1 -0.00999518 2.44554
1 -0.0101725 2.44722
1 -0.0103534 2.44889
1 -0.0105431 2.45058
1 -0.0107408 2.45229
1 -0.010943 2.454
1 -0.0111441 2.45571
1 -0.0113384 2.45739
1 -0.0115205 2.45904
1 -0.0116945 2.46065
1 -0.0118667 2.46227
1 -0.0120136 2.46388
1 -0.0121496 2.46545
1 -0.0123036 2.46708
1 -0.0124706 2.46875
1 -0.0126222 2.47037
1 -0.0127644 2.47197
1 -0.0129084 2.47357
1 -0.0130575 2.47518
1 -0.0132012 2.47677
1 -0.013343 2.47836
1 -0.0134776 2.47992
1 -0.0136148 2.48149
1 -0.0137539 2.48305
1 -0.0138896 2.4846
1 -0.0140295 2.48617
1 -0.0141786 2.48776
1 -0.0143206 2.48932
1 -0.0144559 2.49086
1 -0.0145815 2.49236
1 -0.0146945 2.49382
1 -0.0148003 2.49526
1 -0.0149061 2.49669
1 -0.0150079 2.4981
1 -0.0151014 2.49948
1 -0.0151886 2.50084
1 -0.0152765 2.50219
1 -0.0153674 2.50355
1 -0.0154591 2.50491
1 -0.0155419 2.50624
1 -0.0156169 2.50754
1 -0.0156878 2.50882
1 -0.0157533 2.51008
1 -0.0158087 2.5113
1 -0.0158617 2.51251
1 -0.015909 2.51369
1 -0.0159475 2.51484
1 -0.0159762 2.51596
1 -0.0160039 2.51707
1 -0.0160328 2.51818
1 -0.0160647 2.51929
1 -0.0161019 2.52042
1 -0.0161506 2.52159
1 -0.0161907 2.52272
1 -0.0162298 2.52385
1 -0.0162705 2.52497
1 -0.0163204 2.52613
1 -0.0163728 2.52728
1 -0.0164251 2.52844
1 -0.0164786 2.52959
1 -0.0165268 2.53072
1 -0.016568 2.53182
1 -0.016604 2.53289
1 -0.016641 2.53395
1 -0.0166809 2.53502
1 -0.0167274 2.53611
1 -0.0167845 2.53724
1 -0.0168473 2.53838
1 -0.01692 2.53955
1 -0.0169951 2.54073
1 -0.0170716 2.54191
1 -0.0171475 2.54309
1 -0.0172184 2.54424
1 -0.0172723 2.54534
1 -0.0173193 2.5464
1 -0.0173331 2.54733
1 -0.0173249 2.54817
1 -0.0173116 2.54899
1 -0.0173044 2.54981
1 -0.0173006 2.55065
1 -0.0172968 2.55148
1 -0.0172914 2.55229
1 -0.0172855 2.55309
1 -0.017276 2.55387
1 -0.0172568 2.5546
1 -0.0172265 2.55528
1 -0.0171786 2.55598
1 -0.0171359 2.5567
1 -0.0170871 2.55737
1 -0.0170227 2.55798
1 -0.0169525 2.55855
1 -0.0168856 2.55912
1 -0.0168275 2.55972
1 -0.0167711 2.56032
1 -0.0167158 2.56092
1 -0.0166636 2.56152
1 -0.0166148 2.56212
1 -0.0165637 2.56271
1 -0.0165096 2.56327
1 -0.0164537 2.56383
1 -0.0163926 2.56435
1 -0.0163343 2.56488
1 -0.0162733 2.56539
1 -0.0162169 2.56591
1 -0.0161559 2.56642
1 -0.0160965 2.56692
1 -0.0159904 2.56722
1 -0.0158827 2.56751
1 -0.0157761 2.56779
1 -0.0156724 2.56809
1 -0.0155672 2.56836
1 -0.0154584 2.56862
1 -0.0153474 2.56886
1 -0.0152316 2.56907
1 -0.0151054 2.56924
1 -0.014982 2.56941
1 -0.0148632 2.56959
1 -0.0147355 2.56973
1 -0.0146164 2.5699
1 -0.014497 2.57007
1 -0.0143778 2.57022
1 -0.0142571 2.57037
1 -0.0141366 2.57051
1 -0.0140238 2.57068
1 -0.0139102 2.57084
2 1.76882 -9.33713
2 1.76882 -9.33713
2 1.76882 -9.33713
2 1.76882 -9.33713
2 1.76882 -9.33713
2 1.76882 -9.33713
2 1.76882 -9.33713
2 1.76882 -9.33713
2 1.76882 -9.33713
2 1.76882 -9.33713
2 1.76882 -9.33713
2 1.76882 -9.33713
2 1.76882 -9.33713
2 1.76882 -9.33713
2 1.76882 -9.33713
2 1.76882 -9.33713
2 1.76882 -9.33713
2 1.76882 -9.33713
2 1.76882 -9.33713
2 1.76882 -9.33713
2 1.76882 -9.33713
2 1.76882 -9.33713
2 1.76882 -9.33713
2 1.76882 -9.33713
2 1.76882 -9.33713
2 1.76882 -9.33713
2 1.76882 -9.33713
2 1.76882 -9.33713
2 1.76882 -9.33713
2 1.76882 -9.33713
2 1.76882 -9.33713
2 1.76882 -9.33713
2 1.76882 -9.33713
2 1.76882 -9.33713
2 1.76882 -9.33713
2 1.76882 -9.33713
2 1.76882 -9.33713
2 1.76882 -9.33713
2 1.76882 -9.33713
2 1.76882 -9.33713
2 1.76882 -9.33713
2 1.76882 -9.33713
2 1.76882 -9.33713
2 1.76882 -9.33713
2 1.76882 -9.33713
2 1.76882 -9.33713
2 1.76882 -9.33713
2 1.76882 -9.33713
2 1.76882 -9.33713
2 1.76882 -9.33713
2 1.76882 -9.33713
2 1.76882 -9.33713
2 1.76882 -9.33713
2 1.76727 -9.32461
2 1.76575 -9.31238
2 1.76427 -9.30036
2 1.76282 -9.28863
2 1.76145 -9.2774
2 1.76013 -9.26657
2 1.75883 -9.25594
2 1.75756 -9.24553
2 1.75633 -9.23539
2 1.75633 -9.23539
2 1.75633 -9.23539
2 1.75633 -9.23539
2 1.75633 -9.23539
2 1.75633 -9.23539
2 1.75633 -9.23539
2 1.75633 -9.23539
2 1.75633 -9.23539
2 1.75633 -9.23539
2 1.75633 -9.23539
2 1.75633 -9.23539
2 1.75633 -9.23539
2 1.75633 -9.23539
2 1.75633 -9.23539
2 1.75633 -9.23539
2 1.75633 -9.23539
2 1.75633 -9.23539
2 1.75515 -9.22571
2 1.75448 -9.21974
2 1.75386 -9.21422
2 1.75326 -9.20882
2 1.75271 -9.20379
2 1.7522 -9.19904
2 1.7517 -9.19435
2 1.75118 -9.18963
2 1.75069 -9.18509
2 1.75024 -9.1808
2 1.74981 -9.17671
2 1.7494 -9.17278
2 1.74903 -9.16913
2 1.74871 -9.16582
2 1.74841 -9.16266
2 1.74811 -9.15952
2 1.74781 -9.15647
2 1.74818 -9.16037
2 1.74848 -9.16376
2 1.7488 -9.1673
2 1.74914 -9.17102
2 1.74943 -9.17442
2 1.74969 -9.17758
2 1.74993 -9.18056
2 1.75016 -9.18347
2 1.75041 -9.18654
2 1.75068 -9.18977
2 1.75093 -9.19282
2 1.75116 -9.19577
2 1.75141 -9.19883
2 1.75165 -9.20183
2 1.75186 -9.20462
2 1.75208 -9.20747
2 1.7523 -9.21037
2 1.75254 -9.21337
2 1.75278 -9.21646
2 1.75303 -9.2196
2 1.75328 -9.22273
2 1.7535 -9.22578
2 1.75369 -9.2286
2 1.75387 -9.23137
2 1.75406 -9.23421
2 1.75425 -9.23705
2 1.75445 -9.23995
2 1.75465 -9.24294
2 1.75486 -9.24591
2 1.75503 -9.24868
2 1.75521 -9.25151
2 1.7554 -9.25436
2 1.75554 -9.2569
2 1.75566 -9.25923
2 1.75576 -9.26145
2 1.75587 -9.26366
2 1.75597 -9.26588
2 1.75604 -9.26788
2 1.75611 -9.26983
2 1.75618 -9.27179
2 1.75621 -9.27342
2 1.75626 -9.27524
2 1.75633 -9.27718
2 1.7564 -9.27918
2 1.7565 -9.28133
2 1.75657 -9.28329
2 1.75661 -9.28505
2 1.75664 -9.28667
2 1.75666 -9.28823
2 1.75668 -9.2898
2 1.75671 -9.29149
2 1.75676 -9.29332
2 1.75683 -9.29529
2 1.75691 -9.29735
2 1.75699 -9.29941
2 1.75707 -9.30145
2 1.75717 -9.30368
2 1.75727 -9.30588
2 1.75737 -9.30807
2 1.75748 -9.31038
2 1.75759 -9.3126
2 1.75767 -9.31468
2 1.75774 -9.31655
2 1.75779 -9.31834
2 1.75787 -9.32028
2 1.75795 -9.32232
2 1.75804 -9.32436
2 1.75812 -9.32629
2 1.7582 -9.32822
2 1.75827 -9.33004
2 1.75834 -9.33189
2 1.75845 -9.334
2 1.75855 -9.33601
2 1.75863 -9.33788
2 1.75869 -9.3396
2 1.75877 -9.34149
2 1.75886 -9.3434
2 1.75895 -9.34526
2 1.75903 -9.3471
2 1.75906 -9.34871
2 1.75911 -9.35038
2 1.75917 -9.3522
2 1.75924 -9.35402
2 1.7593 -9.35583
2 1.75937 -9.35771
2 1.75946 -9.35966
2 1.75956 -9.36178
2 1.75967 -9.36388
2 1.75978 -9.3661
2 1.75988 -9.36814
2 1.75998 -9.37015
2 1.76009 -9.37228
2 1.76023 -9.37463
2 1.76037 -9.37697
2 1.76049 -9.37919
2 1.76061 -9.38138
2 1.76075 -9.38373
2 1.76089 -9.38604
2 1.76101 -9.38814
2 1.7611 -9.3901
2 1.76123 -9.3923
2 1.76137 -9.39456
2 1.76148 -9.39667
2 1.76161 -9.39879
2 1.76174 -9.40103
2 1.76189 -9.4034
2 1.76202 -9.4056
2 1.76214 -9.40771
2 1.76226 -9.40977
2 1.76238 -9.41187
2 1.76252 -9.41412
2 1.76268 -9.41653
2 1.76285 -9.41901
2 1.76301 -9.42149
2 1.76318 -9.42398
2 1.76336 -9.42651
2 1.76354 -9.42912
2 1.76373 -9.43178
2 1.76391 -9.43439
2 1.76409 -9.437
2 1.7643 -9.43988
2 1.76453 -9.44287
2 1.76475 -9.44583
2 1.76495 -9.44862
2 1.76516 -9.45147
2 1.76538 -9.45436
2 1.76558 -9.45718
2 1.76581 -9.46014
2 1.76603 -9.46315
2 1.76628 -9.4663
2 1.76651 -9.46932
2 1.76674 -9.47238
2 1.76698 -9.4755
2 1.76721 -9.47848
2 1.76743 -9.48138
2 1.76764 -9.48419
2 1.76785 -9.48705
2 1.76808 -9.49008
2 1.76833 -9.49319
