1 0.00872685 2.29571
1 0.164469 1.75825
1 0.167674 1.74623
1 0.168451 1.74269
1 0.168199 1.74268
1 0.168084 1.74352
1 0.167459 1.7448
1 0.16685 1.74631
1 0.166301 1.74784
1 0.165668 1.74939
1 0.16488 1.75106
1 0.163927 1.75289
1 0.163072 1.7547
1 0.162389 1.75647
1 0.161782 1.75823
1 0.16101 1.76002
1 0.160493 1.76198
1 0.160005 1.76379
1 0.159424 1.7656
1 0.158817 1.76742
1 0.158232 1.76915
1 0.157567 1.77099
1 0.156985 1.77279
1 0.156359 1.77454
1 0.155734 1.77628
1 0.155225 1.77802
1 0.154689 1.77971
1 0.154096 1.78139
1 0.153472 1.78308
1 0.15284 1.78471
1 0.152203 1.78633
1 0.151574 1.78794
1 0.150918 1.78956
1 0.150312 1.79114
1 0.149782 1.79271
1 0.149225 1.79434
1 0.14863 1.79595
1 0.148043 1.79751
1 0.147512 1.79913
1 0.146992 1.80074
1 0.146497 1.80228
1 0.145999 1.80387
1 0.145999 1.80387
1 0.145999 1.80387
1 0.145999 1.80387
1 0.145999 1.80387
1 0.145999 1.80387
1 0.145999 1.80387
1 0.145999 1.80387
1 0.145546 1.80544
1 0.144139 1.80932
1 0.142751 1.8131
1 0.141433 1.81675
1 0.140183 1.82027
1 0.139022 1.82368
1 0.137892 1.82696
1 0.136816 1.83012
1 0.135814 1.83317
1 0.134865 1.83611
1 0.133938 1.83896
1 0.13307 1.84172
1 0.132291 1.84441
1 0.131523 1.84701
1 0.130774 1.84953
1 0.130036 1.85199
1 0.129353 1.85437
1 0.128692 1.85669
1 0.128005 1.85896
1 0.127358 1.86117
1 0.126728 1.86333
1 0.1261 1.86544
1 0.12548 1.8675
1 0.124869 1.86953
1 0.124268 1.87152
1 0.123508 1.87388
1 0.122775 1.8762
1 0.122049 1.87847
1 0.121304 1.88069
1 0.120558 1.88285
1 0.11984 1.88496
1 0.119147 1.88702
1 0.118479 1.88903
1 0.117849 1.89099
1 0.117231 1.89289
1 0.116604 1.89475
1 0.116 1.89657
1 0.115408 1.89835
1 0.114792 1.90009
1 0.114168 1.9018
1 0.11359 1.90348
1 0.11305 1.90512
1 0.112508 1.90673
1 0.111947 1.90831
1 0.111384 1.90985
1 0.110842 1.91137
1 0.110296 1.91286
1 0.10974 1.91432
1 0.109179 1.91575
1 0.108621 1.91716
1 0.108047 1.91855
1 0.107456 1.91992
1 0.106845 1.92127
1 0.106243 1.9226
1 0.105646 1.92391
1 0.105046 1.92519
1 0.104454 1.92646
1 0.103878 1.9277
1 0.103271 1.92893
1 0.102647 1.93014
1 0.10204 1.93134
1 0.101421 1.93252
1 0.100809 1.93368
1 0.100206 1.93483
1 0.0996124 1.93597
1 0.0990249 1.93709
1 0.098446 1.93819
1 0.0978705 1.93929
1 0.0973056 1.94037
1 0.0967534 1.94143
1 0.0961961 1.94248
1 0.095627 1.94352
1 0.0950691 1.94453
1 0.094538 1.94553
1 0.094013 1.94652
1 0.0934904 1.94749
1 0.0929767 1.94844
1 0.0924637 1.94938
1 0.091966 1.9503
1 0.0914722 1.9512
1 0.0909773 1.95208
1 0.0904842 1.95295
1 0.0900055 1.95378
1 0.0895298 1.9546
1 0.0889091 1.95557
1 0.0882772 1.95651
1 0.0876269 1.95743
1 0.086985 1.95834
1 0.0863493 1.95923
1 0.0857176 1.9601
1 0.0850934 1.96095
1 0.0844589 1.96178
1 0.0838331 1.96259
1 0.0831902 1.96339
1 0.0825518 1.96418
1 0.0819058 1.96495
1 0.0812257 1.96573
1 0.0805419 1.9665
1 0.0798642 1.96725
1 0.0791948 1.968
1 0.0785219 1.96874
1 0.0778397 1.96947
1 0.0771576 1.97019
1 0.0764396 1.97086
1 0.0757428 1.97151
1 0.0750504 1.97216
1 0.0743774 1.97279
1 0.0737068 1.97341
1 0.0729839 1.97406
1 0.0722817 1.97469
1 0.0715966 1.97531
1 0.0709263 1.97592
1 0.0702686 1.97653
1 0.0696212 1.97712
1 0.0689754 1.9777
1 0.0683304 1.97827
1 0.0676971 1.97882
1 0.0670796 1.97937
1 0.0664712 1.9799
1 0.0658698 1.98042
1 0.0652772 1.98092
1 0.0647063 1.98141
1 0.064132 1.98188
1 0.0635693 1.98234
1 0.0629973 1.9828
1 0.062422 1.98324
1 0.0618552 1.98367
1 0.0612986 1.9841
1 0.0607488 1.98451
1 0.0602074 1.98492
1 0.0596749 1.98531
1 0.0591395 1.98571
1 0.0586066 1.98609
1 0.0580738 1.98647
1 0.0575437 1.98685
1 0.0570099 1.98722
1 0.0564711 1.98759
1 0.0559309 1.98796
1 0.0553942 1.98831
1 0.0548593 1.98866
1 0.0543177 1.98901
1 0.053778 1.98935
1 0.0532357 1.98969
1 0.0526917 1.99002
1 0.0521498 1.99035
1 0.0516218 1.99068
1 0.0511084 1.99101
1 0.0506133 1.99133
1 0.0501234 1.99165
1 0.0496333 1.99197
1 0.0491427 1.9923
1 0.0486519 1.99263
1 0.0481697 1.99296
1 0.0476943 1.9933
1 0.0472236 1.99364
1 0.0467685 1.99399
1 0.0463122 1.99433
1 0.045864 1.99468
1 0.045412 1.99504
1 0.0449718 1.99539
1 0.0445355 1.99574
1 0.0441038 1.99609
1 0.0436783 1.99645
1 0.0432549 1.99679
1 0.0428295 1.99714
1 0.0424132 1.99748
1 0.0420029 1.99782
1 0.0415878 1.99816
1 0.0411827 1.99849
1 0.0407862 1.99881
1 0.0404016 1.99913
1 0.0400152 1.99946
1 0.0396241 1.99978
1 0.0392271 2.0001
1 0.0388214 2.00042
1 0.0384035 2.00075
1 0.0379809 2.00108
1 0.0375562 2.00141
1 0.037134 2.00174
1 0.0367248 2.00208
1 0.0363201 2.0024
1 0.0359131 2.00274
1 0.0355053 2.00307
1 0.0350967 2.00339
1 0.0346904 2.00372
1 0.0342877 2.00404
1 0.0338954 2.00436
1 0.0335148 2.00468
1 0.0331436 2.00499
1 0.0327837 2.0053
1 0.0324357 2.00561
1 0.0320933 2.00592
1 0.0317553 2.00622
1 0.0314221 2.00653
1 0.0310923 2.00683
1 0.0307568 2.00713
1 0.030417 2.00743
1 0.0300815 2.00774
1 0.0297435 2.00804
1 0.0294003 2.00834
1 0.0290634 2.00864
1 0.0287222 2.00894
1 0.028384 2.00924
1 0.0280434 2.00954
1 0.0277117 2.00984
1 0.0273836 2.01014
1 0.0270627 2.01044
1 0.0267482 2.01074
1 0.0264393 2.01104
1 0.0261392 2.01134
1 0.025839 2.01165
1 0.0255356 2.01197
1 0.0252402 2.01228
1 0.0249407 2.01261
1 0.0246368 2.01294
1 0.0243305 2.01327
1 0.0240287 2.01361
1 0.0237216 2.01396
1 0.0234114 2.0143
1 0.0230981 2.01465
1 0.022785 2.015
1 0.0224825 2.01536
1 0.0221909 2.01571
1 0.0219101 2.01606
1 0.0216394 2.01642
1 0.021377 2.01678
1 0.0210723 2.01716
1 0.0207697 2.01754
1 0.0204754 2.01793
1 0.0201855 2.01831
1 0.0199061 2.01869
1 0.0196296 2.01907
1 0.0193549 2.01945
1 0.0190825 2.01983
1 0.0188138 2.02021
1 0.0185425 2.0206
1 0.0182726 2.02098
1 0.0180074 2.02136
1 0.0177425 2.02175
1 0.017473 2.02214
1 0.0171987 2.02253
1 0.0169269 2.02292
1 0.0166582 2.02331
1 0.016389 2.02371
1 0.016137 2.02412
1 0.0158885 2.02454
1 0.0156497 2.02495
1 0.015432 2.02535
1 0.0152288 2.02574
1 0.015042 2.02613
1 0.0148695 2.0265
1 0.0147098 2.02686
1 0.0145577 2.02721
1 0.0144166 2.02756
1 0.0142845 2.02789
1 0.0141611 2.02821
1 0.0140433 2.02852
1 0.0139293 2.02883
1 0.0138231 2.02912
1 0.0137226 2.0294
1 0.0136232 2.02968
1 0.0135391 2.02994
1 0.0134565 2.03018
1 0.0133791 2.03042
1 0.0133036 2.03066
1 0.0132271 2.03089
1 0.0131546 2.03111
1 0.0130803 2.03134
1 0.0130112 2.03155
1 0.012944 2.03176
1 0.0128804 2.03197
1 0.0128207 2.03217
1 0.0127572 2.03237
1 0.012694 2.03258
1 0.0126323 2.03277
1 0.0125715 2.03297
1 0.0125156 2.03316
1 0.0124649 2.03333
1 0.012406 2.03351
1 0.0123428 2.03369
1 0.0122823 2.03387
1 0.0122273 2.03404
1 0.0121719 2.0342
1 0.012115 2.03436
1 0.0120597 2.03452
1 0.0120096 2.03467
1 0.0119634 2.03481
1 0.0119135 2.03496
1 0.0118608 2.03511
1 0.0118069 2.03525
1 0.0117536 2.03539
1 0.0116984 2.03553
1 0.0116407 2.03567
1 0.0115845 2.0358
1 0.0115323 2.03592
1 0.01148 2.03604
1 0.0114331 2.03615
1 0.0113879 2.03626
1 0.0113449 2.03635
1 0.0113008 2.03645
1 0.0112596 2.03654
1 0.0112268 2.03662
1 0.0111939 2.03669
1 0.0111616 2.03677
1 0.0111357 2.03683
1 0.0111127 2.03689
1 0.0110896 2.03694
1 0.0110585 2.03701
1 0.0110241 2.03708
1 0.0109913 2.03714
1 0.0109565 2.03721
1 0.0109225 2.03727
1 0.0109849 2.03713
1 0.011047 2.037
1 0.0111078 2.03687
1 0.0111717 2.03673
1 0.0112434 2.03657
1 0.0113116 2.03642
1 0.0113787 2.03627
1 0.0114595 2.03609
1 0.0115399 2.0359
1 0.0116171 2.03572
1 0.0116961 2.03554
1 0.0117739 2.03535
1 0.011851 2.03516
1 0.0119288 2.03496
1 0.0120058 2.03476
1 0.0120778 2.03457
1 0.0121472 2.03438
1 0.0122145 2.03419
1 0.0122833 2.03399
1 0.0123479 2.03379
1 0.0124134 2.0336
1 0.0124835 2.03339
1 0.0125541 2.03318
1 0.0126377 2.03295
1 0.0127236 2.03272
1 0.0128101 2.03248
1 0.0128943 2.03225
1 0.0129743 2.03202
1 0.013053 2.0318
1 0.0131251 2.03159
1 0.0131902 2.03139
1 0.0132515 2.0312
1 0.0133083 2.03102
1 0.0133617 2.03084
1 0.0134121 2.03067
1 0.0134595 2.0305
1 0.0135047 2.03033
1 0.0135529 2.03015
1 0.013602 2.02996
1 0.0136491 2.02979
1 0.0136911 2.02962
1 0.0137342 2.02945
1 0.0137728 2.02929
1 0.0138113 2.02912
1 0.0138238 2.02901
1 0.0138363 2.02889
1 0.0138481 2.02878
1 0.0138633 2.02866
1 0.0138787 2.02853
1 0.0138943 2.02841
1 0.0139016 2.0283
1 0.0139044 2.0282
1 0.0139042 2.02811
1 0.0139028 2.02802
1 0.013898 2.02794
1 0.0138921 2.02785
1 0.01389 2.02776
1 0.0138888 2.02766
1 0.0138851 2.02757
1 0.0138804 2.02748
1 0.0138773 2.02738
1 0.0138752 2.02728
1 0.0138643 2.0272
1 0.0138485 2.02714
1 0.0138273 2.02708
1 0.013805 2.02703
1 0.0137805 2.02698
1 0.0137274 2.027
1 0.0136748 2.02701
1 0.0136251 2.02701
1 0.013572 2.02703
1 0.0135219 2.02703
1 0.0134704 2.02704
1 0.013413 2.02707
1 0.0133486 2.02712
1 0.0132839 2.02717
1 0.0132226 2.02722
1 0.0131633 2.02726
1 0.0131 2.02731
1 0.0130358 2.02737
1 0.0129717 2.02742
1 0.0129098 2.02748
1 0.0128376 2.02755
1 0.0127648 2.02762
1 0.0126921 2.0277
1 0.0126182 2.02778
1 0.0125399 2.02787
1 0.0124611 2.02797
1 0.0123846 2.02806
1 0.0123125 2.02813
1 0.0122444 2.0282
1 0.0121804 2.02825
1 0.0121162 2.0283
1 0.0120546 2.02835
1 0.0119939 2.02839
1 0.0119256 2.02845
1 0.0118555 2.02851
1 0.0117811 2.02859
1 0.0117096 2.02866
1 0.0116415 2.02872
1 0.0115759 2.02877
1 0.011512 2.02882
1 0.0114449 2.02888
1 0.0113852 2.02891
1 0.0113254 2.02894
1 0.0112648 2.02898
1 0.0112126 2.02899
1 0.0111614 2.029
1 0.01111 2.029
1 0.0110602 2.02901
1 0.0110046 2.02903
1 0.0109493 2.02905
1 0.0108895 2.02909
1 0.0108295 2.02913
1 0.0107724 2.02917
1 0.010716 2.0292
1 0.0106564 2.02924
1 0.0105931 2.02929
1 0.0105303 2.02935
1 0.0104673 2.0294
1 0.0104076 2.02945
1 0.0103518 2.02947
1 0.0102962 2.0295
1 0.0102418 2.02952
1 0.0101866 2.02955
1 0.0101276 2.02958
1 0.0100637 2.02964
1 0.00999655 2.02971
1 0.00992281 2.0298
1 0.00984628 2.0299
1 0.0097684 2.03001
1 0.00969154 2.03012
1 0.00961025 2.03025
1 0.00952721 2.03039
1 0.00944271 2.03053
1 0.00935962 2.03067
1 0.0092817 2.03079
1 0.00920219 2.03092
1 0.00912016 2.03106
1 0.00902726 2.03125
1 0.00893783 2.03141
1 0.00883981 2.0316
1 0.00873589 2.03182
1 0.00862932 2.03205
1 0.00852419 2.03228
1 0.00842172 2.03251
1 0.00831752 2.03274
1 0.00821252 2.03298
1 0.00810891 2.03321
1 0.00800655 2.03344
1 0.00790656 2.03367
1 0.00780575 2.0339
1 0.00770232 2.03414
1 0.00759468 2.0344
1 0.00747314 2.03472
1 0.00734728 2.03506
1 0.00721745 2.03542
1 0.00708163 2.03581
1 0.00694399 2.03621
1 0.00680857 2.0366
1 0.00666899 2.03701
1 0.00653136 2.03742
1 0.00653136 2.03742
1 0.00653136 2.03742
1 0.00653136 2.03742
1 0.00653136 2.03742
1 0.00653136 2.03742
1 0.00653136 2.03742
1 0.00653136 2.03742
1 0.00653136 2.03742
1 0.00653136 2.03742
1 0.00653136 2.03742
1 0.00653136 2.03742
1 0.00653136 2.03742
1 0.00653136 2.03742
1 0.00653136 2.03742
1 0.00653136 2.03742
1 0.00653136 2.03742
1 0.00653136 2.03742
1 0.00653136 2.03742
1 0.00653136 2.03742
2 1.76882 -9.33713
2 1.76882 -9.33713
2 1.76882 -9.33713
2 1.76882 -9.33713
2 1.76882 -9.33713
2 1.76882 -9.33713
2 1.76882 -9.33713
2 1.76882 -9.33713
2 1.76882 -9.33713
2 1.76882 -9.33713
2 1.76882 -9.33713
2 1.76882 -9.33713
2 1.76882 -9.33713
2 1.76882 -9.33713
2 1.76882 -9.33713
2 1.76882 -9.33713
2 1.76882 -9.33713
2 1.76882 -9.33713
2 1.76882 -9.33713
2 1.76882 -9.33713
2 1.76882 -9.33713
2 1.76882 -9.33713
2 1.76882 -9.33713
2 1.76882 -9.33713
2 1.76882 -9.33713
2 1.76882 -9.33713
2 1.76882 -9.33713
2 1.76882 -9.33713
2 1.76882 -9.33713
2 1.76882 -9.33713
2 1.76882 -9.33713
2 1.76882 -9.33713
2 1.76882 -9.33713
2 1.76882 -9.33713
2 1.76882 -9.33713
2 1.76882 -9.33713
2 1.76882 -9.33713
2 1.76882 -9.33713
2 1.76882 -9.33713
2 1.76882 -9.33713
2 1.76882 -9.33713
2 1.76882 -9.33713
2 1.76882 -9.33713
2 1.76882 -9.33713
2 1.76882 -9.33713
2 1.76882 -9.33713
2 1.76882 -9.33713
2 1.76882 -9.33713
2 1.76882 -9.33713
2 1.76882 -9.33713
2 1.76882 -9.33713
2 1.76882 -9.33713
2 1.76882 -9.33713
2 1.76882 -9.33713
2 1.76882 -9.33713
2 1.76882 -9.33713
2 1.76882 -9.33713
2 1.76882 -9.33713
2 1.76882 -9.33713
2 1.76882 -9.33713
2 1.76882 -9.33713
2 1.76882 -9.33713
2 1.76882 -9.33713
2 1.76882 -9.33713
2 1.76882 -9.33713
2 1.76882 -9.33713
2 1.76882 -9.33713
2 1.76882 -9.33713
2 1.76882 -9.33713
2 1.76882 -9.33713
2 1.76882 -9.33713
2 1.76882 -9.33713
2 1.76882 -9.33713
2 1.76783 -9.33044
2 1.76687 -9.32389
2 1.76591 -9.31738
2 1.76496 -9.31093
2 1.76402 -9.30459
2 1.76311 -9.2984
2 1.76222 -9.29238
2 1.76134 -9.28642
2 1.76048 -9.28064
2 1.76048 -9.28064
2 1.76048 -9.28064
2 1.76048 -9.28064
2 1.76048 -9.28064
2 1.76048 -9.28064
2 1.76048 -9.28064
2 1.76048 -9.28064
2 1.76048 -9.28064
2 1.76048 -9.28064
2 1.76048 -9.28064
2 1.76048 -9.28064
2 1.76048 -9.28064
2 1.76048 -9.28064
2 1.76048 -9.28064
2 1.76048 -9.28064
2 1.76048 -9.28064
2 1.76048 -9.28064
2 1.76048 -9.28064
2 1.76048 -9.28064
2 1.76048 -9.28064
2 1.76048 -9.28064
2 1.76048 -9.28064
2 1.76048 -9.28064
2 1.76048 -9.28064
2 1.76048 -9.28064
2 1.76048 -9.28064
2 1.76048 -9.28064
2 1.76048 -9.28064
2 1.75964 -9.27499
2 1.75947 -9.27468
2 1.7593 -9.27437
2 1.75914 -9.27412
2 1.75896 -9.27375
2 1.75878 -9.2734
2 1.75862 -9.27311
2 1.75845 -9.27285
2 1.75829 -9.27254
2 1.75812 -9.27227
2 1.75793 -9.27187
2 1.75776 -9.27149
2 1.75758 -9.27113
2 1.75738 -9.27063
2 1.7572 -9.27018
2 1.75701 -9.26972
2 1.7568 -9.2691
2 1.7566 -9.26854
2 1.75641 -9.26807
2 1.75623 -9.26767
2 1.75604 -9.26714
2 1.75583 -9.26648
2 1.75561 -9.26575
2 1.75538 -9.26494
2 1.75515 -9.26412
2 1.75493 -9.26336
2 1.75472 -9.26267
2 1.75451 -9.26199
2 1.7543 -9.26136
2 1.7541 -9.26072
2 1.75388 -9.26002
2 1.75367 -9.25931
2 1.75346 -9.25863
2 1.75325 -9.25796
2 1.75304 -9.25724
2 1.75283 -9.25655
2 1.7526 -9.25574
2 1.75236 -9.25479
2 1.75211 -9.25373
2 1.75186 -9.25267
2 1.75161 -9.2517
2 1.75137 -9.25073
2 1.75113 -9.24969
2 1.75088 -9.24866
2 1.75063 -9.24757
2 1.75037 -9.24646
2 1.7501 -9.24533
2 1.74985 -9.24426
2 1.7496 -9.2432
2 1.74934 -9.24208
2 1.74907 -9.24087
2 1.7488 -9.23966
2 1.74854 -9.23851
2 1.74827 -9.23728
2 1.748 -9.23605
2 1.74773 -9.23479
2 1.74746 -9.2335
2 1.7472 -9.23232
2 1.74694 -9.23114
2 1.74667 -9.22993
2 1.74642 -9.22877
2 1.74617 -9.22771
2 1.74593 -9.22662
2 1.74569 -9.22558
2 1.74545 -9.22456
2 1.74521 -9.2235
2 1.74496 -9.22237
2 1.74471 -9.22129
2 1.74448 -9.22031
2 1.74425 -9.21933
2 1.74401 -9.21827
2 1.74377 -9.21721
2 1.74354 -9.21622
2 1.7433 -9.21512
2 1.74306 -9.21398
2 1.7428 -9.21274
2 1.74255 -9.21161
2 1.74232 -9.21059
2 1.74209 -9.20951
2 1.74184 -9.20836
2 1.74161 -9.20729
2 1.74138 -9.20626
2 1.74114 -9.20514
2 1.74089 -9.20396
2 1.74065 -9.20277
2 1.7404 -9.20162
2 1.74017 -9.20055
2 1.73995 -9.19953
2 1.73973 -9.19854
2 1.7395 -9.19749
2 1.73928 -9.19653
2 1.73906 -9.19558
2 1.73885 -9.19466
2 1.73865 -9.19379
2 1.73843 -9.19285
2 1.73823 -9.19198
2 1.73803 -9.19121
2 1.73785 -9.19051
2 1.73765 -9.1897
2 1.73745 -9.18893
2 1.73726 -9.18819
2 1.73707 -9.18743
2 1.73688 -9.18664
2 1.73669 -9.18593
2 1.73651 -9.18524
2 1.73633 -9.1846
2 1.73615 -9.18392
2 1.73597 -9.18324
2 1.7358 -9.18262
2 1.73562 -9.18192
2 1.73541 -9.18105
2 1.7352 -9.1801
2 1.735 -9.17923
2 1.73481 -9.17845
2 1.73461 -9.17765
2 1.73441 -9.1768
3 -1.20069 20.2283
3 -1.20069 20.2283
3 -1.20069 20.2283
3 -1.20069 20.2283
3 -1.20069 20.2283
3 -1.20069 20.2283
3 -1.20069 20.2283
3 -1.20069 20.2283
3 -1.20069 20.2283
3 -1.20069 20.2283
3 -1.20069 20.2283
3 -1.20069 20.2283
3 -1.20069 20.2283
3 -1.20069 20.2283
3 -1.20126 20.2334
3 -1.20183 20.2383
3 -1.20236 20.2431
3 -1.20287 20.2475
3 -1.20335 20.2517
3 -1.20379 20.2556
3 -1.20423 20.2594
3 -1.20463 20.2629
3 -1.20501 20.2662
3 -1.20501 20.2662
3 -1.20501 20.2662
3 -1.20536 20.2693
3 -1.20566 20.2718
3 -1.20595 20.2743
3 -1.20621 20.2765
3 -1.20646 20.2787
3 -1.2067 20.2807
3 -1.20691 20.2824
3 -1.20711 20.2841
3 -1.20729 20.2857
3 -1.20747 20.2871
3 -1.20764 20.2885
3 -1.20779 20.2898
3 -1.20791 20.2907
3 -1.20803 20.2916
3 -1.20814 20.2925
3 -1.20823 20.2931
3 -1.20831 20.2937
3 -1.20838 20.2942
3 -1.20843 20.2945
3 -1.20847 20.2947
3 -1.20851 20.2949
3 -1.20853 20.2949
3 -1.20853 20.2948
3 -1.20852 20.2945
3 -1.20851 20.2943
3 -1.2085 20.2939
3 -1.20847 20.2935
3 -1.20843 20.293
3 -1.20838 20.2923
3 -1.20833 20.2917
3 -1.20828 20.2911
3 -1.20821 20.2903
3 -1.20813 20.2894
3 -1.20804 20.2884
3 -1.20794 20.2873
3 -1.20784 20.2862
3 -1.20772 20.285
3 -1.20761 20.2838
3 -1.2075 20.2826
3 -1.20738 20.2814
3 -1.20726 20.2801
3 -1.20713 20.2788
3 -1.207 20.2774
3 -1.20686 20.2759
3 -1.20678 20.2759
3 -1.20671 20.2759
3 -1.20663 20.2759
3 -1.20656 20.2759
3 -1.20648 20.2759
3 -1.2064 20.2759
3 -1.20632 20.2759
3 -1.20624 20.2758
3 -1.20615 20.2758
3 -1.20606 20.2757
3 -1.20596 20.2756
3 -1.20587 20.2755
3 -1.20577 20.2754
3 -1.20568 20.2754
3 -1.20559 20.2753
3 -1.2055 20.2753
3 -1.2054 20.2753
3 -1.20531 20.2753
3 -1.20522 20.2753
3 -1.20512 20.2753
3 -1.20504 20.2754
3 -1.20495 20.2754
3 -1.20485 20.2754
3 -1.20476 20.2755
3 -1.20467 20.2756
3 -1.20459 20.2757
3 -1.20452 20.276
3 -1.20444 20.2761
3 -1.20435 20.2763
3 -1.20426 20.2764
3 -1.20417 20.2765
3 -1.20409 20.2767
3 -1.20401 20.2769
3 -1.20391 20.277
3 -1.20383 20.2772
3 -1.20374 20.2773
3 -1.20364 20.2774
3 -1.20354 20.2775
3 -1.20345 20.2777
3 -1.20337 20.2778
3 -1.20327 20.278
3 -1.20318 20.2781
3 -1.20308 20.2782
3 -1.20298 20.2783
3 -1.20289 20.2785
3 -1.20279 20.2786
3 -1.20269 20.2787
3 -1.2026 20.2788
3 -1.2025 20.279
3 -1.20241 20.2792
3 -1.20231 20.2793
3 -1.20221 20.2795
3 -1.20212 20.2797
3 -1.20203 20.2798
3 -1.20194 20.28
3 -1.20185 20.2802
3 -1.20176 20.2805
3 -1.20166 20.2806
3 -1.20156 20.2808
3 -1.20147 20.281
3 -1.20137 20.2812
3 -1.20128 20.2814
3 -1.20118 20.2815
3 -1.20108 20.2817
3 -1.20098 20.2818
3 -1.20088 20.2819
3 -1.20077 20.282
3 -1.20066 20.2821
3 -1.20055 20.2822
3 -1.20045 20.2823
3 -1.20034 20.2824
3 -1.20023 20.2825
3 -1.20012 20.2826
3 -1.20001 20.2827
3 -1.1999 20.2828
3 -1.19978 20.2828
3 -1.19967 20.2828
3 -1.19955 20.2829
3 -1.19943 20.2829
3 -1.19931 20.2829
3 -1.1992 20.283
3 -1.19909 20.2831
3 -1.19898 20.2832
3 -1.19887 20.2833
3 -1.19877 20.2834
3 -1.19866 20.2836
3 -1.19856 20.2837
3 -1.19846 20.2839
3 -1.19836 20.2841
3 -1.19826 20.2843
3 -1.19817 20.2845
3 -1.19807 20.2847
3 -1.19797 20.2848
3 -1.19787 20.285
3 -1.19776 20.2851
3 -1.19764 20.2851
3 -1.19753 20.2852
3 -1.19742 20.2853
3 -1.19731 20.2854
3 -1.19721 20.2855
3 -1.1971 20.2856
3 -1.19699 20.2857
3 -1.19687 20.2858
3 -1.19678 20.286
3 -1.19665 20.2859
3 -1.19653 20.2859
3 -1.19641 20.2859
3 -1.19629 20.2859
3 -1.19617 20.2859
3 -1.19605 20.2859
3 -1.19594 20.2859
3 -1.19583 20.2859
3 -1.19571 20.2859
3 -1.19559 20.2859
3 -1.19547 20.2859
