0.567209
0.558961
0.549383
0.543237
0.535673
0.526602
0.520509
0.514397
0.508221
0.500484
0.492702
0.483393
0.477173
0.470973
0.457159
0.44962
0.442032
0.435957
0.429846
0.422289
0.413311
0.407431
0.401637
0.394435
0.385834
0.380069
0.372887
0.364306
0.358655
0.353026
0.340255
0.333157
0.326126
0.320561
0.315088
0.308433
0.300563
0.29537
0.290279
0.285291
0.274057
0.271508
0.261084
0.25567
0.248767
0.240417
0.234921
0.229445
0.222707
0.214881
0.209734
0.203422
0.196004
0.19233
0.186306
0.179191
0.17445
0.164781
0.158665
0.152605
0.147766
0.14301
0.138414
0.132797
0.126189
0.121863
0.11765
0.108706
0.106762
0.0988549
0.0948293
0.0896736
0.0834083
0.0792135
0.0750245
0.0709089
0.0659701
0.0602069
0.0563362
0.0524594
0.0436606
0.0387011
0.0336807
0.0296331
0.0246683
0.0188247
0.0149125
0.0110022
0.00610366
0.00031851
0.0034986
0.00728805
0.0110823
0.0158838
0.0216374
0.0290218
0.0335148
0.0369536
0.0402381
0.0440456
0.0482792
0.0496239
0.0528066
0.0557726
0.0591982
0.0614695
0.0661885
0.0692196
0.0728245
0.0751678
0.078108
0.0804318
0.0851086
0.0875425
0.090014
0.0932003
0.0957751
0.0983594
0.101626
0.105503
0.108022
0.110994
0.114328
0.116368
0.118296
0.120639
0.123401
0.125175
0.12868
0.129332
0.131845
0.133142
0.134862
0.137019
0.138559
0.140092
0.141657
0.143583
0.145839
0.147269
0.148575
0.150074
0.151716
0.152685
0.15369
0.154643
0.155117
0.155507
0.156074
0.156117
0.156005
0.155756
0.155375
0.15504
0.15473
0.15399
0.153829
0.15318
0.152923
0.152677
0.152403
0.15224
0.152025
0.151727
0.151219
0.15081
0.150291
0.149484
0.148358
0.1476
0.146901
0.146081
0.144467
0.144066
0.142124
0.140577
0.139208
0.137428
0.135267
0.133911
0.13262
0.131321
0.129746
0.127978
0.126801
0.125533
0.122738
0.120949
0.118908
0.117698
0.116585
0.115641
0.114817
0.113912
0.112894
0.111426
0.110492
0.109497
0.108631
0.107593
0.106288
0.105377
0.104481
0.103504
0.102566
0.102026
0.101498
0.100915
0.099072
0.0985978
0.0964848
0.0950866
0.0939811
0.0926825
0.0910899
0.0899184
0.0887641
0.0872778
0.0853565
0.084093
0.0828464
0.0816303
0.0801517
0.0785334
0.0775879
0.0759772
0.0756928
0.0752076
0.0742788
0.0737626
0.0731211
0.0725728
0.0719694
0.0713054
0.0704545
0.0693614
0.0688121
0.0674211
0.0671991
0.0667862
0.0668758
0.0669905
0.0670732
0.0672051
0.0674268
0.0674988
0.0674795
0.0671393
0.0667869
0.0663132
0.065762
0.0649567
0.0637594
0.0616061
0.0603907
0.0587529
0.057003
0.0546137
0.0533034
0.0510004
0.0485351
0.0455125
0.0434952
0.0409323
0.0377238
0.0356283
0.0336907
0.0319993
0.029238
0.0277656
0.0260296
0.0252111
0.023883
0.0222811
0.0209902
0.0196892
0.0182566
0.0166624
0.0149535
0.0127275
0.0116201
0.00982445
0.00790862
0.00672804
0.00552552
0.00401689
0.0023471
0.000978654
0.000101084
0.00146882
0.0023316
0.00321919
0.00412489
0.00524897
0.00649702
0.00730617
0.00810626
0.00963992
0.0103129
0.0109261
0.0113865
0.0118151
0.0122409
0.0124646
0.0124724
0.0123139
0.0119248
0.0103377
0.00934835
0.00781183
0.00606813
0.00376132
0.0022031
0.000247942
0.00201166
0.00353674
0.00512667
0.00676142
0.00894163
0.0112363
0.0136633
0.0166424
0.0185684
0.0203691
0.0240758
0.024407
0.0268194
0.027984
0.0295334
0.0314247
0.0326401
0.0338707
0.0354695
0.0373171
0.0381952
0.0396571
0.041545
0.0428322
0.0440425
0.0466404
0.0481994
0.0498196
0.0512026
0.0531117
0.0557409
0.0576121
0.0595599
0.0614941
0.0634199
0.0679229
0.0689294
0.0728796
0.0747775
0.0769599
0.0792748
0.0807799
0.0822861
0.08378
0.0857523
0.088314
0.090128
0.0919697
0.0962483
0.0972015
0.101122
0.101122
0.106716
0.109585
0.111751
0.114298
0.116749
0.119449
0.121025
0.122453
0.123721
0.12519
0.126939
0.127875
0.130954
0.131711
0.133286
0.13692
0.138815
0.140472
0.1416
0.142567
0.143331
0.144647
0.145319
0.14611
0.14691
0.147783
0.148813
0.149526
0.150286
0.151218
0.152048
0.153081
0.153934
0.154895
0.156167
0.157746
0.158502
0.160552
0.161405
0.162021
0.162526
0.162879
0.163293
0.164035
0.165113
0.165962
0.166881
0.167891
0.169332
0.17093
0.172923
0.175253
0.176209
0.176976
0.177707
0.178311
0.17892
0.179321
0.179768
0.180114
0.180438
0.181278
0.181943
0.182765
0.183483
0.184265
0.185042
0.186023
0.187124
0.18784
0.189157
0.189661
0.190157
0.19068
0.191018
0.191395
0.191826
0.192421
0.192834
0.193544
0.194659
0.196149
0.197065
0.198704
0.199438
0.200153
0.200714
0.20148
0.202435
0.203036
0.203564
0.204086
0.204795
0.205625
0.20597
0.20658
0.206675
0.207236
0.207751
0.208178
0.208454
0.208812
0.209242
0.209815
0.210712
0.211145
0.211527
0.211641
0.211661
0.211725
0.211872
0.212103
0.212292
0.212667
0.213144
0.213973
0.214638
0.215338
0.216154
0.217046
0.217967
0.218307
0.218536
0.218719
0.21877
0.218619
0.218498
0.218405
0.218349
0.218052
0.218052
0.217805
0.216988
0.216912
0.216618
0.215892
0.215412
0.214972
0.214492
0.214237
0.21384
0.213382
0.212781
0.212472
0.211872
0.210554
0.210277
0.209819
0.209037
0.208863
0.208319
0.208036
0.20767
0.207279
0.206725
0.206116
0.205405
0.204983
0.204542
0.203437
0.202663
0.201712
0.200631
0.199105
0.197959
0.196759
0.195625
0.194637
0.193563
0.192516
0.19162
0.19162
0.191184
0.190449
0.189924
0.189367
0.188566
0.18785
0.187146
0.18555
0.185187
0.184397
0.182328
0.181129
0.17988
0.17876
0.177493
0.176147
0.174721
0.172795
0.169133
0.168347
0.165208
0.163264
0.161777
0.160373
0.158647
0.156652
0.155335
0.15397
0.152611
0.149758
0.148453
0.1474
0.146764
0.146179
0.145613
0.145067
0.143614
0.142591
0.141761
0.140906
0.139903
0.138757
0.138057
0.136898
0.136616
0.136062
0.134536
0.133611
0.132677
0.131904
0.131052
0.130192
0.129127
0.128035
0.126625
0.125676
0.0268265
0.025179
0.0103818
0.00713125
0.000745614
0.0131266
0.0204647
0.0275906
0.0332051
0.0386539
0.0452867
0.0528588
0.0564257
0.0609837
0.0703851
0.0723184
0.0796956
0.0840023
0.0882255
0.0924438
0.0958684
0.100152
0.105215
0.108559
0.111826
0.115879
0.120003
0.125011
0.128292
0.131517
0.135471
0.139985
0.142796
0.14541
0.14846
0.15375
0.154915
0.157196
0.162247
0.164886
0.166865
0.168826
0.170814
0.173328
0.176487
0.178637
0.183016
0.185854
0.188605
0.19066
0.19298
0.194999
0.196112
0.199054
0.200616
0.202781
0.205624
0.207584
0.209543
0.212074
0.21513
0.217059
0.218931
0.220833
0.225365
0.226409
0.228575
0.23298
0.235761
0.238599
0.241962
0.244225
0.246555
0.248898
0.25188
0.255461
0.257722
0.261933
0.263965
0.266546
0.269573
0.271529
0.273379
0.275093
0.277149
0.279701
0.281427
0.283067
0.286433
0.28711
0.289835
0.291557
0.293352
0.294747
0.296141
0.297809
0.299619
0.300799
0.301968
0.303111
0.305482
0.306007
0.307126
0.30979
0.311352
0.319668
0.319668
0.321547
0.32353
0.339029
0.339029
0.342214
0.344276
0.346333
0.348326
0.350626
0.353186
0.354818
0.357815
0.35925
0.360608
0.362226
0.364128
0.365299
0.366725
0.369204
0.370886
0.371223
0.373881
0.375204
0.37683
0.378334
0.379519
0.380686
0.381785
0.384115
0.384628
0.386463
0.387182
0.387798
0.388359
0.388853
0.389076
0.389283
0.389652
0.390254
0.390749
0.391354
0.392327
0.394754
0.395408
0.398199
0.400115
0.402028
0.403838
0.405145
0.406289
0.407331
0.408361
0.411034
0.412013
0.41308
0.413988
0.41461
0.415146
0.415816
0.416346
0.417061
0.417928
0.419274
0.42033
0.421527
0.423151
0.425022
0.427247
0.428199
0.429324
0.431985
0.431985
0.431817
0.431348
0.431136
0.430883
0.430668
0.430555
0.430508
0.430448
0.43024
0.430092
0.429948
0.42985
0.429741
0.429664
0.429658
0.42993
0.430131
0.430226
0.430209
0.430141
0.430116
0.430054
0.430044
0.430078
0.430362
0.430408
0.43044
0.430362
0.43006
0.429823
0.429515
0.429189
0.428731
0.428214
0.427873
0.427532
0.427004
0.426695
0.426436
0.426095
0.425698
0.425208
0.424752
0.42456
0.42425
0.424185
0.424244
0.424406
0.424442
0.424364
0.424196
0.423993
0.423822
0.423551
0.422732
0.422146
0.421672
0.421276
0.421002
0.420549
0.420305
0.42007
0.419868
0.419779
0.419678
0.419525
0.419446
0.419456
0.419495
0.419502
0.419479
0.419501
0.419463
0.419345
0.419182
0.419078
0.419019
0.41914
0.419289
0.41949
0.419702
0.419959
0.420192
0.420449
0.420742
0.420891
0.420865
0.420405
0.420329
0.419661
0.419074
0.418492
0.417856
0.416258
0.415336
0.414333
0.413
0.412206
0.410973
0.409814
0.409373
0.408245
0.407549
0.407044
0.406575
0.406112
0.405786
0.405511
0.405242
0.404903
0.40431
0.403411
0.402111
0.401476
0.400849
0.400179
0.399246
0.397884
0.397058
0.395531
0.393709
0.391288
0.389628
0.387981
0.386302
0.384984
0.384347
0.384447
0.385292
0.386826
0.389506
0.391211
0.393842
0.400051
0.404306
0.408664
0.413069
0.417627
0.422227
0.426736
0.430255
0.433744
0.437289
0.440981
0.44581
0.451808
0.459824
0.463829
0.467927
0.47208
0.477379
0.48381
0.488148
0.496837
0.501202
0.505499
0.509785
0.51406
0.523536
0.525643
0.535157
0.538358
0.543604
0.549589
0.55346
0.557294
0.561937
0.567399
0.571104
0.574862
0.578622
0.587225
0.593159
0.596153
0.600089
0.604898
0.610344
0.613824
0.618002
0.620372
0.626777
0.628085
0.630579
0.635817
0.638481
0.640987
0.64282
0.644529
0.646571
0.647816
0.651599
0.652464
0.655975
0.65773
0.659991
0.662892
0.664351
0.666273
0.66864
0.670869
0.673466
0.675179
0.677226
0.679625
0.680801
0.682651
0.686087
0.687439
0.688795
0.690109
0.69162
0.692737
0.693765
0.695609
0.695957
0.697058
0.697544
0.69816
0.699072
0.699754
0.700504
0.701355
0.702218
0.703652
0.704349
0.704981
0.70526
0.705676
0.706126
0.706677
0.706967
0.707537
0.708268
0.708588
0.709372
0.709655
0.70973
0.709777
0.709785
0.70971
0.709567
0.709241
0.708717
0.708456
0.707993
0.707379
0.706972
0.706553
0.705999
0.705549
0.704793
0.70418
0.703188
0.701862
0.701018
0.700219
0.699455
0.698677
0.696951
0.696619
0.695222
0.694169
0.693001
0.692093
0.691279
0.690282
0.689309
0.687887
0.687053
0.686022
0.684858
0.683579
0.682028
0.681017
0.679987
0.678581
0.677087
0.676138
0.674459
0.671367
0.670669
0.66783
0.666401
0.664913
0.663365
0.661824
0.658544
0.656726
0.654855
0.653439
0.651718
0.649827
0.648724
0.647772
0.646892
0.645908
0.644773
0.644016
0.642515
0.641685
0.640577
0.639129
0.638076
0.637024
0.635928
0.634719
0.6317
0.629902
0.628001
0.626046
0.62404
0.622185
0.62029
0.619421
0.618024
0.616473
0.615479
0.614484
0.613578
0.612713
0.612075
0.611722
0.611558
0.611396
0.611359
0.611345
0.611382
0.61159
0.612084
0.612487
0.613206
0.613542
0.613908
0.614314
0.614943
0.615788
0.616322
0.616895
0.61747
0.618312
0.619033
0.619843
0.620734
0.621874
0.62332
0.624395
0.626634
0.628066
0.629481
0.630547
0.631858
0.633348
0.634285
0.635156
0.635903
0.183143
0.17748
0.174133
0.170352
0.167972
0.165772
0.163331
0.160458
0.159757
0.158511
0.156338
0.155366
0.154761
0.154291
0.153926
0.153702
0.153514
0.153616
0.154026
0.154383
0.155048
0.156161
0.157512
0.160162
0.161597
0.163335
0.165411
0.166735
0.167975
0.169172
0.170388
0.173172
0.174612
0.176022
0.177476
0.178603
0.179898
0.181447
0.182563
0.183815
0.185171
0.18663
0.188616
0.193085
0.194915
0.196707
0.198989
0.201719
0.2031
0.204948
0.206763
0.210842
0.2131
0.214787
0.21684
0.219319
0.220589
0.222842
0.225728
0.227166
0.229056
0.233556
0.233985
0.237238
0.239178
0.240941
0.242211
0.243647
0.245129
0.246079
0.247025
0.248315
0.249958
0.25081
0.252365
0.254564
0.256155
0.257776
0.260899
0.262783
0.26489
0.266293
0.268002
0.269895
0.271152
0.272399
0.273866
0.275501
0.276495
0.277457
0.278351
0.280373
0.280556
0.282081
0.282838
0.283647
0.284593
0.28588
0.28738
0.288383
0.28944
0.290796
0.29238
0.29359
0.294928
0.295829
0.296819
0.299389
0.301083
0.30279
0.304025
0.305077
0.306145
0.307059
0.307967
0.308537
0.309102
0.309643
0.311
0.311789
0.312418
0.313132
0.313657
0.314023
0.314444
0.314921
0.315535
0.3165
0.316695
0.316695
0.316941
0.317021
0.317134
0.31743
0.317982
0.318377
0.319062
0.3202
0.322013
0.323021
0.326071
0.326739
0.329515
0.331224
0.332589
0.33425
0.336035
0.337059
0.338202
0.338772
0.339546
0.34025
0.340521
0.340678
0.340732
0.340672
0.340691
0.340748
0.340915
0.34146
0.341842
0.342319
0.342725
0.342921
0.343071
0.343262
0.343413
0.343627
0.343838
0.344004
0.344209
0.344195
0.344087
0.343956
0.343791
0.343544
0.343245
0.342906
0.342531
0.341787
0.341162
0.340575
0.339807
0.339117
0.338512
0.33811
0.337756
0.337504
0.337416
0.337482
0.337497
0.337504
0.337521
0.337633
0.337812
0.338033
0.338352
0.338566
0.339062
0.339249
0.339356
0.33936
0.339246
0.339075
0.338879
0.338568
0.33811
0.337711
0.337267
0.336516
0.336097
0.335658
0.335423
0.335085
0.334527
0.333516
0.332695
0.331744
0.329493
0.327989
0.326019
0.32464
0.323256
0.3219
0.320196
0.318371
0.315867
0.314502
0.310155
0.307554
0.304933
0.302814
0.300738
0.298747
0.29679
0.292515
0.290677
0.288502
0.286008
0.284334
0.282625
0.280924
0.279226
0.275273
0.274392
0.272683
0.268818
0.266547
0.264289
0.262023
0.260194
0.258292
0.2564
0.254527
0.250234
0.249849
0.248347
0.245236
0.243726
0.242525
0.241335
0.240103
0.237641
0.236507
0.235051
0.233429
0.231332
0.230187
0.228593
0.225451
0.223501
0.221473
0.219831
0.218185
0.216497
0.214828
0.211182
0.210353
0.207116
0.20564
0.204224
0.20286
0.201181
0.199248
0.198265
0.195304
0.193612
0.191972
0.190664
0.189404
0.187987
0.18665
0.186108
0.185518
0.184451
0.184266
0.183784
0.183555
0.183285
0.183058
0.18275
0.182379
0.18208
0.181483
0.17994
0.178653
0.175497
0.169897
0.165158
0.155319
0.147267
0.140375
0.133152
0.123794
0.114094
0.102174
0.0940565
0.0838379
0.0756531
0.059129
0.0488307
0.0386738
0.0286874
0.0208469
0.0130584
0.00342391
0.00784057
0.0152165
0.0225109
0.0297797
0.0441979
0.0530094
0.06343
0.0685464
0.0752349
0.0834093
0.0930049
0.0993512
0.112123
0.118612
0.125061
0.132934
0.142149
0.148217
0.154165
0.165468
0.172137
0.178634
0.182488
0.187531
0.193739
0.199838
0.209494
0.214226
0.220128
0.224761
0.230505
0.237412
0.240912
0.246771
0.253716
0.261746
0.266313
0.270831
0.276346
0.282822
0.286053
0.291379
0.297559
0.304612
0.308661
0.313721
0.317805
0.321844
0.32581
0.334479
0.336333
0.343439
0.346833
0.350104
0.353294
0.357136
0.361667
0.36471
0.371049
0.374269
0.377551
0.380808
0.384711
0.390918
0.393287
0.395439
0.397459
0.399961
0.403193
0.404856
0.407689
0.411302
0.41383
0.41636
0.422045
0.423295
0.427988
0.430874
0.43383
0.436213
0.438547
0.441467
0.445084
0.446914
0.450036
0.453834
0.456319
0.458765
0.463903
0.464954
0.466973
0.471324
0.473774
0.475682
0.477535
0.47935
0.482606
0.484062
0.488008
0.489909
0.491762
0.493626
0.497321
0.499192
0.501483
0.504095
0.505708
0.507193
0.508626
0.510449
0.512749
0.514277
0.515743
0.518961
0.520683
0.522025
0.523763
0.525581
0.527935
