0.549868
0.542213
0.532102
0.527005
0.520636
0.51293
0.507803
0.50264
0.497515
0.491102
0.483438
0.47836
0.472112
0.464629
0.460869
0.449491
0.446982
0.437003
0.43089
0.424861
0.420036
0.414022
0.406738
0.401918
0.3959
0.388815
0.384082
0.379306
0.373319
0.366201
0.340756
0.336861
0.333087
0.329334
0.324707
0.319141
0.315272
0.311187
0.306893
0.301263
0.294104
0.284015
0.278867
0.272498
0.26492
0.259981
0.255184
0.250448
0.244644
0.237855
0.233388
0.228989
0.219248
0.217071
0.208146
0.202454
0.196786
0.191113
0.186658
0.181291
0.174955
0.170798
0.166706
0.162732
0.157993
0.152464
0.148731
0.144964
0.136224
0.13126
0.126263
0.122273
0.1174
0.111795
0.108082
0.10431
0.100529
0.095751
0.0899202
0.0859908
0.0819978
0.0770081
0.071123
0.0632289
0.0592323
0.0541946
0.0482103
0.0452288
0.0402724
0.0342839
0.0312378
0.0272064
0.0194074
0.0155953
0.0110179
0.00586072
0.0026935
0.000305636
0.00385096
0.00776558
0.0102052
0.0125935
0.0179927
0.0192336
0.0217481
0.027413
0.0286406
0.0335637
0.0360088
0.0384648
0.0416585
0.044948
0.0490507
0.0518298
0.0546292
0.0603154
0.0631309
0.0665604
0.0698044
0.0734708
0.0757507
0.0779526
0.0801333
0.0828464
0.0859955
0.0879447
0.0897124
0.0934149
0.0955507
0.0978106
0.0996725
0.101625
0.103595
0.106106
0.108608
0.111521
0.113338
0.115014
0.118547
0.120513
0.122461
0.124002
0.125946
0.128276
0.129473
0.131416
0.133708
0.134799
0.136504
0.13814
0.140097
0.141446
0.142785
0.14579
0.146453
0.149228
0.151052
0.152881
0.154351
0.156103
0.158119
0.159351
0.160526
0.161583
0.162519
0.164318
0.164707
0.166385
0.167228
0.168161
0.168971
0.169632
0.169806
0.169906
0.169907
0.169789
0.169738
0.169735
0.169743
0.16974
0.169828
0.1699
0.169753
0.169505
0.169305
0.169141
0.169088
0.169154
0.169437
0.169997
0.170342
0.170937
0.171552
0.172293
0.172597
0.172867
0.173211
0.173389
0.173506
0.173607
0.173816
0.174257
0.174623
0.175086
0.175501
0.175569
0.175518
0.175329
0.17495
0.174335
0.174072
0.173686
0.173003
0.172529
0.171849
0.170866
0.170216
0.169567
0.168777
0.167889
0.167412
0.16703
0.166795
0.166631
0.166657
0.166713
0.166796
0.166693
0.166597
0.166459
0.166133
0.165654
0.165276
0.164434
0.164144
0.164129
0.164415
0.164764
0.165025
0.165219
0.165557
0.166077
0.166806
0.167271
0.167673
0.16817
0.168701
0.169045
0.169338
0.169544
0.169618
0.169432
0.169225
0.168469
0.167766
0.16684
0.165982
0.165004
0.163722
0.162402
0.160729
0.159809
0.158554
0.156159
0.155783
0.155141
0.15407
0.153838
0.153407
0.152539
0.152336
0.151596
0.151218
0.150613
0.14965
0.1489
0.147812
0.146498
0.145675
0.144972
0.144188
0.143202
0.142696
0.142063
0.141021
0.140813
0.140467
0.139143
0.138399
0.137588
0.136945
0.136346
0.13558
0.134655
0.134138
0.133703
0.133294
0.132469
0.132298
0.132004
0.131729
0.131675
0.131703
0.131818
0.132201
0.133174
0.134232
0.135552
0.137586
0.140394
0.142442
0.144555
0.146749
0.149674
0.155421
0.156798
0.15962
0.166343
0.170134
0.173802
0.176549
0.179097
0.182142
0.185594
0.18785
0.190166
0.193121
0.196614
0.19893
0.201892
0.204243
0.207101
0.210469
0.215123
0.21743
0.220175
0.223404
0.224985
0.227088
0.229672
0.232652
0.23463
0.236575
0.240709
0.241546
0.244717
0.246279
0.248144
0.250236
0.251543
0.252701
0.253896
0.254966
0.256223
0.257045
0.257951
0.258946
0.261451
0.262026
0.262916
0.265959
0.267558
0.269002
0.271006
0.27344
0.274929
0.276309
0.27764
0.278901
0.281186
0.282272
0.282845
0.283383
0.284091
0.285139
0.285719
0.286607
0.287852
0.289411
0.291077
0.291843
0.29256
0.293074
0.293165
0.293257
0.293376
0.293415
0.293443
0.293533
0.293624
0.293747
0.293887
0.294048
0.294264
0.294319
0.294888
0.295433
0.296048
0.296548
0.297085
0.297594
0.297738
0.297776
0.297636
0.297462
0.297302
0.297417
0.297601
0.297889
0.298351
0.299093
0.29974
0.300492
0.302243
0.302567
0.303134
0.303792
0.303902
0.303922
0.303884
0.303857
0.30378
0.303671
0.303573
0.303518
0.303572
0.303878
0.304175
0.304955
0.305464
0.305965
0.306417
0.306786
0.307203
0.307487
0.307541
0.307575
0.307548
0.307358
0.307218
0.307127
0.307155
0.307405
0.307963
0.30869
0.308852
0.308793
0.308566
0.308288
0.307978
0.307706
0.307497
0.307256
0.306841
0.306333
0.306047
0.305749
0.305372
0.304097
0.303776
0.303191
0.302206
0.301753
0.301241
0.300849
0.300452
0.300066
0.299759
0.299428
0.299126
0.298528
0.297708
0.297237
0.29684
0.296492
0.296001
0.295935
0.295952
0.296159
0.296542
0.296951
0.297355
0.297597
0.297741
0.297831
0.297823
0.29767
0.297536
0.296763
0.296678
0.296089
0.295796
0.295418
0.294916
0.294348
0.293729
0.293185
0.292762
0.292151
0.291797
0.291262
0.290726
0.29012
0.289741
0.289314
0.288728
0.287569
0.28676
0.285891
0.285139
0.284558
0.284145
0.283631
0.283155
0.282822
0.282316
0.28167
0.281203
0.280717
0.280168
0.279611
0.277024
0.276212
0.275274
0.275068
0.273091
0.271847
0.270508
0.269423
0.268225
0.267123
0.26656
0.26614
0.265894
0.265738
0.265605
0.26532
0.26512
0.264812
0.264371
0.264126
0.263919
0.263622
0.263319
0.262973
0.262564
0.262564
0.262422
0.262322
0.262173
0.262002
0.26172
0.261222
0.260878
0.260583
0.260297
0.259893
0.259433
0.259196
0.258749
0.258477
0.258082
0.257744
0.257333
0.256969
0.256767
0.256775
0.257
0.257367
0.257609
0.257851
0.25804
0.257999
0.257904
0.257769
0.257552
0.25749
0.257455
0.257471
0.257563
0.25758
0.25745
0.257237
0.257079
0.256899
0.256552
0.256084
0.255751
0.255267
0.254578
0.254092
0.253543
0.253008
0.252495
0.250973
0.250019
0.249127
0.24849
0.247924
0.099478
0.0902
0.0794472
0.0724755
0.0587181
0.0503362
0.0406374
0.0343632
0.0282922
0.0223956
0.015164
0.00677016
0.00134153
0.00392178
0.00894902
0.0205375
0.025823
0.029832
0.0346384
0.0391779
0.0444885
0.0480298
0.0516255
0.0561427
0.0614936
0.0650399
0.0693746
0.0745598
0.078081
0.0816281
0.0860052
0.0911603
0.0945306
0.0977927
0.104555
0.105936
0.107948
0.114515
0.117754
0.12031
0.12288
0.125395
0.128363
0.131243
0.134721
0.137045
0.139438
0.14189
0.148092
0.150642
0.153138
0.156083
0.15926
0.161128
0.162858
0.16497
0.167577
0.169471
0.171481
0.176217
0.178888
0.181639
0.183818
0.185899
0.188448
0.191608
0.193809
0.196065
0.198413
0.201383
0.204963
0.207426
0.212362
0.215485
0.219334
0.221918
0.22453
0.227121
0.229598
0.232521
0.235877
0.240332
0.243068
0.245198
0.247225
0.249583
0.252352
0.253793
0.256192
0.258893
0.260579
0.262513
0.264776
0.266285
0.267845
0.269819
0.271996
0.273212
0.275147
0.276047
0.276771
0.277032
0.277212
0.277342
0.277469
0.277481
0.277466
0.277425
0.277278
0.277013
0.276833
0.276669
0.276801
0.276843
0.277364
0.277865
0.278432
0.278734
0.279016
0.27933
0.279582
0.279696
0.279818
0.279886
0.27993
0.279965
0.279976
0.280265
0.280558
0.280889
0.281227
0.281685
0.282167
0.282647
0.282961
0.283288
0.28388
0.284205
0.284478
0.284584
0.284522
0.284209
0.283826
0.283361
0.282655
0.281941
0.281264
0.280916
0.280676
0.280584
0.280748
0.281383
0.281876
0.284013
0.284265
0.286619
0.287842
0.288066
0.289543
0.290328
0.291346
0.292079
0.292779
0.293385
0.294023
0.294622
0.294924
0.295227
0.295874
0.296402
0.297281
0.297847
0.298947
0.300541
0.30138
0.302677
0.304112
0.304943
0.305898
0.306926
0.307476
0.307877
0.308525
0.308804
0.309044
0.30926
0.309431
0.309677
0.30985
0.309874
0.309895
0.309916
0.309996
0.310051
0.310198
0.310404
0.310646
0.310998
0.312078
0.312836
0.313008
0.314755
0.316106
0.318057
0.319558
0.321194
0.323275
0.32534
0.326993
0.328572
0.330486
0.332355
0.334562
0.33602
0.339048
0.340962
0.343349
0.34505
0.346748
0.348447
0.350469
0.352773
0.3543
0.355893
0.359658
0.361886
0.362342
0.366215
0.368758
0.371682
0.373502
0.375284
0.3775
0.380057
0.381631
0.383095
0.384859
0.386925
0.387988
0.389893
0.392254
0.395324
0.396892
0.398884
0.401279
0.402486
0.404441
0.406824
0.408507
0.41018
0.412226
0.414607
0.416226
0.41783
0.419377
0.423027
0.424832
0.426321
0.428286
0.430703
0.432325
0.433889
0.43544
0.437431
0.439839
0.441404
0.442854
0.444166
0.446964
0.448144
0.449033
0.44998
0.450877
0.451361
0.451698
0.451994
0.452113
0.45209
0.452021
0.452017
0.452173
0.452447
0.452774
0.453375
0.453683
0.454025
0.4544
0.454826
0.455383
0.455719
0.455959
0.456068
0.45604
0.455971
0.455827
0.455632
0.4555
0.455463
0.455393
0.455157
0.454953
0.454771
0.454708
0.454549
0.454703
0.455148
0.456239
0.458484
0.460025
0.463131
0.46752
0.470735
0.4742
0.477906
0.487932
0.493074
0.497135
0.502122
0.508149
0.512129
0.516003
0.520665
0.526109
0.529787
0.533599
0.537538
0.546611
0.551572
0.555512
0.560524
0.565603
0.57178
0.575901
0.580031
0.584116
0.588198
0.592244
0.602129
0.603107
0.610806
0.615621
0.621412
0.625294
0.629097
0.633617
0.638828
0.642241
0.645547
0.648777
0.652025
0.656162
0.664478
0.665318
0.672172
0.676507
0.681557
0.684787
0.688565
0.6928
0.695411
0.697791
0.699931
0.701888
0.704103
0.706592
0.709584
0.711246
0.711551
0.714026
0.715342
0.71672
0.717808
0.718935
0.720351
0.722012
0.723161
0.724426
0.726062
0.728019
0.72929
0.730465
0.732742
0.73414
0.735756
0.736842
0.737901
0.738876
0.740061
0.741414
0.74229
0.743317
0.744034
0.745226
0.745748
0.74601
0.745987
0.745872
0.745676
0.745494
0.745683
0.746082
0.74673
0.74766
0.750327
0.750952
0.751923
0.755333
0.757169
0.758732
0.760825
0.763456
0.765332
0.767314
0.769339
0.771343
0.773839
0.776721
0.780385
0.782477
0.784342
0.78589
0.786862
0.78759
0.78822
0.788704
0.788826
0.788855
0.788718
0.788624
0.788482
0.787916
0.787345
0.786577
0.785771
0.78488
0.783771
0.782471
0.781605
0.780687
0.779753
0.778661
0.777359
0.776375
0.774115
0.772957
0.771617
0.770023
0.768965
0.767857
0.766428
0.764692
0.763425
0.762048
0.758781
0.756934
0.754979
0.754566
0.752883
0.748295
0.747805
0.743857
0.741325
0.738226
0.736134
0.73397
0.731168
0.727834
0.725656
0.72347
0.720648
0.717302
0.715108
0.712961
0.710404
0.707581
0.70579
0.701945
0.699781
0.699353
0.686594
0.686594
0.684361
0.682076
0.676709
0.675521
0.670699
0.667539
0.664323
0.661061
0.65839
0.655706
0.652281
0.635715
0.635715
0.632436
0.630109
0.627011
0.622933
0.619986
0.616982
0.613269
0.608893
0.605977
0.603002
0.599146
0.594466
0.5921
0.588151
0.583529
0.580549
0.574633
0.570828
0.566125
0.563776
0.559974
0.555588
0.55273
0.549862
0.546928
0.543214
0.53884
0.536072
0.530217
0.317789
0.314285
0.310274
0.305971
0.303394
0.300985
0.29876
0.296166
0.29333
0.291681
0.288881
0.287362
0.285698
0.284669
0.283647
0.282649
0.281489
0.280178
0.279435
0.278841
0.278288
0.277894
0.277797
0.277872
0.277952
0.278147
0.278484
0.278751
0.279086
0.279419
0.279877
0.280534
0.281088
0.282985
0.284416
0.285773
0.287624
0.289186
0.290727
0.292683
0.295016
0.296515
0.297981
0.29948
0.303288
0.304738
0.306536
0.308754
0.31018
0.311834
0.313793
0.315184
0.316683
0.318663
0.321205
0.323044
0.324952
0.327356
0.330136
0.331984
0.333801
0.336076
0.338354
0.341023
0.342786
0.344544
0.348638
0.350145
0.352008
0.353889
0.356286
0.357937
0.35952
0.361046
0.362827
0.364801
0.366833
0.368169
0.369288
0.370029
0.370765
0.371378
0.371736
0.372097
0.372536
0.373153
0.373988
0.374683
0.375552
0.37781
0.379037
0.380165
0.381029
0.381784
0.382703
0.383729
0.384298
0.384854
0.385413
0.386039
0.386659
0.386974
0.387488
0.387692
0.387816
0.387837
0.38788
0.387889
0.387921
0.388165
0.388381
0.388548
0.38869
0.3892
0.389393
0.389575
0.38961
0.389586
0.389599
0.389699
0.389924
0.390453
0.390887
0.391332
0.391535
0.391491
0.391301
0.390917
0.39062
0.390032
0.389678
0.389373
0.389121
0.388754
0.388048
0.387028
0.386373
0.385542
0.384437
0.383808
0.382579
0.380732
0.379313
0.377409
0.375005
0.373794
0.37187
0.370084
0.367397
0.366925
0.366144
0.365257
0.364901
0.364466
0.364262
0.36399
0.3637
0.363367
0.363148
0.362874
0.36237
0.361603
0.360942
0.360161
0.359296
0.358043
0.355004
0.354672
0.351916
0.350255
0.348416
0.347312
0.346019
0.344642
0.343734
0.342749
0.341726
0.340352
0.338705
0.337895
0.33664
0.335426
0.333978
0.333006
0.330598
0.32919
0.32892
0.326681
0.325483
0.323958
0.322211
0.321062
0.319843
0.318574
0.315794
0.313976
0.311902
0.310607
0.309401
0.307973
0.306504
0.305906
0.30498
0.303894
0.30315
0.302418
0.30172
0.300352
0.299866
0.299318
0.298884
0.298383
0.297945
0.297449
0.296809
0.296043
0.295057
0.294576
0.29374
0.292716
0.291964
0.2912
0.289701
0.288929
0.288785
0.287576
0.286741
0.285696
0.284121
0.283255
0.281638
0.279523
0.278072
0.27655
0.274562
0.272071
0.270294
0.268361
0.266303
0.260538
0.257493
0.255059
0.251965
0.248345
0.24657
0.243722
0.240549
0.238492
0.236535
0.234631
0.230639
0.228545
0.226864
0.224748
0.222282
0.220646
0.218984
0.217351
0.215426
0.213127
0.211521
0.209897
0.207866
0.205445
0.202095
0.200459
0.198499
0.196374
0.19512
0.193928
0.192828
0.191632
0.190278
0.189618
0.187543
0.186431
0.185419
0.184558
0.183339
0.181743
0.18054
0.179282
0.177753
0.175955
0.174706
0.173432
0.172163
0.170523
0.168597
0.167377
0.164587
0.163138
0.16287
0.160892
0.159768
0.158469
0.157624
0.156532
0.155215
0.154303
0.153431
0.152561
0.151516
0.150432
0.149609
0.148421
0.146245
0.14238
0.139914
0.129571
0.123206
0.11759
0.111586
0.103633
0.0953081
0.0848391
0.0775362
0.068207
0.0567974
0.0490194
0.0410888
0.0330652
0.0230116
0.0109544
0.00298679
0.0126792
0.0222511
0.0335621
0.0409835
0.0501895
0.0609998
0.0680913
0.075161
0.0838853
0.0940204
0.0988856
0.106783
0.115914
0.121855
0.127626
0.134633
0.142821
0.153593
0.160147
0.16641
0.17118
0.176771
0.182869
0.185679
0.190096
0.19509
0.198328
0.201566
0.205506
0.209862
0.212554
0.215147
0.218204
0.22145
0.223338
0.225059
0.229023
0.230853
0.232266
0.233663
0.235073
0.236763
0.238448
0.240418
0.241728
0.243067
0.244851
0.247112
0.248601
0.251944
0.253809
0.254175
0.256938
0.25857
0.260543
0.261774
0.26322
0.264919
0.266087
0.267263
0.268488
0.269978
0.271653
0.27246
0.273711
0.274994
0.275773
0.276453
0.27771
0.278285
0.278858
0.279693
0.280202
0.281091
0.282275
0.283024
0.283652
0.284103
0.284358
0.284239
0.283971
0.283586
0.283307
0.283344
0.283527
0.283809
0.284167
0.284612
0.285104
0.285645
0.285886
0.286128
0.286442
0.286825
0.287843
0.287951
0.288976
0.289559
0.290383
0.291422
0.292075
0.292711
0.293369
0.293927
0.294172
0.294602
0.29486
0.29508
0.295297
0.295499
0.295697
0.295973
0.296273
0.296702
0.297298
0.297793
0.299176
0.300125
0.300321
0.301886
0.302763
0.303633
0.304208
0.304827
0.305522
0.306379
0.307327
0.307964
0.308583
0.309174
0.31069
0.311598
0.312403
0.313225
0.314196
0.31512
0.315546
0.315875
0.316195
0.316916
0.317382
0.317956
0.318404
0.318781
0.319267
0.319573
0.320048
0.320527
0.321057
0.321712
0.322179
0.323347
0.324119
0.32484
0.325691
0.326145
0.326984
0.328002
0.328683
0.329384
0.329827
0.330118
0.33015
0.330023
0.329722
0.329255
0.328627
0.328299
0.328017
0.327748
0.327547
0.327431
0.327343
0.327376
0.327393
0.327668
