0.546208
0.539503
0.531578
0.527624
0.521145
0.513427
0.508335
0.503269
0.498268
0.487059
0.48455
0.479485
0.468087
0.460569
0.455634
0.449537
0.443439
0.437347
0.432429
0.42755
0.421463
0.414284
0.409509
0.403479
0.396209
0.391403
0.386618
0.380733
0.3739
0.369419
0.360577
0.35524
0.350003
0.344627
0.340151
0.334294
0.32677
0.321497
0.316076
0.309224
0.3009
0.295346
0.288503
0.28032
0.274917
0.269555
0.262873
0.25494
0.249687
0.239061
0.232251
0.225362
0.218505
0.213017
0.2076
0.201045
0.193348
0.188306
0.182103
0.174935
0.170368
0.165876
0.160231
0.154541
0.147575
0.142846
0.138097
0.127359
0.121542
0.11591
0.111422
0.106885
0.101208
0.0943332
0.0908593
0.0850416
0.0779641
0.0732753
0.0640388
0.058231
0.0523972
0.0465477
0.0419169
0.0373031
0.0315646
0.024653
0.019982
0.0153695
0.0108622
0.00532526
0.00521536
0.00621118
0.0136823
0.0179979
0.0220639
0.0251234
0.028771
0.0323557
0.0366708
0.0396137
0.0433216
0.0477273
0.0505872
0.0541576
0.0583857
0.0612022
0.0641055
0.0670501
0.0700654
0.0738983
0.0816868
0.0856142
0.0887154
0.0917324
0.0953219
0.0993941
0.101933
0.104388
0.106815
0.109824
0.113322
0.115509
0.119388
0.121721
0.12412
0.126627
0.128685
0.13084
0.133564
0.136895
0.139089
0.141268
0.143401
0.147809
0.148734
0.152208
0.153764
0.155496
0.157322
0.15839
0.159391
0.160265
0.161209
0.162083
0.162395
0.163127
0.163194
0.163754
0.164007
0.164342
0.164751
0.165
0.16539
0.16624
0.166797
0.167283
0.167718
0.168022
0.168203
0.168267
0.168122
0.167955
0.167796
0.167676
0.167569
0.167419
0.167207
0.166787
0.166094
0.164944
0.164298
0.163146
0.161782
0.160132
0.159289
0.158305
0.157212
0.156444
0.155579
0.154626
0.153641
0.151358
0.150631
0.149882
0.149301
0.149025
0.148806
0.148506
0.148062
0.147836
0.147416
0.146774
0.146457
0.146031
0.144764
0.144279
0.14383
0.143534
0.143313
0.143007
0.142653
0.141984
0.141193
0.140455
0.139477
0.13828
0.132872
0.132872
0.130017
0.128565
0.126729
0.124856
0.122759
0.121453
0.120225
0.118803
0.117375
0.116602
0.116014
0.115216
0.114977
0.114719
0.114431
0.114223
0.113921
0.113481
0.11283
0.112368
0.111337
0.110724
0.110271
0.110145
0.110333
0.110738
0.11124
0.111619
0.112113
0.112972
0.114021
0.115371
0.116246
0.118031
0.11891
0.120018
0.121054
0.12196
0.122641
0.123254
0.123766
0.124112
0.124325
0.12437
0.12419
0.12392
0.123519
0.122986
0.122577
0.122068
0.121395
0.120812
0.120688
0.120747
0.120927
0.121594
0.121794
0.122125
0.122475
0.122718
0.122988
0.123105
0.123029
0.122868
0.122583
0.12224
0.121816
0.121311
0.121135
0.12095
0.120768
0.120655
0.120671
0.120772
0.12079
0.120761
0.120705
0.120589
0.120469
0.1204
0.120358
0.120284
0.120339
0.120475
0.120629
0.120862
0.121154
0.121409
0.121777
0.122859
0.123116
0.124275
0.124996
0.125712
0.126481
0.127235
0.127922
0.128893
0.130323
0.131416
0.132684
0.134182
0.136342
0.139411
0.14111
0.146797
0.148138
0.153452
0.155956
0.158854
0.162175
0.163752
0.165826
0.170128
0.172323
0.17501
0.178259
0.180455
0.182595
0.185187
0.188283
0.190423
0.192565
0.195115
0.198057
0.199969
0.201868
0.20602
0.206897
0.210401
0.212482
0.214438
0.216185
0.218156
0.219449
0.220676
0.221827
0.222915
0.223894
0.22487
0.226248
0.226549
0.22774
0.228642
0.229661
0.230773
0.231673
0.232619
0.233549
0.234716
0.236292
0.23753
0.240132
0.241299
0.242596
0.244023
0.244842
0.245475
0.245955
0.246318
0.246553
0.246689
0.246886
0.247613
0.248231
0.248931
0.249617
0.250254
0.250479
0.250529
0.250351
0.24975
0.249281
0.24882
0.248326
0.247682
0.247098
0.246415
0.245973
0.245225
0.244748
0.244315
0.243921
0.243621
0.243485
0.243468
0.243489
0.243475
0.243362
0.243227
0.242329
0.241473
0.24086
0.240326
0.239886
0.239518
0.239393
0.239327
0.239381
0.239689
0.240016
0.240354
0.240743
0.240691
0.240599
0.239895
0.239449
0.238829
0.238101
0.23759
0.236963
0.23621
0.235801
0.235489
0.235293
0.235225
0.235281
0.235353
0.235536
0.235601
0.235716
0.235815
0.23578
0.235578
0.235428
0.235302
0.23521
0.235109
0.235206
0.235591
0.236084
0.236823
0.237629
0.237898
0.238129
0.238216
0.238127
0.238051
0.237996
0.237962
0.237879
0.237738
0.237617
0.237556
0.237513
0.237392
0.237027
0.236394
0.23615
0.23606
0.236028
0.235927
0.235813
0.235735
0.235735
0.235771
0.235831
0.235755
0.235634
0.235072
0.234834
0.234692
0.234615
0.234676
0.234821
0.235123
0.235758
0.236294
0.236993
0.237381
0.238008
0.238636
0.238975
0.23945
0.239556
0.239586
0.239472
0.239399
0.239371
0.239397
0.23944
0.239336
0.239202
0.239014
0.2386
0.238455
0.238189
0.237936
0.237799
0.23764
0.237508
0.237364
0.237219
0.237063
0.236858
0.236547
0.23623
0.235918
0.235606
0.235603
0.235598
0.235723
0.235821
0.235828
0.23582
0.235775
0.235708
0.235596
0.235599
0.235527
0.235437
0.235211
0.234697
0.234243
0.233685
0.232995
0.232001
0.230807
0.230169
0.229642
0.228883
0.228765
0.228762
0.228765
0.228689
0.228517
0.228238
0.227809
0.2273
0.22671
0.224888
0.224427
0.222356
0.22124
0.220159
0.218853
0.217225
0.216326
0.214771
0.212827
0.211443
0.208614
0.206947
0.205298
0.203669
0.20243
0.200995
0.199598
0.198
0.197211
0.195836
0.194482
0.192957
0.192294
0.191365
0.190614
0.190242
0.18981
0.189302
0.188887
0.187713
0.186908
0.186086
0.185485
0.184772
0.184023
0.183559
0.183184
0.182825
0.182243
0.181556
0.180689
0.180101
0.179443
0.177817
0.176896
0.175907
0.174849
0.173773
0.17287
0.17201
0.170953
0.169806
0.168754
0.167639
0.165056
0.164817
0.163852
0.1617
0.160385
0.15952
0.158694
0.157782
0.156675
0.155874
0.0596504
0.0500499
0.0409541
0.032302
0.0256182
0.0191647
0.0113039
0.00207851
0.00403775
0.0101014
0.0160642
0.0305274
0.0319278
0.0429314
0.0483728
0.0537665
0.0603318
0.0679237
0.072821
0.0775369
0.083114
0.0893035
0.0969677
0.101629
0.102548
0.109692
0.114035
0.118166
0.122056
0.125867
0.128914
0.131935
0.135004
0.138086
0.144966
0.146517
0.152582
0.156099
0.159299
0.161629
0.163825
0.166535
0.169294
0.172871
0.175418
0.178039
0.181325
0.185342
0.188047
0.193203
0.193203
0.199492
0.20276
0.206097
0.20884
0.211537
0.214909
0.219015
0.221047
0.224429
0.22859
0.230694
0.234239
0.237832
0.243988
0.24528
0.250334
0.253503
0.256604
0.259024
0.261335
0.264024
0.267134
0.269262
0.271388
0.273909
0.276732
0.278464
0.281825
0.283916
0.286064
0.288142
0.290096
0.292245
0.29364
0.294997
0.296605
0.298358
0.299229
0.300679
0.302206
0.304041
0.304967
0.306515
0.308271
0.309128
0.311747
0.313334
0.315084
0.31656
0.318487
0.320928
0.322521
0.324004
0.325774
0.32779
0.329016
0.330203
0.331608
0.333158
0.334169
0.336033
0.336952
0.338206
0.339597
0.341306
0.342438
0.343575
0.344714
0.346051
0.347594
0.348617
0.349584
0.351645
0.352099
0.352951
0.353841
0.354634
0.355195
0.355324
0.355353
0.355363
0.355532
0.355734
0.356023
0.356432
0.357979
0.359241
0.360422
0.361671
0.363369
0.365139
0.366517
0.36781
0.369972
0.371137
0.372567
0.374049
0.374947
0.37592
0.376885
0.377414
0.377876
0.378466
0.379061
0.379606
0.380255
0.381056
0.383354
0.383958
0.386435
0.387834
0.389136
0.390267
0.391123
0.39191
0.392733
0.393404
0.393752
0.394057
0.394363
0.394677
0.394844
0.395018
0.39531
0.39531
0.395245
0.395205
0.395185
0.395178
0.395195
0.395227
0.395321
0.395465
0.395525
0.395533
0.395527
0.395634
0.395725
0.39597
0.396473
0.397501
0.398164
0.398781
0.399376
0.39977
0.400183
0.400571
0.40106
0.401542
0.402203
0.402677
0.403169
0.404563
0.405577
0.406216
0.406783
0.407304
0.407833
0.408436
0.410228
0.410433
0.411283
0.4135
0.414044
0.416083
0.417143
0.418343
0.419136
0.419884
0.420678
0.42146
0.42195
0.422426
0.423122
0.424183
0.424919
0.425631
0.426546
0.42774
0.428558
0.42941
0.431301
0.432368
0.433529
0.434212
0.435309
0.436572
0.437463
0.438331
0.43914
0.440078
0.441752
0.442152
0.444002
0.445284
0.446609
0.447615
0.448858
0.450407
0.451421
0.452378
0.453188
0.453993
0.454704
0.455019
0.455271
0.455541
0.455461
0.455199
0.454854
0.454422
0.453876
0.453078
0.452055
0.451427
0.450924
0.450518
0.450252
0.449687
0.449558
0.449337
0.449321
0.44929
0.449319
0.449323
0.449166
0.448713
0.448334
0.447921
0.447437
0.446805
0.446133
0.445726
0.44477
0.443987
0.443219
0.442568
0.442029
0.44123
0.440251
0.439524
0.438559
0.437377
0.436807
0.436033
0.434967
0.433467
0.432412
0.431364
0.428965
0.427155
0.425784
0.423928
0.42295
0.421718
0.420976
0.420955
0.42154
0.422575
0.42468
0.428287
0.431204
0.435231
0.440485
0.44428
0.452488
0.457965
0.464735
0.469342
0.473971
0.479819
0.486753
0.491371
0.497112
0.503929
0.508502
0.513081
0.517711
0.523486
0.530155
0.534444
0.538682
0.548914
0.552935
0.558048
0.563212
0.568365
0.574671
0.57895
0.581108
0.585383
0.59467
0.59949
0.602287
0.607635
0.612513
0.615492
0.618312
0.621617
0.625401
0.627772
0.630045
0.632184
0.636524
0.638816
0.641173
0.643513
0.645436
0.647377
0.64978
0.652732
0.654831
0.656961
0.659082
0.663241
0.665676
0.668573
0.670466
0.672291
0.674561
0.677211
0.678859
0.680476
0.683622
0.684404
0.687381
0.689052
0.690859
0.69165
0.69276
0.693719
0.694247
0.694676
0.695109
0.695687
0.697748
0.698361
0.699789
0.701874
0.704536
0.70636
0.708686
0.711567
0.713558
0.718383
0.721236
0.724221
0.726686
0.729139
0.73209
0.735464
0.737547
0.740007
0.74275
0.744528
0.74623
0.747867
0.751173
0.752869
0.754574
0.756241
0.757887
0.7596
0.76107
0.762538
0.764371
0.766417
0.767696
0.768839
0.770878
0.771929
0.773312
0.774741
0.77585
0.776965
0.778456
0.77997
0.781593
0.782549
0.784417
0.785728
0.787039
0.7881
0.789371
0.790845
0.791813
0.792676
0.793442
0.794345
0.795419
0.796585
0.797239
0.797768
0.79813
0.798377
0.798589
0.798747
0.798831
0.79892
0.798956
0.798882
0.798873
0.798918
0.799004
0.798993
0.799017
0.799196
0.799454
0.799888
0.800509
0.801055
0.801676
0.802422
0.803282
0.803842
0.804325
0.804735
0.805514
0.805566
0.805946
0.806037
0.805939
0.805732
0.805505
0.805111
0.804557
0.804125
0.803676
0.803454
0.803451
0.803595
0.803746
0.803789
0.803614
0.803151
0.802751
0.802274
0.801683
0.800708
0.799109
0.797871
0.795085
0.793597
0.792156
0.790045
0.787886
0.786743
0.785136
0.783476
0.779933
0.777792
0.776411
0.775
0.773515
0.771642
0.769508
0.76824
0.767068
0.765984
0.764687
0.762485
0.762485
0.76039
0.759382
0.758367
0.757499
0.756406
0.755036
0.754328
0.753347
0.751983
0.750146
0.749123
0.747204
0.742729
0.742256
0.740309
0.735819
0.734799
0.732793
0.728586
0.726589
0.724919
0.125124
0.123723
0.12259
0.12179
0.121175
0.120746
0.120518
0.120748
0.121217
0.122082
0.122996
0.125661
0.127388
0.129157
0.130973
0.132465
0.134481
0.137267
0.139286
0.141375
0.143545
0.146447
0.150159
0.152668
0.155231
0.162169
0.162924
0.166054
0.17369
0.179266
0.183117
0.187028
0.190924
0.195869
0.201856
0.205896
0.209958
0.214001
0.219051
0.228155
0.23012
0.237839
0.242647
0.247521
0.25356
0.257661
0.262714
0.266698
0.270601
0.274425
0.278141
0.282677
0.291315
0.292131
0.298389
0.302031
0.305604
0.308442
0.312074
0.316484
0.319468
0.323346
0.328307
0.331673
0.335048
0.338345
0.342401
0.347133
0.350228
0.356311
0.359935
0.36353
0.36706
0.369781
0.372421
0.374948
0.378017
0.381527
0.383226
0.388049
0.389107
0.393248
0.395336
0.397532
0.399756
0.402453
0.405611
0.407746
0.409867
0.412456
0.415412
0.419108
0.420972
0.422913
0.425428
0.428669
0.430873
0.432986
0.43536
0.437775
0.440201
0.441721
0.44319
0.444335
0.445724
0.447468
0.448612
0.449748
0.450836
0.452021
0.453241
0.454075
0.454945
0.456013
0.456965
0.457681
0.457835
0.457261
0.457138
0.455893
0.455206
0.454315
0.453344
0.452829
0.452457
0.452257
0.452114
0.451942
0.451606
0.451404
0.451109
0.450911
0.450699
0.450428
0.450034
0.448777
0.447796
0.446644
0.44532
0.444089
0.442772
0.441005
0.438798
0.437368
0.435992
0.434703
0.43207
0.430754
0.429423
0.427959
0.426725
0.425088
0.423137
0.421856
0.420639
0.419386
0.416513
0.414802
0.414446
0.412985
0.409666
0.407761
0.406167
0.404146
0.402202
0.399874
0.398223
0.396519
0.394726
0.392404
0.389668
0.387909
0.384629
0.382711
0.381
0.379513
0.378356
0.377203
0.375735
0.374013
0.373186
0.371939
0.370529
0.369614
0.367972
0.367187
0.366072
0.364846
0.363305
0.362159
0.360986
0.359812
0.35862
0.357091
0.355158
0.352505
0.351271
0.350045
0.348568
0.346787
0.345877
0.344233
0.341927
0.340246
0.338443
0.333997
0.331426
0.328737
0.325982
0.323255
0.320569
0.318417
0.315639
0.312789
0.309264
0.306916
0.30452
0.302158
0.299263
0.295952
0.293907
0.291942
0.287332
0.286893
0.283614
0.281731
0.279864
0.277991
0.276525
0.275065
0.273565
0.271679
0.269884
0.267755
0.26665
0.26329
0.262545
0.261065
0.257581
0.256806
0.255266
0.253436
0.250581
0.249997
0.247867
0.246953
0.245818
0.244448
0.243492
0.242533
0.241654
0.239914
0.238905
0.237556
0.235711
0.234407
0.233134
0.231564
0.229589
0.228224
0.226505
0.225078
0.223661
0.220576
0.219867
0.218448
0.215539
0.214942
0.212667
0.211568
0.210245
0.20862
0.207551
0.206444
0.205373
0.20432
0.20207
0.201629
0.200572
0.199935
0.199419
0.199122
0.198888
0.198749
0.198695
0.198561
0.198466
0.198409
0.198196
0.198032
0.197743
0.197408
0.19696
0.196279
0.195644
0.194898
0.193119
0.191946
0.191946
0.1905
0.190239
0.189734
0.188804
0.18861
0.187149
0.185217
0.181443
0.178111
0.174181
0.16968
0.163417
0.154977
0.148862
0.142378
0.12868
0.121522
0.114191
0.10674
0.0917799
0.0823957
0.0730816
0.0638842
0.0548024
0.0457567
0.0384955
0.029317
0.0180886
0.0124687
0.00323711
0.0076661
0.014896
0.023791
0.0307166
0.0374421
0.0536618
0.0552614
0.0678713
0.0756218
0.0848316
0.0909066
0.0969086
0.102901
0.110294
0.119106
0.123521
0.130963
0.139965
0.14592
0.151842
0.166578
0.172385
0.179518
0.185157
0.192196
0.20049
0.204544
0.211223
0.219239
0.223239
0.229934
0.237899
0.241813
0.248246
0.259383
0.261759
0.270973
0.275396
0.279729
0.284997
0.291229
0.295396
0.299643
0.30393
0.309326
0.315831
0.324053
0.328743
0.33303
0.336951
0.339936
0.343664
0.347557
0.350711
0.353903
0.360592
0.3649
0.369169
0.372609
0.376004
0.380064
0.384834
0.388055
0.391289
0.395276
0.4
0.402397
0.409656
0.413736
0.417785
0.420944
0.424793
0.42912
0.431156
0.433755
0.436897
0.440678
0.443156
0.445558
0.451278
0.451849
0.456455
0.45875
0.460953
0.463633
0.466711
0.468743
0.470741
0.4732
0.476047
0.477415
0.48163
0.483308
0.485487
0.48822
0.489976
0.492103
0.494195
0.495801
0.497728
0.500054
0.501638
0.503284
0.504955
0.508132
0.509501
0.510671
0.5117
0.513666
0.514856
0.516079
0.516856
0.518141
0.519522
0.520189
0.521289
0.522523
0.523315
0.524933
0.52592
0.52723
0.528165
0.529104
0.529998
0.530872
0.531988
0.533203
0.535237
0.536507
0.537576
0.538407
0.538934
0.539321
0.539577
0.539649
0.539515
0.539388
0.539344
0.539363
