0.564605
0.558409
0.550789
0.541665
0.535651
0.529756
0.522412
0.513566
0.507647
0.501666
0.494146
0.485057
0.478986
0.465701
0.458397
0.45103
0.445088
0.439144
0.431655
0.422693
0.418203
0.410786
0.401926
0.396071
0.390255
0.377438
0.370332
0.363225
0.356096
0.349054
0.342072
0.336585
0.329822
0.321724
0.316335
0.309533
0.301423
0.296031
0.289388
0.281392
0.277362
0.270642
0.262659
0.258692
0.248341
0.243321
0.23833
0.233374
0.196552
0.196552
0.18966
0.184016
0.176879
0.168181
0.163832
0.156671
0.148398
0.144374
0.137864
0.130479
0.12691
0.121124
0.114473
0.10593
0.101805
0.0977376
0.0936688
0.0884982
0.0832489
0.0769763
0.0728097
0.0686922
0.0599044
0.055192
0.0542642
0.0469897
0.0427039
0.0378821
0.0347123
0.0314955
0.0274362
0.0224144
0.0190102
0.0147487
0.0104867
0.00797442
0.00474117
0.00299294
0.00456761
0.0077179
0.0149323
0.0190345
0.0232038
0.0265696
0.029872
0.033916
0.0387795
0.042034
0.0453068
0.0485434
0.055682
0.0596006
0.0635374
0.0667225
0.0705561
0.0749509
0.0777807
0.0804466
0.0829446
0.0852109
0.0896085
0.0916902
0.0935143
0.0948436
0.0961499
0.0977782
0.0998466
0.101263
0.102671
0.104343
0.105981
0.107908
0.108857
0.110507
0.112639
0.114156
0.117743
0.1198
0.12231
0.123945
0.125498
0.126922
0.128557
0.12997
0.130738
0.13295
0.13343
0.135156
0.135954
0.136522
0.137084
0.137583
0.138322
0.139321
0.140103
0.141096
0.142349
0.143119
0.143715
0.144099
0.143968
0.143646
0.143196
0.142629
0.140932
0.140505
0.138643
0.13769
0.136399
0.13505
0.133245
0.132262
0.130627
0.128708
0.127497
0.126285
0.125111
0.123673
0.12204
0.121049
0.118976
0.117867
0.116698
0.115742
0.114708
0.113357
0.11155
0.110227
0.108856
0.107159
0.105264
0.104058
0.102818
0.0998258
0.097915
0.0957672
0.0939329
0.0920619
0.0901597
0.0878574
0.0852581
0.0835499
0.0818818
0.078345
0.0763489
0.0742204
0.0724567
0.0702769
0.0678039
0.0663237
0.0649533
0.0634859
0.0619563
0.0610373
0.0601263
0.0591689
0.0579704
0.0567696
0.0552242
0.0531799
0.0521509
0.0510939
0.0500556
0.0491029
0.04739
0.0470674
0.0464392
0.0448193
0.0436189
0.0423251
0.0412069
0.0400647
0.0386155
0.0369819
0.0358924
0.0343957
0.0325757
0.0313331
0.0300079
0.0286799
0.0270542
0.0251632
0.0228066
0.0217864
0.0206876
0.0196799
0.0191368
0.0187003
0.0182864
0.0177977
0.0172284
0.0164352
0.0159934
0.014326
0.0141529
0.0127223
0.0120538
0.0114909
0.0111219
0.0110668
0.0114516
0.01171
0.0122064
0.0130405
0.014815
0.0161892
0.0173304
0.0187525
0.020239
0.0220368
0.0232631
0.0244466
0.0255606
0.0267543
0.0279743
0.0287114
0.029378
0.0304818
0.030622
0.0309291
0.0309193
0.0308571
0.0307531
0.0306062
0.0302858
0.029969
0.0299575
0.0301857
0.0305641
0.0310618
0.031721
0.0325442
0.0337213
0.0344267
0.0351481
0.0358252
0.0362488
0.0365988
0.0368205
0.0368344
0.0368494
0.0369667
0.0370616
0.0373023
0.0376006
0.0378919
0.0384484
0.0388837
0.0394008
0.0398657
0.0401799
0.0404989
0.0407981
0.0410057
0.0413335
0.0419014
0.0429063
0.043894
0.0451354
0.0465622
0.0503648
0.0527815
0.0554779
0.0584646
0.061556
0.0641122
0.0667549
0.069406
0.0727194
0.0767618
0.0794569
0.0821476
0.0879547
0.0909777
0.0938235
0.0960538
0.0982965
0.101104
0.104588
0.106358
0.109392
0.112451
0.114835
0.119168
0.121476
0.124038
0.125608
0.127151
0.128753
0.13081
0.133229
0.13443
0.138175
0.140194
0.142159
0.144176
0.146289
0.14834
0.149878
0.1514
0.152882
0.154729
0.156904
0.15795
0.159686
0.161747
0.162736
0.165679
0.166993
0.16831
0.169301
0.170226
0.171305
0.172345
0.172839
0.173284
0.173731
0.174672
0.175273
0.175973
0.176775
0.178763
0.179958
0.181153
0.182164
0.183632
0.185689
0.186745
0.188378
0.190125
0.19123
0.192253
0.19312
0.194493
0.194969
0.195399
0.195782
0.196416
0.197343
0.197917
0.198973
0.200296
0.201124
0.201836
0.202394
0.203104
0.203156
0.203186
0.203235
0.203258
0.203513
0.203513
0.203071
0.202958
0.202641
0.202462
0.202423
0.202307
0.202671
0.202761
0.203812
0.204487
0.205129
0.205587
0.205931
0.206167
0.206291
0.206348
0.206465
0.206757
0.207261
0.208071
0.208711
0.209447
0.211566
0.212112
0.213209
0.215152
0.216124
0.216969
0.217378
0.217746
0.218129
0.218589
0.218864
0.219142
0.219401
0.219752
0.220359
0.220911
0.22242
0.223368
0.22356
0.225322
0.226278
0.227224
0.22789
0.228449
0.228828
0.229274
0.229887
0.230385
0.230671
0.231484
0.232188
0.233066
0.23382
0.234659
0.235315
0.235563
0.235678
0.235736
0.235788
0.235846
0.235926
0.235957
0.235914
0.235907
0.235976
0.236037
0.235975
0.2358
0.235578
0.23535
0.235404
0.235512
0.23557
0.235603
0.235652
0.235848
0.236018
0.236199
0.236301
0.236082
0.235911
0.235792
0.235776
0.235831
0.236046
0.236423
0.236718
0.237236
0.238029
0.239066
0.239718
0.240519
0.241339
0.241705
0.242561
0.242715
0.242979
0.243288
0.243492
0.243862
0.244104
0.244481
0.244795
0.244969
0.2451
0.245264
0.245674
0.24584
0.246077
0.246264
0.246423
0.246627
0.246852
0.247191
0.24725
0.247409
0.24735
0.247267
0.247246
0.247346
0.24757
0.247791
0.248153
0.248412
0.248588
0.248715
0.248884
0.248929
0.249007
0.249119
0.249193
0.249256
0.249202
0.24903
0.248782
0.248347
0.24759
0.246331
0.245683
0.245583
0.245011
0.244906
0.24507
0.245288
0.245526
0.24581
0.246181
0.246672
0.246939
0.24752
0.248388
0.248977
0.249793
0.250824
0.251921
0.253208
0.254361
0.255428
0.256201
0.257126
0.258108
0.258668
0.259225
0.259831
0.260447
0.26117
0.262055
0.263378
0.264213
0.264382
0.265664
0.266344
0.26716
0.267737
0.268428
0.269233
0.270204
0.271537
0.273138
0.274197
0.276221
0.277087
0.277729
0.278495
0.27947
0.280133
0.280826
0.281519
0.28247
0.013776
0.013776
0.0278974
0.0352672
0.0422356
0.0475153
0.0538389
0.0611165
0.0645801
0.0701535
0.0766342
0.0798062
0.0850675
0.091208
0.0942098
0.102854
0.104675
0.110909
0.115248
0.120226
0.12342
0.126463
0.130152
0.134566
0.137448
0.140201
0.142873
0.148542
0.149736
0.154518
0.156833
0.159117
0.161322
0.163881
0.16668
0.169589
0.171073
0.172823
0.174709
0.175956
0.177242
0.179001
0.181267
0.18241
0.183971
0.18592
0.188259
0.189923
0.193921
0.194812
0.196591
0.2005
0.202462
0.204203
0.205423
0.206835
0.208559
0.209706
0.210818
0.212242
0.213869
0.214591
0.215749
0.217193
0.217934
0.219248
0.220952
0.222112
0.224929
0.22645
0.227788
0.228862
0.229668
0.230344
0.231057
0.231541
0.232328
0.233504
0.235089
0.236168
0.2376
0.239406
0.240262
0.241616
0.243297
0.244523
0.246162
0.247941
0.250172
0.253233
0.254847
0.256849
0.259326
0.260625
0.262808
0.265503
0.267292
0.269372
0.271678
0.272786
0.27467
0.276937
0.278419
0.279832
0.281431
0.2841
0.285693
0.287203
0.288485
0.289463
0.290118
0.290634
0.291074
0.291474
0.291709
0.291613
0.291366
0.290988
0.290452
0.290029
0.289524
0.289028
0.288439
0.287873
0.287531
0.287221
0.286609
0.286224
0.285906
0.285709
0.285604
0.28575
0.285904
0.286271
0.286909
0.287248
0.287719
0.288205
0.288509
0.288959
0.28921
0.289383
0.289536
0.289671
0.289757
0.289882
0.290223
0.290598
0.291029
0.291591
0.292315
0.292824
0.293701
0.294235
0.294641
0.294975
0.295406
0.295914
0.296172
0.296309
0.296318
0.296166
0.295515
0.295121
0.294669
0.294345
0.294239
0.294243
0.294395
0.294848
0.295826
0.296485
0.298555
0.300064
0.301931
0.303119
0.304201
0.30513
0.305959
0.306982
0.308301
0.309837
0.31077
0.311569
0.312126
0.312604
0.313081
0.31422
0.315013
0.316016
0.317005
0.31812
0.319722
0.321747
0.323004
0.324212
0.325581
0.327076
0.328002
0.32882
0.330133
0.330365
0.331178
0.331596
0.331986
0.332344
0.332646
0.332945
0.333135
0.333241
0.33348
0.333936
0.334814
0.335582
0.336533
0.33945
0.34139
0.343399
0.345017
0.34668
0.348886
0.351636
0.35358
0.356124
0.359342
0.361464
0.363529
0.365553
0.369823
0.370747
0.374289
0.376017
0.377705
0.379876
0.382477
0.384221
0.38605
0.387907
0.391992
0.392846
0.394501
0.396121
0.400325
0.402531
0.404359
0.406223
0.408661
0.411654
0.41357
0.415343
0.417023
0.420675
0.422569
0.424276
0.425516
0.426721
0.427887
0.429394
0.431395
0.432418
0.43541
0.436087
0.438855
0.440249
0.442017
0.444069
0.445107
0.446561
0.449482
0.450892
0.452612
0.454742
0.456108
0.457408
0.458659
0.460204
0.462114
0.463484
0.466732
0.466732
0.468889
0.471673
0.473103
0.474529
0.476246
0.478039
0.479082
0.480015
0.481557
0.482405
0.483065
0.483544
0.483838
0.483985
0.48404
0.483888
0.483678
0.483442
0.483237
0.483196
0.48327
0.483443
0.4836
0.483695
0.483961
0.485708
0.487257
0.489345
0.491953
0.499261
0.503022
0.508013
0.514195
0.518444
0.52277
0.528205
0.534657
0.538839
0.543856
0.548766
0.55473
0.557703
0.562511
0.568166
0.571863
0.575479
0.583488
0.587932
0.592284
0.595629
0.59883
0.602753
0.607414
0.610468
0.613415
0.618862
0.621939
0.624933
0.627789
0.629909
0.63187
0.634185
0.637004
0.638517
0.641185
0.643964
0.647804
0.649954
0.652168
0.655012
0.658556
0.660947
0.66398
0.668808
0.67122
0.67413
0.67759
0.679864
0.682089
0.68434
0.687171
0.69067
0.692994
0.695195
0.699274
0.701744
0.704078
0.705445
0.707793
0.710729
0.712688
0.714674
0.719418
0.722672
0.724766
0.726767
0.728604
0.730745
0.733058
0.734057
0.735461
0.736815
0.73754
0.738762
0.739217
0.739594
0.739877
0.739992
0.740002
0.740074
0.740186
0.7404
0.740552
0.740809
0.741173
0.741979
0.742542
0.743084
0.74347
0.74383
0.744253
0.744498
0.744682
0.744865
0.745027
0.745127
0.745129
0.745091
0.745068
0.744958
0.744787
0.74453
0.744151
0.743454
0.742425
0.741658
0.740226
0.73954
0.73914
0.738964
0.739048
0.739286
0.739608
0.739749
0.739901
0.740034
0.740038
0.740053
0.740118
0.740201
0.740326
0.740603
0.741003
0.741167
0.741488
0.741524
0.741433
0.741298
0.74115
0.74093
0.740569
0.740053
0.739295
0.738908
0.737672
0.736922
0.73635
0.735859
0.735366
0.734872
0.733509
0.732326
0.731356
0.730338
0.729353
0.728407
0.727261
0.725841
0.724879
0.723124
0.721949
0.721165
0.720324
0.718865
0.717228
0.715149
0.713844
0.712755
0.711639
0.71053
0.709039
0.707048
0.705667
0.702905
0.701481
0.699567
0.697139
0.695415
0.693176
0.691836
0.689558
0.687234
0.684897
0.683469
0.678502
0.676074
0.674183
0.671808
0.669361
0.667935
0.666065
0.662068
0.661251
0.658317
0.656954
0.655356
0.653422
0.652471
0.650898
0.64925
0.648219
0.64498
0.643047
0.641111
0.63948
0.637731
0.635439
0.632583
0.630579
0.628538
0.626426
0.621804
0.619561
0.617624
0.615861
0.614245
0.613
0.611456
0.610081
0.608804
0.608155
0.607602
0.607074
0.606367
0.605507
0.605046
0.604219
0.603236
0.601984
0.601093
0.600013
0.598756
0.597704
0.596709
0.59554
0.231983
0.226621
0.220478
0.212937
0.209424
0.206133
0.203047
0.199505
0.196275
0.191898
0.190008
0.188299
0.186458
0.185011
0.184127
0.183354
0.182769
0.182612
0.182507
0.182739
0.183253
0.183798
0.184436
0.185301
0.186447
0.187195
0.187934
0.1887
0.190513
0.190975
0.192837
0.194327
0.196338
0.197794
0.199285
0.200762
0.202644
0.204952
0.206482
0.208045
0.21151
0.213457
0.215048
0.21718
0.220025
0.222129
0.225095
0.226993
0.230337
0.23444
0.237235
0.240045
0.246268
0.247631
0.250398
0.255952
0.259297
0.263257
0.265252
0.268515
0.272201
0.274589
0.277589
0.281342
0.283906
0.286513
0.289206
0.295467
0.298909
0.301574
0.304232
0.307478
0.311338
0.313882
0.316348
0.318787
0.324153
0.326889
0.32899
0.331061
0.333107
0.335197
0.340034
0.342614
0.345071
0.347364
0.349092
0.350688
0.352223
0.353663
0.356075
0.357291
0.358455
0.359174
0.359879
0.360853
0.362098
0.362974
0.363961
0.365101
0.367977
0.369557
0.371023
0.372439
0.373706
0.374462
0.375669
0.376725
0.377919
0.378701
0.379401
0.380034
0.3807
0.381402
0.381787
0.382453
0.382701
0.382916
0.383094
0.383286
0.383677
0.384254
0.384816
0.385253
0.385561
0.386036
0.386461
0.386701
0.386872
0.3873
0.387789
0.38825
0.388831
0.389598
0.390209
0.390578
0.390627
0.390612
0.390459
0.390222
0.390101
0.389864
0.389663
0.389575
0.389441
0.389231
0.388993
0.388344
0.387716
0.386578
0.385808
0.384543
0.382534
0.379582
0.37738
0.37444
0.370782
0.368978
0.364321
0.362155
0.360154
0.358357
0.355119
0.353531
0.351932
0.350381
0.349499
0.347709
0.345956
0.344799
0.343588
0.342267
0.34088
0.337397
0.336547
0.332941
0.330447
0.327841
0.325678
0.323483
0.321345
0.318777
0.315926
0.314126
0.312016
0.310411
0.306705
0.305857
0.304113
0.300225
0.298191
0.29667
0.294753
0.292537
0.291012
0.28904
0.286231
0.284675
0.282693
0.281056
0.279408
0.277814
0.276261
0.274281
0.271788
0.268218
0.265929
0.263738
0.262062
0.260101
0.257888
0.256583
0.255452
0.254128
0.252567
0.251778
0.250745
0.248458
0.248263
0.247498
0.246749
0.245027
0.244607
0.243796
0.242715
0.241979
0.241147
0.240286
0.238564
0.237677
0.236785
0.235831
0.23373
0.232892
0.231855
0.23107
0.23026
0.22943
0.228513
0.227142
0.225235
0.222322
0.220741
0.218728
0.216187
0.214445
0.212287
0.210632
0.209007
0.207059
0.204796
0.203378
0.200948
0.199628
0.198536
0.197622
0.197057
0.196581
0.196165
0.196026
0.195929
0.19594
0.196085
0.196181
0.196238
0.196302
0.196401
0.196475
0.196491
0.196551
0.196767
0.19675
0.196741
0.196727
0.196712
0.196588
0.196503
0.196449
0.196578
0.196883
0.197359
0.197772
0.198428
0.199206
0.199705
0.20014
0.200544
0.201099
0.20176
0.202057
0.20226
0.202367
0.202157
0.202103
0.201881
0.201624
0.201318
0.200953
0.200607
0.200303
0.200016
0.199309
0.199124
0.198535
0.197973
0.196948
0.195314
0.19305
0.185456
0.179902
0.173501
0.167917
0.161955
0.155711
0.149291
0.141198
0.126634
0.120187
0.113703
0.105658
0.0961937
0.0915087
0.085244
0.071135
0.03221
0.03221
0.0227916
0.0180156
0.011658
0.00374345
0.00580386
0.0122648
0.0187627
0.0316344
0.0395802
0.0488753
0.0534152
0.0608035
0.0694624
0.0736809
0.0806444
0.0887921
0.0993265
0.100638
0.110908
0.11703
0.121732
0.126321
0.130782
0.136242
0.142516
0.146567
0.151523
0.159397
0.159397
0.168813
0.172429
0.176785
0.181729
0.184093
0.187943
0.192519
0.194836
0.198814
0.203598
0.206641
0.209572
0.215258
0.21794
0.220438
0.223291
0.226462
0.22801
0.231946
0.233849
0.236191
0.238997
0.240369
0.242678
0.245399
0.247201
0.249024
0.252854
0.255272
0.25667
0.258523
0.262227
0.264478
0.267028
0.268276
0.270381
0.272811
0.273961
0.275833
0.278131
0.279675
0.281266
0.284751
0.286577
0.287978
0.289593
0.291366
0.292449
0.293678
0.295002
0.295832
0.296666
0.297558
0.298561
0.301011
0.302445
0.303509
0.304638
0.305571
0.305857
0.306097
0.306178
0.306275
0.306529
0.306981
0.307548
0.30814
0.309631
0.310597
0.311605
0.312375
0.313034
0.313663
0.315316
0.316323
0.317109
0.317932
0.318833
0.319776
0.321055
0.322697
0.324852
0.326119
0.327209
0.327972
0.328642
