0.564285
0.561127
0.548703
0.541146
0.533669
0.526283
0.520353
0.514468
0.50727
0.498699
0.492913
0.485564
0.476635
0.470587
0.464526
0.456901
0.447785
0.441713
0.435665
0.422208
0.414881
0.407513
0.401622
0.395699
0.388364
0.379652
0.373945
0.368323
0.362735
0.35577
0.343186
0.340402
0.329279
0.323802
0.316937
0.308634
0.303098
0.29761
0.290795
0.282785
0.277598
0.271185
0.26358
0.259863
0.253794
0.246533
0.24161
0.231488
0.224891
0.21815
0.211371
0.20602
0.199373
0.191582
0.186553
0.18157
0.176677
0.170681
0.163588
0.158944
0.149774
0.14398
0.136871
0.132095
0.126179
0.120291
0.115688
0.110169
0.103699
0.0994826
0.0953448
0.0913366
0.0865674
0.0810294
0.0772972
0.073528
0.0647929
0.0598247
0.0548273
0.0508395
0.0469306
0.0431631
0.0385502
0.0329567
0.0292009
0.0215757
0.0167234
0.0118023
0.00683461
0.00291808
0.00191702
0.00777154
0.0117012
0.0156606
0.0205639
0.0263977
0.0302632
0.034137
0.0380574
0.0467549
0.0486199
0.0559144
0.060204
0.0642073
0.0678635
0.0706011
0.0731814
0.076151
0.079431
0.0810302
0.0853027
0.0880829
0.0909038
0.0936991
0.0964231
0.0991585
0.101321
0.104032
0.107439
0.109771
0.112183
0.114629
0.119594
0.122116
0.124609
0.127052
0.129941
0.133185
0.135175
0.138883
0.141143
0.143789
0.145038
0.146934
0.148871
0.149811
0.151074
0.154187
0.154923
0.15647
0.158066
0.16175
0.162559
0.165756
0.167255
0.168962
0.170561
0.172311
0.173086
0.173984
0.174948
0.175852
0.176244
0.177094
0.177223
0.177412
0.177244
0.177087
0.17693
0.176799
0.176601
0.176383
0.176269
0.176156
0.176091
0.176091
0.176138
0.17611
0.176044
0.175806
0.175578
0.175138
0.174391
0.173829
0.173274
0.172658
0.171955
0.171406
0.170793
0.169867
0.168395
0.16722
0.164655
0.163008
0.161169
0.160002
0.158829
0.157457
0.155935
0.155165
0.153773
0.151952
0.150723
0.149527
0.147225
0.146791
0.146224
0.144936
0.144364
0.143755
0.143087
0.142404
0.141649
0.141135
0.1403
0.139265
0.138514
0.137759
0.137074
0.136508
0.135442
0.13493
0.13425
0.133525
0.132736
0.131861
0.130938
0.128591
0.128371
0.126575
0.125554
0.124295
0.12298
0.121846
0.120451
0.118817
0.117753
0.116716
0.114893
0.113978
0.113267
0.112684
0.112308
0.11194
0.111492
0.1108
0.110272
0.109525
0.108504
0.107794
0.106841
0.105541
0.105208
0.104239
0.103995
0.104009
0.104018
0.103988
0.103994
0.104082
0.104087
0.103995
0.103765
0.10346
0.10306
0.1019
0.100891
0.100063
0.099057
0.0979856
0.0965563
0.0947085
0.0933369
0.0918204
0.0885106
0.0862782
0.0840267
0.0826828
0.0804048
0.0780153
0.0752007
0.0739155
0.0720795
0.0705709
0.0690458
0.0683158
0.0662197
0.0657777
0.0639897
0.0629104
0.0618035
0.0605559
0.0591548
0.0576376
0.0563171
0.055003
0.0534076
0.0517285
0.0507129
0.0496789
0.0476189
0.0467008
0.0457407
0.0446302
0.044028
0.0430627
0.0418788
0.0410582
0.040239
0.0392811
0.0381732
0.0376213
0.0361771
0.0359203
0.0353386
0.0353856
0.0357999
0.0369311
0.038117
0.0399086
0.0424788
0.0439298
0.0459567
0.0486152
0.0520067
0.0537516
0.0567064
0.0619215
0.0646675
0.0672554
0.0697903
0.0718339
0.0738909
0.0765632
0.0798694
0.0821581
0.0844594
0.0872559
0.0903335
0.0921246
0.0937725
0.0971147
0.098886
0.100739
0.102591
0.104725
0.106176
0.108008
0.109744
0.111069
0.112735
0.114865
0.115922
0.117569
0.119461
0.120787
0.122132
0.125381
0.127407
0.127843
0.129643
0.133963
0.136377
0.13935
0.141406
0.143452
0.145968
0.148424
0.150258
0.151928
0.153913
0.156293
0.157876
0.159525
0.16408
0.16603
0.168499
0.171027
0.173028
0.175558
0.17884
0.1806
0.182982
0.185848
0.189031
0.191055
0.195225
0.197172
0.197532
0.200074
0.201235
0.202712
0.20467
0.206057
0.207568
0.209162
0.21079
0.214295
0.214996
0.217366
0.218495
0.219339
0.220125
0.22076
0.221488
0.222355
0.22282
0.223417
0.22416
0.224952
0.225907
0.226459
0.226981
0.22868
0.22888
0.229707
0.231598
0.231981
0.23334
0.233922
0.234254
0.23443
0.234556
0.234828
0.235098
0.235633
0.236453
0.237072
0.237775
0.238817
0.240255
0.241239
0.242125
0.243765
0.243873
0.244429
0.24464
0.244781
0.244916
0.244982
0.24504
0.245068
0.24517
0.245337
0.245714
0.246082
0.246634
0.247328
0.247681
0.248226
0.249144
0.249341
0.24965
0.249947
0.24995
0.249946
0.249952
0.249883
0.251808
0.251808
0.252926
0.254454
0.255443
0.25627
0.257419
0.257552
0.25771
0.258001
0.258047
0.25822
0.258252
0.258194
0.258114
0.258106
0.258085
0.257973
0.257743
0.257203
0.257021
0.256992
0.257007
0.256968
0.25694
0.256894
0.256925
0.257035
0.257211
0.257267
0.257178
0.256681
0.256648
0.256539
0.256557
0.256736
0.257075
0.257449
0.257968
0.25876
0.259786
0.260426
0.261059
0.261765
0.262489
0.262874
0.2632
0.263666
0.263698
0.263749
0.263911
0.264048
0.264177
0.264143
0.264082
0.263905
0.263718
0.263639
0.263331
0.263331
0.263117
0.262987
0.262957
0.262918
0.262808
0.262657
0.26253
0.262313
0.262033
0.26169
0.261485
0.261443
0.261383
0.261393
0.261426
0.261388
0.261259
0.261033
0.260641
0.260476
0.26035
0.260193
0.25969
0.259329
0.259101
0.257998
0.257105
0.255815
0.254898
0.254061
0.253371
0.252785
0.252311
0.25174
0.251688
0.251605
0.251465
0.251198
0.250881
0.249471
0.248386
0.247046
0.245765
0.244028
0.241693
0.240459
0.238827
0.236813
0.23434
0.232565
0.23073
0.226428
0.223894
0.221379
0.219441
0.217043
0.214192
0.212368
0.21063
0.208913
0.206818
0.204343
0.202648
0.200953
0.197331
0.195591
0.194098
0.193113
0.192184
0.191051
0.189705
0.188715
0.187601
0.186142
0.184352
0.183483
0.181008
0.180496
0.178523
0.177648
0.176531
0.174988
0.173931
0.172855
0.17178
0.17034
0.168844
0.167048
0.165826
0.164548
0.161605
0.159922
0.158303
0.157004
0.155282
0.153038
0.0609347
0.0516691
0.0444901
0.0374707
0.0305467
0.0237626
0.00751372
0.00595587
0.0058839
0.0127754
0.0193045
0.0254957
0.0302733
0.0359894
0.0426674
0.0470773
0.0526339
0.0592733
0.0625424
0.0679508
0.0742555
0.0773564
0.0825456
0.0887853
0.0918578
0.0968698
0.10555
0.107389
0.114274
0.117425
0.120441
0.124163
0.128563
0.131416
0.134255
0.137722
0.141605
0.14348
0.149111
0.152271
0.156197
0.158812
0.161451
0.164147
0.167487
0.17066
0.173016
0.177157
0.179511
0.181871
0.183835
0.186497
0.189353
0.192893
0.194665
0.197704
0.201373
0.203134
0.205982
0.209445
0.211837
0.216782
0.22
0.223173
0.226399
0.229011
0.232231
0.236123
0.23812
0.241453
0.245511
0.247534
0.250768
0.254401
0.256155
0.261417
0.262571
0.267083
0.269192
0.271658
0.274572
0.276086
0.278591
0.281407
0.283172
0.284818
0.28683
0.289238
0.290893
0.294182
0.295802
0.297759
0.300061
0.301496
0.303094
0.304642
0.305329
0.306151
0.307117
0.308128
0.308723
0.309265
0.310164
0.310331
0.310989
0.311392
0.312048
0.312822
0.313899
0.314715
0.315712
0.316582
0.31724
0.317873
0.318947
0.319565
0.320182
0.320557
0.320918
0.321271
0.321715
0.322118
0.322771
0.32363
0.324067
0.324824
0.325748
0.326293
0.326834
0.327988
0.328417
0.32886
0.329389
0.329799
0.330029
0.33005
0.329929
0.329677
0.329226
0.328915
0.328701
0.328547
0.32854
0.328695
0.329025
0.330474
0.331649
0.332959
0.334439
0.335939
0.337358
0.338367
0.339228
0.340001
0.340771
0.342635
0.343043
0.343773
0.345203
0.345319
0.346107
0.346623
0.347169
0.347854
0.348544
0.349404
0.350656
0.352437
0.353684
0.355132
0.356738
0.357452
0.359437
0.359642
0.360405
0.361658
0.362297
0.362683
0.363114
0.363516
0.363801
0.364173
0.364501
0.364572
0.364655
0.364708
0.364786
0.364837
0.365005
0.365107
0.365327
0.365708
0.366268
0.366689
0.367191
0.368005
0.369187
0.369897
0.370953
0.373772
0.374418
0.376938
0.378455
0.379841
0.380948
0.381996
0.383294
0.3848
0.385852
0.386899
0.388208
0.389919
0.391094
0.392255
0.394611
0.395081
0.396984
0.39828
0.399644
0.401113
0.402998
0.404357
0.405753
0.407087
0.408302
0.409714
0.411379
0.412198
0.414356
0.415346
0.416105
0.416839
0.417834
0.419224
0.420165
0.421296
0.422687
0.423655
0.424616
0.425597
0.427738
0.428939
0.430229
0.431235
0.432202
0.433134
0.434089
0.436221
0.436651
0.43748
0.439303
0.439726
0.441658
0.44298
0.444076
0.445387
0.446963
0.448063
0.449165
0.45023
0.451402
0.452531
0.45315
0.45408
0.454558
0.454864
0.454998
0.455025
0.454865
0.454479
0.454089
0.453618
0.45312
0.452547
0.452106
0.45198
0.451913
0.451608
0.451528
0.451464
0.45153
0.451581
0.451661
0.451715
0.451675
0.451497
0.451135
0.450304
0.450077
0.449221
0.448792
0.448404
0.448013
0.447627
0.447239
0.446923
0.446631
0.445781
0.445273
0.444524
0.443469
0.44271
0.44196
0.440998
0.44004
0.439739
0.440513
0.441688
0.443825
0.447142
0.449703
0.452458
0.455469
0.459544
0.464651
0.468076
0.471524
0.479645
0.484559
0.489695
0.49388
0.499084
0.505322
0.508506
0.512789
0.518239
0.523736
0.532607
0.537031
0.542578
0.549107
0.553437
0.557738
0.561976
0.567276
0.573643
0.577932
0.582208
0.591353
0.5933
0.597164
0.605547
0.610092
0.614729
0.618472
0.623128
0.627849
0.633646
0.636575
0.641379
0.646953
0.650455
0.653819
0.657044
0.663612
0.666791
0.669727
0.671919
0.674045
0.676535
0.679308
0.68098
0.682518
0.683976
0.685794
0.688026
0.691086
0.692651
0.694593
0.697012
0.698743
0.700479
0.702614
0.705089
0.706614
0.708116
0.70997
0.712078
0.713463
0.714828
0.71793
0.718226
0.720539
0.721961
0.722772
0.723991
0.72507
0.726143
0.728042
0.728042
0.728396
0.728747
0.729166
0.729778
0.732018
0.733793
0.735947
0.738257
0.739648
0.741539
0.743908
0.746822
0.748818
0.750907
0.756463
0.757047
0.759457
0.765101
0.768205
0.770651
0.773591
0.776991
0.779185
0.781904
0.785034
0.786534
0.78889
0.791566
0.793336
0.795073
0.797173
0.799656
0.801371
0.80309
0.806784
0.808607
0.810264
0.81139
0.812425
0.813459
0.814778
0.816386
0.817165
0.818424
0.82001
0.822046
0.823069
0.82376
0.824431
0.825357
0.826444
0.826964
0.82773
0.828501
0.828851
0.829325
0.829634
0.829751
0.829939
0.829944
0.829889
0.829411
0.828919
0.828312
0.827806
0.827258
0.826674
0.825451
0.82458
0.823633
0.822761
0.822106
0.821441
0.820526
0.819496
0.818851
0.81814
0.817684
0.817359
0.816922
0.816782
0.816688
0.816535
0.816319
0.816078
0.81578
0.815339
0.814885
0.813875
0.813097
0.812128
0.811051
0.810132
0.809136
0.808118
0.806784
0.805232
0.804382
0.8031
0.802516
0.801914
0.801258
0.800626
0.799666
0.798326
0.797566
0.796092
0.793876
0.792081
0.790124
0.785772
0.782859
0.779969
0.777056
0.774063
0.771559
0.768288
0.764318
0.761762
0.758667
0.756243
0.75381
0.750667
0.746818
0.741881
0.741297
0.737359
0.73469
0.731516
0.729473
0.146071
0.145024
0.144364
0.144013
0.143957
0.144094
0.144396
0.144929
0.145826
0.147172
0.147919
0.14931
0.151082
0.151998
0.15499
0.156814
0.158869
0.161199
0.163751
0.166546
0.168945
0.172056
0.175853
0.177818
0.181174
0.185292
0.188127
0.190958
0.19382
0.19749
0.205293
0.208651
0.213003
0.218373
0.221136
0.225764
0.231299
0.233976
0.237387
0.241415
0.245996
0.249024
0.252047
0.258586
0.262122
0.265686
0.268491
0.271193
0.274527
0.278597
0.280722
0.284375
0.288921
0.29208
0.298602
0.30268
0.306659
0.310626
0.31375
0.316866
0.320727
0.325229
0.327465
0.334029
0.335409
0.337436
0.340764
0.347409
0.348091
0.353667
0.356397
0.359068
0.362269
0.365912
0.368188
0.370395
0.374482
0.376729
0.379136
0.380576
0.381975
0.383692
0.385502
0.387723
0.389245
0.390868
0.392642
0.394988
0.397809
0.399599
0.403001
0.40494
0.406841
0.408648
0.409972
0.411272
0.412859
0.4146
0.415408
0.416623
0.417957
0.418746
0.420134
0.420869
0.421612
0.422303
0.422906
0.423627
0.424571
0.425608
0.426293
0.427028
0.427764
0.429272
0.429548
0.430057
0.431204
0.431986
0.432705
0.433552
0.434673
0.435835
0.436378
0.436732
0.437104
0.437144
0.437167
0.437163
0.437138
0.437173
0.437207
0.437252
0.437236
0.437084
0.436601
0.436399
0.436192
0.436015
0.435744
0.435118
0.433894
0.432789
0.431464
0.429568
0.427119
0.425409
0.423699
0.420496
0.418764
0.417239
0.415732
0.414473
0.412874
0.411329
0.410064
0.408798
0.407228
0.405269
0.40383
0.400713
0.398977
0.396665
0.393706
0.391565
0.389354
0.387065
0.384732
0.379591
0.378497
0.374386
0.371518
0.369708
0.367912
0.366044
0.364138
0.361677
0.358729
0.356799
0.353155
0.350877
0.348657
0.346371
0.344489
0.342574
0.34024
0.337438
0.335514
0.333566
0.331188
0.328417
0.327002
0.322046
0.319431
0.317328
0.315294
0.312844
0.310546
0.307938
0.306365
0.304639
0.30268
0.301383
0.300073
0.29879
0.297553
0.294859
0.294605
0.293605
0.291618
0.290376
0.289457
0.288492
0.28728
0.28569
0.28461
0.283552
0.282477
0.281124
0.279407
0.278235
0.276091
0.274809
0.273343
0.272349
0.271322
0.270189
0.268543
0.266367
0.26518
0.263083
0.260499
0.258709
0.255003
0.252707
0.250459
0.248202
0.246339
0.243961
0.24101
0.239526
0.237031
0.234258
0.232991
0.231123
0.229381
0.228451
0.227704
0.226581
0.226527
0.226398
0.226449
0.226529
0.226682
0.226818
0.226948
0.227116
0.227269
0.227523
0.227701
0.227781
0.227849
0.227904
0.227829
0.227756
0.227741
0.227824
0.228021
0.228345
0.228861
0.229207
0.230287
0.230737
0.231232
0.231844
0.232317
0.232744
0.23311
0.233378
0.233637
0.23405
0.234313
0.235491
0.236119
0.236636
0.236951
0.237145
0.237297
0.237426
0.237381
0.237251
0.237148
0.23701
0.236983
0.236919
0.236642
0.236394
0.236174
0.235817
0.235414
0.235201
0.234936
0.234707
0.234741
0.234877
0.234821
0.234063
0.232416
0.229957
0.226632
0.222446
0.217504
0.211942
0.20713
0.202005
0.193687
0.184883
0.178821
0.172569
0.166116
0.157859
0.147874
0.141195
0.132925
0.123172
0.0820325
0.0820325
0.0763633
0.0706713
0.063522
0.0548479
0.048899
0.0428287
0.0290477
0.0212878
0.0197185
0.00714744
0.000864748
0.00684118
0.0159296
0.0204192
0.0278919
0.0367812
0.0425765
0.048296
0.0553296
0.0635125
0.0675025
0.0804983
0.0869915
0.0922634
0.0989871
0.10567
0.110883
0.116006
0.121093
0.132175
0.137941
0.142368
0.147767
0.154144
0.158309
0.162428
0.167508
0.173569
0.176548
0.18152
0.187408
0.190333
0.199225
0.201249
0.205322
0.214387
0.219394
0.223388
0.22832
0.234065
0.237833
0.241608
0.245329
0.249833
0.256896
0.262252
0.264948
0.269484
0.274837
0.278333
0.281782
0.28512
0.289115
0.293721
0.296651
0.299512
0.305668
0.309069
0.31186
0.3155
0.319942
0.322973
0.325946
0.329462
0.333237
0.334918
0.337338
0.339709
0.340765
0.343869
0.345474
0.34705
0.348365
0.34968
0.350921
0.352439
0.354162
0.35491
0.355814
0.358168
0.359383
0.360312
0.361022
0.362833
0.363925
0.36508
0.36627
0.36773
0.369135
0.370659
0.372284
0.37296
0.373636
0.374552
0.375604
0.376085
0.376689
0.378127
0.378999
0.379909
0.380731
0.381632
0.382675
0.384143
0.386191
0.387665
0.389173
0.390672
0.394204
0.395972
0.397838
0.399414
0.40094
0.402776
0.404596
0.406006
0.40736
0.409029
0.41108
0.413636
0.415129
