1 0.00872685 2.29571
1 0.0848436 1.99144
1 0.0863654 1.98376
1 0.0869963 1.98213
1 0.0870339 1.98232
1 0.0866563 1.98344
1 0.0865437 1.98475
1 0.0857019 1.98933
1 0.0847336 1.99332
1 0.0838067 1.99672
1 0.0829478 1.99977
1 0.0820149 2.00298
1 0.0811721 2.0058
1 0.0803291 2.00843
1 0.0796337 2.0112
1 0.0791624 2.01387
1 0.0785575 2.01648
1 0.0778655 2.01899
1 0.0771547 2.02141
1 0.0765339 2.02379
1 0.0759891 2.02617
1 0.0754776 2.02849
1 0.0749904 2.03074
1 0.0745258 2.03294
1 0.0741524 2.03524
1 0.0737324 2.03752
1 0.0733731 2.03978
1 0.0729983 2.04199
1 0.0726826 2.04417
1 0.0723619 2.04636
1 0.071977 2.04849
1 0.0715574 2.05058
1 0.0705398 2.0543
1 0.0695749 2.05786
1 0.0687019 2.06134
1 0.0679258 2.06467
1 0.0671569 2.06788
1 0.0664596 2.07094
1 0.0658347 2.07387
1 0.0652402 2.07669
1 0.0646713 2.07943
1 0.0641641 2.08206
1 0.0637195 2.0846
1 0.0633147 2.08705
1 0.0628944 2.08943
1 0.0624669 2.09175
1 0.0620755 2.09399
1 0.0617483 2.09617
1 0.0613828 2.0983
1 0.0609929 2.10037
1 0.0606407 2.10244
1 0.0602794 2.10446
1 0.059917 2.10645
1 0.05955 2.1084
1 0.0592103 2.11031
1 0.0588677 2.11234
1 0.0585391 2.11432
1 0.0582181 2.11625
1 0.0578919 2.11814
1 0.0575039 2.12
1 0.0571348 2.12181
1 0.0567968 2.12358
1 0.0564956 2.12531
1 0.0562276 2.12698
1 0.05592 2.12862
1 0.0555836 2.13022
1 0.0552818 2.13178
1 0.054991 2.13331
1 0.0546797 2.1348
1 0.0543457 2.13627
1 0.0540647 2.13771
1 0.0538056 2.13912
1 0.0535453 2.1405
1 0.0532743 2.14185
1 0.0530343 2.14316
1 0.0527853 2.14479
1 0.0525587 2.14638
1 0.0523341 2.14792
1 0.0521186 2.1494
1 0.0519196 2.15083
1 0.0517215 2.15221
1 0.0515114 2.15354
1 0.0512938 2.15482
1 0.0511129 2.15606
1 0.0509463 2.15724
1 0.0507826 2.15839
1 0.0506361 2.15948
1 0.0504986 2.16053
1 0.050358 2.16155
1 0.0502116 2.16253
1 0.0500627 2.16347
1 0.0499415 2.16437
1 0.0498194 2.16524
1 0.0497055 2.16608
1 0.0496191 2.16687
1 0.0495427 2.16764
1 0.0494773 2.16838
1 0.0494122 2.16909
1 0.0493616 2.16978
1 0.0493254 2.17043
1 0.0492748 2.17106
1 0.0492249 2.17166
1 0.0491909 2.17224
1 0.0491835 2.17278
1 0.0491887 2.1733
1 0.0491959 2.17379
1 0.0492052 2.17427
1 0.0492216 2.1747
1 0.0492587 2.17511
1 0.0492966 2.17549
1 0.0493282 2.17585
1 0.0493625 2.17618
1 0.0494068 2.17649
1 0.0495123 2.17669
1 0.0495958 2.17686
1 0.0496608 2.17701
1 0.0497141 2.17715
1 0.0497642 2.17726
1 0.0498283 2.17734
1 0.0498973 2.17741
1 0.0499573 2.17746
1 0.0500105 2.17749
1 0.0500763 2.1775
1 0.0501295 2.1775
1 0.0501736 2.17749
1 0.050212 2.17746
1 0.050239 2.17743
1 0.0502615 2.17739
1 0.0502897 2.17734
1 0.0503285 2.17729
1 0.0503607 2.17722
1 0.0503776 2.17715
1 0.0503906 2.17707
1 0.0504193 2.17698
1 0.05046 2.17687
1 0.0505004 2.17676
1 0.0505407 2.17665
1 0.0505855 2.17653
1 0.05063 2.17639
1 0.0506807 2.17626
1 0.0507453 2.17612
1 0.0508143 2.17597
1 0.0508812 2.17581
1 0.0509506 2.17565
1 0.0510083 2.17548
1 0.0510651 2.1753
1 0.0511336 2.17512
1 0.0512146 2.17492
1 0.051288 2.17473
1 0.0513623 2.17452
1 0.0514525 2.17429
1 0.0515348 2.17407
1 0.0516179 2.17384
1 0.0516943 2.17361
1 0.0517711 2.17336
1 0.0518337 2.17312
1 0.051904 2.17285
1 0.0519831 2.17259
1 0.052058 2.17232
1 0.0521394 2.17204
1 0.0522127 2.17177
1 0.0522738 2.1715
1 0.052373 2.17104
1 0.0524815 2.17057
1 0.0525865 2.17011
1 0.0526815 2.16965
1 0.0527695 2.1692
1 0.0528504 2.16874
1 0.052932 2.16828
1 0.0530033 2.16783
1 0.053067 2.16737
1 0.0531223 2.16692
1 0.0531669 2.16647
1 0.0531974 2.16603
1 0.0532189 2.1656
1 0.0532393 2.16518
1 0.0532683 2.16476
1 0.053303 2.16435
1 0.0533219 2.16395
1 0.0533227 2.16357
1 0.0533185 2.1632
1 0.0533121 2.16284
1 0.0533113 2.16249
1 0.0533046 2.16216
1 0.0532937 2.16184
1 0.0532865 2.16152
1 0.0532617 2.16118
1 0.053227 2.16086
1 0.0531853 2.16054
1 0.0531425 2.16023
1 0.0531038 2.15992
1 0.0530609 2.15962
1 0.0530154 2.15933
1 0.0529612 2.15904
1 0.0528981 2.15876
1 0.0528397 2.15848
1 0.0527841 2.1582
1 0.0527168 2.15792
1 0.0526494 2.15765
1 0.052591 2.15737
1 0.0525377 2.1571
1 0.0524751 2.15683
1 0.0523988 2.15657
1 0.0523114 2.15632
1 0.0522173 2.15607
1 0.0521144 2.15583
1 0.0519996 2.1556
1 0.0518836 2.15538
1 0.0517803 2.15516
1 0.0516777 2.15494
1 0.0515692 2.15473
1 0.0514514 2.15453
1 0.0513291 2.15433
1 0.0512053 2.15413
1 0.051081 2.15394
1 0.0509569 2.15374
1 0.0508374 2.15355
1 0.0507255 2.15336
1 0.0505287 2.15321
1 0.0503365 2.15307
1 0.0501514 2.15293
1 0.0499622 2.15279
1 0.0497741 2.15266
1 0.0495891 2.15253
1 0.0493979 2.1524
1 0.0491978 2.15228
1 0.0490022 2.15216
1 0.0488117 2.15205
1 0.0486182 2.15193
1 0.0484165 2.15182
1 0.0482195 2.15172
1 0.0480231 2.15162
1 0.0478248 2.15153
1 0.0476254 2.15144
1 0.0474331 2.15138
1 0.0472437 2.15132
1 0.0470614 2.15127
1 0.0468734 2.15124
1 0.0466903 2.15122
1 0.0465098 2.15122
1 0.0463256 2.15122
1 0.0461354 2.15124
1 0.0459456 2.15127
1 0.0457576 2.15132
1 0.0455631 2.15139
1 0.0453652 2.15147
1 0.0451639 2.15157
1 0.0449528 2.15169
1 0.0447363 2.15182
1 0.044514 2.15197
1 0.0442927 2.15212
1 0.0440784 2.15228
1 0.0438773 2.15245
1 0.0436833 2.15263
1 0.0434985 2.15281
1 0.0433186 2.153
1 0.0431396 2.1532
1 0.0429605 2.15342
1 0.0427877 2.15365
1 0.0426182 2.15388
1 0.0424553 2.15411
1 0.0422952 2.15435
1 0.0421361 2.15459
1 0.0419778 2.15484
1 0.0418216 2.15509
1 0.0416662 2.15535
1 0.0415076 2.15562
1 0.0413523 2.1559
1 0.0411535 2.15631
1 0.0409488 2.15672
1 0.0407412 2.15714
1 0.0405389 2.15757
1 0.0403416 2.15799
1 0.0401498 2.15842
1 0.0399585 2.15885
1 0.0397846 2.15933
1 0.0396076 2.15981
1 0.039429 2.16031
1 0.0392578 2.16079
1 0.0390925 2.16128
1 0.0389313 2.16177
1 0.0387758 2.16227
1 0.0386062 2.1628
1 0.0384401 2.16333
1 0.0382721 2.16386
1 0.0381062 2.16439
1 0.03794 2.16493
1 0.0377771 2.16546
1 0.0376176 2.16599
1 0.0374598 2.16652
1 0.0373031 2.16705
1 0.0371556 2.16757
1 0.0370108 2.16809
1 0.0368672 2.1686
1 0.0367252 2.16912
1 0.0365772 2.16965
1 0.036434 2.17017
1 0.036283 2.17071
1 0.0361361 2.17124
1 0.0359856 2.17178
1 0.0358402 2.17232
1 0.0356936 2.17287
1 0.0355438 2.17342
1 0.0353888 2.17398
1 0.0352335 2.17454
1 0.0350762 2.1751
1 0.034915 2.17568
1 0.0347577 2.17625
1 0.0345932 2.17683
1 0.0344194 2.17742
1 0.0342492 2.178
1 0.0340741 2.1786
1 0.0338974 2.1792
1 0.0337181 2.1798
1 0.0335397 2.1804
1 0.0333744 2.18103
1 0.0332112 2.18167
1 0.0330479 2.18231
1 0.0328816 2.18295
1 0.0327068 2.1836
1 0.03253 2.18425
1 0.0323469 2.18491
1 0.0321607 2.18558
1 0.0319762 2.18624
1 0.0318001 2.1869
1 0.0316251 2.18755
1 0.0314565 2.18819
1 0.0312922 2.18882
1 0.0311301 2.18945
1 0.0309713 2.19007
1 0.030814 2.19069
1 0.0306596 2.1913
1 0.0305119 2.1919
1 0.0303663 2.1925
1 0.0302318 2.19309
1 0.0301016 2.19366
1 0.0299702 2.19424
1 0.0298353 2.19483
1 0.029696 2.19542
1 0.0295529 2.19602
1 0.0294052 2.19663
1 0.0292542 2.19724
1 0.0291049 2.19785
1 0.0289569 2.19845
1 0.0288091 2.19906
1 0.0286215 2.19977
1 0.0284399 2.20046
1 0.0282627 2.20116
1 0.0280891 2.20185
1 0.0279167 2.20254
1 0.0277469 2.20323
1 0.0275799 2.20392
1 0.0274161 2.2046
1 0.0272502 2.20529
1 0.0270866 2.20598
1 0.0269242 2.20667
1 0.02676 2.20736
1 0.0265923 2.20805
1 0.0264218 2.20876
1 0.0262622 2.20945
1 0.0260994 2.21014
1 0.025939 2.21083
1 0.0257742 2.21154
1 0.0256137 2.21223
1 0.0254565 2.21292
1 0.0253065 2.2136
1 0.0251582 2.21428
1 0.0250162 2.21495
1 0.0248716 2.21562
1 0.0247259 2.2163
1 0.0245799 2.21698
1 0.0244334 2.21767
1 0.0242866 2.21835
1 0.0241379 2.21904
1 0.0239875 2.21974
1 0.0238353 2.22044
1 0.0236841 2.22113
1 0.0235325 2.22184
1 0.0233873 2.22253
1 0.0232482 2.2232
1 0.0231163 2.22387
1 0.0229845 2.22453
1 0.0228609 2.22518
1 0.0227405 2.22582
1 0.02262 2.22646
1 0.022501 2.2271
1 0.0223852 2.22773
1 0.022268 2.22836
1 0.02215 2.229
1 0.0220339 2.22964
1 0.0219234 2.23027
1 0.0218124 2.23089
1 0.0217005 2.23152
1 0.0215849 2.23216
1 0.0214669 2.2328
1 0.0213473 2.23345
1 0.0212261 2.23409
1 0.0211022 2.23475
1 0.0209825 2.23539
1 0.0208633 2.23604
1 0.0207469 2.23667
1 0.0206314 2.2373
1 0.0205203 2.23793
1 0.020424 2.23853
1 0.0203259 2.23913
1 0.0202249 2.23975
1 0.0201168 2.24038
1 0.0200097 2.24101
1 0.0199025 2.24164
1 0.0198003 2.24225
1 0.0197016 2.24285
1 0.0196081 2.24344
1 0.0195123 2.24404
1 0.0194227 2.24462
1 0.01933 2.24521
1 0.019234 2.24581
1 0.0191339 2.24642
1 0.0190343 2.24703
1 0.0189388 2.24763
1 0.018845 2.24823
1 0.0187487 2.24883
1 0.0186527 2.24944
1 0.0185581 2.25005
1 0.0184654 2.25064
1 0.0183743 2.25124
1 0.0182814 2.25184
1 0.0181891 2.25244
1 0.0180952 2.25304
1 0.0179992 2.25365
1 0.0179035 2.25426
1 0.0178133 2.25486
1 0.0177256 2.25544
1 0.0176418 2.25602
1 0.0175628 2.25658
1 0.0174834 2.25714
1 0.0174071 2.25769
1 0.0173359 2.25822
1 0.0172644 2.25876
1 0.017192 2.2593
1 0.0171175 2.25985
1 0.0170417 2.2604
1 0.016973 2.26092
1 0.0169056 2.26145
1 0.0168419 2.26196
1 0.0167814 2.26246
1 0.0167253 2.26294
1 0.0166682 2.26343
1 0.0166107 2.26392
1 0.016557 2.2644
1 0.0165079 2.26486
1 0.0164564 2.26532
1 0.0164027 2.2658
1 0.0163487 2.26628
1 0.016292 2.26676
1 0.0162331 2.26725
1 0.0161793 2.26773
1 0.016127 2.2682
1 0.0160723 2.26867
1 0.0160134 2.26917
1 0.0159525 2.26966
1 0.0158935 2.27015
1 0.0158348 2.27064
1 0.0157779 2.27112
1 0.0157249 2.27159
1 0.0156751 2.27204
1 0.0156255 2.27249
1 0.0155725 2.27295
1 0.015519 2.27341
1 0.0154687 2.27387
1 0.0154138 2.27434
1 0.0153588 2.27482
1 0.0153027 2.2753
1 0.0152498 2.27576
1 0.0151974 2.27623
1 0.0151443 2.2767
1 0.015091 2.27717
1 0.015039 2.27763
1 0.0149909 2.27809
1 0.0149488 2.27852
1 0.0149074 2.27894
1 0.0148622 2.27939
1 0.0148124 2.27985
1 0.0147571 2.28034
1 0.014698 2.28084
1 0.0146339 2.28137
1 0.014569 2.2819
1 0.0145068 2.28242
1 0.0144488 2.28293
1 0.014388 2.28345
1 0.0143286 2.28397
1 0.0142713 2.28447
1 0.0142159 2.28497
1 0.0141626 2.28547
1 0.014112 2.28595
1 0.0140562 2.28646
1 0.0139952 2.28699
1 0.0139286 2.28754
1 0.0138614 2.2881
1 0.0137869 2.28869
1 0.0137111 2.28929
1 0.0136213 2.28996
1 0.0135341 2.29062
1 0.013445 2.29128
1 0.0133558 2.29195
1 0.013268 2.29262
1 0.0131764 2.2933
1 0.0130846 2.29399
1 0.0129923 2.29469
1 0.0129029 2.29538
1 0.0128121 2.29607
1 0.0127223 2.29676
1 0.0126304 2.29747
1 0.012541 2.29817
1 0.0124515 2.29886
1 0.0123642 2.29955
1 0.0122808 2.30023
1 0.0122017 2.30088
2 -0.660859 7.13531
2 -0.660579 7.13232
2 -0.660322 7.12949
2 -0.660089 7.12683
2 -0.659869 7.12427
2 -0.659672 7.12187
2 -0.659498 7.11963
2 -0.659338 7.11749
2 -0.65921 7.11559
2 -0.65909 7.11374
2 -0.658992 7.11205
2 -0.658913 7.11051
2 -0.658854 7.1091
2 -0.658808 7.10779
2 -0.658773 7.10657
2 -0.658751 7.10545
2 -0.658744 7.10443
2 -0.658744 7.10348
2 -0.658752 7.10259
2 -0.658771 7.10179
2 -0.658814 7.10117
2 -0.658861 7.10057
2 -0.658924 7.1001
2 -0.658993 7.09968
2 -0.659071 7.09933
2 -0.659157 7.09904
2 -0.659249 7.09881
2 -0.659348 7.09863
2 -0.659453 7.0985
2 -0.659566 7.09844
2 -0.659685 7.09842
2 -0.659811 7.09847
2 -0.659943 7.09856
2 -0.660079 7.09868
2 -0.660216 7.09882
2 -0.660358 7.099
2 -0.660505 7.09922
2 -0.660656 7.09948
2 -0.660811 7.09977
2 -0.660974 7.10013
2 -0.661143 7.10054
2 -0.661315 7.10098
2 -0.661486 7.10142
2 -0.661655 7.10185
2 -0.661827 7.10232
2 -0.661994 7.10277
2 -0.662157 7.10318
2 -0.66232 7.10361
2 -0.662487 7.10407
2 -0.662655 7.10455
2 -0.662828 7.10507
2 -0.663 7.10559
2 -0.663172 7.1061
2 -0.663341 7.10661
2 -0.66351 7.10713
2 -0.663683 7.10767
2 -0.66386 7.10825
2 -0.664039 7.10885
2 -0.664214 7.10942
2 -0.664389 7.11001
2 -0.664566 7.11061
2 -0.66474 7.1112
2 -0.664911 7.11177
2 -0.665077 7.11232
2 -0.665241 7.11286
2 -0.665402 7.11338
2 -0.665568 7.11395
2 -0.665737 7.11453
2 -0.665905 7.11512
2 -0.666071 7.11569
2 -0.666233 7.11624
2 -0.666395 7.1168
2 -0.666556 7.11735
2 -0.666711 7.11787
2 -0.666866 7.1184
2 -0.667024 7.11895
2 -0.667185 7.11952
2 -0.667347 7.12011
2 -0.667507 7.1207
2 -0.667667 7.12128
2 -0.66782 7.12183
2 -0.66782 7.12183
2 -0.66782 7.12183
2 -0.66782 7.12183
2 -0.66782 7.12183
2 -0.66782 7.12183
2 -0.66782 7.12183
2 -0.66782 7.12183
2 -0.66782 7.12183
2 -0.66782 7.12183
2 -0.66782 7.12183
2 -0.66782 7.12183
2 -0.66782 7.12183
2 -0.66782 7.12183
2 -0.66782 7.12183
2 -0.66782 7.12183
3 -1.60177 18.3392
3 -1.60177 18.3392
3 -1.60177 18.3392
3 -1.60177 18.3392
3 -1.60177 18.3392
3 -1.60177 18.3392
3 -1.60177 18.3392
3 -1.60177 18.3392
3 -1.60177 18.3392
3 -1.60177 18.3392
3 -1.60177 18.3392
3 -1.60177 18.3392
3 -1.60177 18.3392
3 -1.60177 18.3392
3 -1.60177 18.3392
3 -1.60177 18.3392
3 -1.60177 18.3392
3 -1.60177 18.3392
3 -1.60177 18.3392
3 -1.60177 18.3392
3 -1.60177 18.3392
3 -1.60177 18.3392
3 -1.60177 18.3392
3 -1.60177 18.3392
3 -1.60177 18.3392
3 -1.60177 18.3392
3 -1.60177 18.3392
3 -1.60177 18.3392
3 -1.60177 18.3392
3 -1.60177 18.3392
3 -1.60177 18.3392
3 -1.60177 18.3392
3 -1.60177 18.3392
3 -1.60177 18.3392
3 -1.60177 18.3392
3 -1.60177 18.3392
3 -1.60177 18.3392
3 -1.60177 18.3392
3 -1.60177 18.3392
3 -1.60177 18.3392
3 -1.60177 18.3392
3 -1.60177 18.3392
3 -1.60177 18.3392
3 -1.60177 18.3392
3 -1.60177 18.3392
3 -1.60177 18.3392
3 -1.60177 18.3392
3 -1.60177 18.3392
3 -1.60177 18.3392
3 -1.60177 18.3392
3 -1.60177 18.3392
3 -1.60177 18.3392
3 -1.60177 18.3392
3 -1.60177 18.3392
3 -1.60177 18.3392
3 -1.60177 18.3392
3 -1.60177 18.3392
3 -1.60177 18.3392
3 -1.60177 18.3392
3 -1.60177 18.3392
3 -1.60177 18.3392
3 -1.60177 18.3392
3 -1.60177 18.3392
3 -1.60177 18.3392
3 -1.60177 18.3392
3 -1.60177 18.3392
3 -1.60177 18.3392
3 -1.60177 18.3392
3 -1.60177 18.3392
3 -1.60177 18.3392
3 -1.60177 18.3392
3 -1.60177 18.3392
3 -1.60177 18.3392
3 -1.60177 18.3392
3 -1.60177 18.3392
3 -1.60177 18.3392
3 -1.60177 18.3392
3 -1.60177 18.3392
3 -1.60177 18.3392
3 -1.60177 18.3392
3 -1.60177 18.3392
3 -1.60177 18.3392
3 -1.60177 18.3392
3 -1.60177 18.3392
3 -1.60177 18.3392
3 -1.60177 18.3392
3 -1.60177 18.3392
3 -1.60177 18.3392
3 -1.60177 18.3392
3 -1.60177 18.3392
3 -1.60177 18.3392
3 -1.60177 18.3392
3 -1.60177 18.3392
3 -1.60177 18.3392
3 -1.60177 18.3392
3 -1.60177 18.3392
3 -1.60177 18.3392
3 -1.60177 18.3392
3 -1.60177 18.3392
3 -1.60177 18.3392
3 -1.60177 18.3392
3 -1.60177 18.3392
3 -1.60177 18.3392
3 -1.60177 18.3392
3 -1.60177 18.3392
3 -1.60177 18.3392
3 -1.60177 18.3392
3 -1.60177 18.3392
3 -1.60205 18.3404
3 -1.60232 18.3417
3 -1.60257 18.3427
3 -1.60284 18.3439
3 -1.60312 18.3453
3 -1.60341 18.3468
3 -1.6037 18.3483
3 -1.604 18.3499
3 -1.60431 18.3516
3 -1.60462 18.3534
3 -1.60493 18.3551
3 -1.60523 18.3568
3 -1.60555 18.3586
3 -1.60555 18.3586
3 -1.60555 18.3586
3 -1.60555 18.3586
3 -1.60555 18.3586
3 -1.60555 18.3586
3 -1.60555 18.3586
3 -1.60555 18.3586
3 -1.60555 18.3586
3 -1.60555 18.3586
3 -1.60555 18.3586
3 -1.60555 18.3586
3 -1.60555 18.3586
3 -1.60555 18.3586
3 -1.60555 18.3586
3 -1.60555 18.3586
3 -1.60555 18.3586
3 -1.60555 18.3586
3 -1.60555 18.3586
3 -1.60555 18.3586
3 -1.60555 18.3586
3 -1.60555 18.3586
3 -1.60555 18.3586
3 -1.60555 18.3586
3 -1.60555 18.3586
3 -1.60555 18.3586
3 -1.60555 18.3586
3 -1.60555 18.3586
3 -1.60555 18.3586
3 -1.60555 18.3586
3 -1.60555 18.3586
3 -1.60555 18.3586
3 -1.60555 18.3586
3 -1.60555 18.3586
3 -1.60555 18.3586
3 -1.60555 18.3586
3 -1.60555 18.3586
3 -1.60555 18.3586
3 -1.60555 18.3586
3 -1.60555 18.3586
3 -1.60555 18.3586
3 -1.60555 18.3586
3 -1.60555 18.3586
3 -1.60555 18.3586
3 -1.60555 18.3586
3 -1.60555 18.3586
3 -1.60555 18.3586
3 -1.60555 18.3586
3 -1.60555 18.3586
3 -1.60555 18.3586
3 -1.60555 18.3586
3 -1.60555 18.3586
3 -1.60555 18.3586
3 -1.60555 18.3586
3 -1.60555 18.3586
3 -1.60555 18.3586
3 -1.60555 18.3586
3 -1.60555 18.3586
3 -1.60555 18.3586
3 -1.60555 18.3586
3 -1.60555 18.3586
3 -1.60555 18.3586
3 -1.60555 18.3586
3 -1.60587 18.3605
3 -1.60619 18.3628
3 -1.60651 18.3651
3 -1.60683 18.3675
3 -1.60715 18.3697
3 -1.60746 18.372
3 -1.60776 18.3741
3 -1.60805 18.3761
3 -1.60835 18.3782
3 -1.60864 18.3803
3 -1.60894 18.3824
3 -1.60894 18.3824
3 -1.60894 18.3824
3 -1.60894 18.3824
3 -1.60894 18.3824
3 -1.60894 18.3824
3 -1.60894 18.3824
3 -1.60894 18.3824
3 -1.60894 18.3824
3 -1.60894 18.3824
3 -1.60894 18.3824
3 -1.60894 18.3824
3 -1.60894 18.3824
3 -1.60894 18.3824
3 -1.60894 18.3824
3 -1.60894 18.3824
3 -1.60894 18.3824
3 -1.60894 18.3824
3 -1.60894 18.3824
3 -1.60894 18.3824
3 -1.60894 18.3824
3 -1.60894 18.3824
3 -1.60894 18.3824
3 -1.60894 18.3824
3 -1.60894 18.3824
3 -1.60894 18.3824
3 -1.60894 18.3824
3 -1.60894 18.3824
3 -1.60894 18.3824
3 -1.60894 18.3824
3 -1.60894 18.3824
3 -1.60894 18.3824
3 -1.60894 18.3824
3 -1.60894 18.3824
3 -1.60894 18.3824
3 -1.60894 18.3824
3 -1.60894 18.3824
3 -1.60894 18.3824
3 -1.60894 18.3824
3 -1.60894 18.3824
3 -1.60926 18.3848
3 -1.60958 18.3873
3 -1.60987 18.3896
3 -1.61015 18.3917
3 -1.61042 18.3937
3 -1.61068 18.3956
3 -1.61095 18.3976
3 -1.61122 18.3995
3 -1.61149 18.4016
3 -1.61177 18.4038
3 -1.61206 18.406
3 -1.61234 18.4082
3 -1.61261 18.4102
3 -1.61288 18.4123
3 -1.61315 18.4143
3 -1.61344 18.4166
3 -1.61374 18.4189
3 -1.61403 18.4215
3 -1.61431 18.4238
3 -1.61458 18.4261
3 -1.61487 18.4286
3 -1.61516 18.4311
3 -1.61546 18.4337
3 -1.61576 18.4363
3 -1.61606 18.439
3 -1.61636 18.4416
3 -1.61664 18.4441
3 -1.61692 18.4464
3 -1.61719 18.4487
3 -1.61747 18.4511
3 -1.61775 18.4535
3 -1.61804 18.4561
3 -1.61804 18.4561
3 -1.61804 18.4561
3 -1.61804 18.4561
3 -1.61804 18.4561
3 -1.61804 18.4561
3 -1.61804 18.4561
3 -1.61804 18.4561
3 -1.61804 18.4561
3 -1.61804 18.4561
3 -1.61804 18.4561
3 -1.61804 18.4561
3 -1.61804 18.4561
3 -1.61804 18.4561
3 -1.61804 18.4561
3 -1.61835 18.4588
3 -1.61865 18.4615
3 -1.61895 18.4641
3 -1.61923 18.4665
3 -1.6195 18.4689
3 -1.61978 18.4713
3 -1.62006 18.4737
3 -1.62032 18.4759
3 -1.62058 18.4781
3 -1.62081 18.48
3 -1.62103 18.4817
3 -1.62124 18.4834
3 -1.62146 18.4852
3 -1.62169 18.487
3 -1.62192 18.489
3 -1.62216 18.4912
3 -1.62242 18.4935
3 -1.62267 18.4958
3 -1.62294 18.4984
3 -1.6232 18.5008
3 -1.62345 18.5032
3 -1.6237 18.5056
3 -1.62394 18.5079
3 -1.62417 18.51
3 -1.62439 18.5121
3 -1.6246 18.5142
3 -1.62477 18.5158
3 -1.62493 18.5174
3 -1.6251 18.519
3 -1.62527 18.5207
3 -1.62544 18.5224
3 -1.62561 18.5242
3 -1.62579 18.526
3 -1.62598 18.528
3 -1.62617 18.5301
3 -1.62635 18.5321
3 -1.62653 18.5341
3 -1.62672 18.5361
3 -1.6269 18.5382
3 -1.62709 18.5404
3 -1.62729 18.5428
3 -1.6275 18.5452
3 -1.62771 18.5477
3 -1.62791 18.5501
3 -1.6281 18.5523
3 -1.62829 18.5546
3 -1.62829 18.5546
3 -1.62829 18.5546
3 -1.62829 18.5546
3 -1.62829 18.5546
3 -1.62829 18.5546
3 -1.62829 18.5546
3 -1.62829 18.5546
3 -1.62829 18.5546
3 -1.62829 18.5546
3 -1.62829 18.5546
3 -1.62829 18.5546
3 -1.62829 18.5546
3 -1.62829 18.5546
3 -1.62829 18.5546
3 -1.62829 18.5546
3 -1.62829 18.5546
3 -1.62829 18.5546
3 -1.62829 18.5546
3 -1.62829 18.5546
3 -1.62829 18.5546
3 -1.62829 18.5546
3 -1.62829 18.5546
3 -1.62829 18.5546
3 -1.62829 18.5546
3 -1.62829 18.5546
3 -1.62829 18.5546
3 -1.62829 18.5546
3 -1.62829 18.5546
3 -1.62829 18.5546
3 -1.62829 18.5546
3 -1.62829 18.5546
3 -1.62829 18.5546
3 -1.62829 18.5546
3 -1.62829 18.5546
3 -1.62829 18.5546
3 -1.62829 18.5546
3 -1.62829 18.5546
3 -1.62829 18.5546
3 -1.62829 18.5546
3 -1.62829 18.5546
3 -1.62829 18.5546
3 -1.62829 18.5546
3 -1.62829 18.5546
3 -1.62829 18.5546
3 -1.62829 18.5546
3 -1.62829 18.5546
3 -1.62829 18.5546
3 -1.62829 18.5546
3 -1.62829 18.5546
3 -1.62829 18.5546
3 -1.62829 18.5546
3 -1.62829 18.5546
3 -1.62829 18.5546
3 -1.62829 18.5546
3 -1.62829 18.5546
3 -1.62829 18.5546
3 -1.62829 18.5546
3 -1.62829 18.5546
3 -1.62829 18.5546
3 -1.62829 18.5546
3 -1.62829 18.5546
3 -1.62829 18.5546
3 -1.62829 18.5546
3 -1.62829 18.5546
3 -1.62829 18.5546
3 -1.62829 18.5546
3 -1.62829 18.5546
3 -1.62829 18.5546
3 -1.62829 18.5546
3 -1.62829 18.5546
3 -1.62829 18.5546
3 -1.62829 18.5546
3 -1.62829 18.5546
3 -1.62829 18.5546
3 -1.62829 18.5546
3 -1.62829 18.5546
3 -1.62829 18.5546
3 -1.62829 18.5546
3 -1.62829 18.5546
3 -1.62829 18.5546
3 -1.62829 18.5546
3 -1.62829 18.5546
3 -1.62829 18.5546
3 -1.62829 18.5546
3 -1.62829 18.5546
3 -1.62829 18.5546
3 -1.62829 18.5546
3 -1.62829 18.5546
3 -1.62829 18.5546
3 -1.62829 18.5546
3 -1.62829 18.5546
3 -1.62829 18.5546
3 -1.62829 18.5546
3 -1.62829 18.5546
3 -1.62829 18.5546
3 -1.62829 18.5546
