1 0.00872685 2.29571
1 -0.0283061 2.2898
1 -0.0302533 2.28953
1 -0.0311789 2.28925
1 -0.0316313 2.28904
1 -0.0319175 2.28884
1 -0.0318411 2.28848
1 -0.031556 2.28814
1 -0.0314304 2.28784
1 -0.031225 2.28757
1 -0.0308574 2.28732
1 -0.0303803 2.28707
1 -0.029907 2.28682
1 -0.0294738 2.28657
1 -0.0290769 2.2863
1 -0.028836 2.28602
1 -0.0286515 2.28573
1 -0.0284258 2.2854
1 -0.0283867 2.28483
1 -0.0283517 2.28432
1 -0.0282815 2.28372
1 -0.0282564 2.28311
1 -0.0281689 2.28246
1 -0.0281044 2.28179
1 -0.0287078 2.28079
1 -0.0293188 2.27983
1 -0.0299464 2.27889
1 -0.0305337 2.27798
1 -0.0310374 2.27707
1 -0.031503 2.2762
1 -0.0319128 2.27536
1 -0.0323023 2.27455
1 -0.032705 2.27379
1 -0.0330656 2.27307
1 -0.0334231 2.27238
1 -0.0337621 2.27172
1 -0.0340948 2.2711
1 -0.0344647 2.2705
1 -0.0348656 2.26992
1 -0.0352535 2.26936
1 -0.0356781 2.26881
1 -0.0361136 2.26827
1 -0.0365517 2.26775
1 -0.0370073 2.26699
1 -0.0374518 2.26627
1 -0.0378722 2.26559
1 -0.0382129 2.26494
1 -0.0384859 2.26432
1 -0.0386874 2.26374
1 -0.0388389 2.26319
1 -0.0389824 2.26268
1 -0.0391209 2.26223
1 -0.039251 2.26181
1 -0.0393192 2.26143
1 -0.0393789 2.26109
1 -0.0394128 2.26077
1 -0.0393962 2.26048
1 -0.0393864 2.26022
1 -0.0393439 2.25998
1 -0.0393227 2.25976
1 -0.0392541 2.25956
1 -0.0392043 2.25937
1 -0.0391361 2.25918
1 -0.0390491 2.259
1 -0.0389611 2.25883
1 -0.0388824 2.25866
1 -0.0388061 2.25849
1 -0.0387156 2.25832
1 -0.0386368 2.25815
1 -0.0385627 2.25798
1 -0.0384643 2.2578
1 -0.0383371 2.25761
1 -0.0382022 2.25742
1 -0.0380891 2.25724
1 -0.0378957 2.25713
1 -0.0377723 2.25703
1 -0.0376738 2.25695
1 -0.037602 2.25687
1 -0.0375503 2.25681
1 -0.0374785 2.25674
1 -0.0373911 2.25669
1 -0.0372981 2.25663
1 -0.0372161 2.25657
1 -0.0371427 2.25652
1 -0.0370772 2.25647
1 -0.0370209 2.25641
1 -0.0369664 2.25635
1 -0.0368785 2.25629
1 -0.036779 2.25622
1 -0.0366649 2.25615
1 -0.0365292 2.25607
1 -0.0363805 2.25599
1 -0.0362269 2.25591
1 -0.0360718 2.25583
1 -0.0359117 2.25576
1 -0.0357683 2.25569
1 -0.0356414 2.25562
1 -0.0355208 2.25555
1 -0.0353989 2.25549
1 -0.0352918 2.25542
1 -0.0351978 2.25536
1 -0.0351079 2.2553
1 -0.0350249 2.25525
1 -0.0349447 2.25519
1 -0.0348686 2.25514
1 -0.0347992 2.2551
1 -0.034714 2.25505
1 -0.034623 2.25501
1 -0.0345131 2.25496
1 -0.0343914 2.25493
1 -0.0342694 2.2549
1 -0.0341566 2.25488
1 -0.0340591 2.25487
1 -0.0339501 2.25486
1 -0.0338615 2.25487
1 -0.0337946 2.25488
1 -0.0337385 2.25491
1 -0.0336578 2.25489
1 -0.0335958 2.25489
1 -0.0335446 2.2549
1 -0.0335054 2.25493
1 -0.0334708 2.25497
1 -0.0334251 2.25503
1 -0.0333542 2.25511
1 -0.0332704 2.2552
1 -0.0331552 2.25533
1 -0.0330395 2.25547
1 -0.032927 2.25565
1 -0.0328131 2.25585
1 -0.0326889 2.25607
1 -0.0325586 2.25631
1 -0.0324211 2.25656
1 -0.0324211 2.25656
1 -0.0324211 2.25656
1 -0.0324211 2.25656
1 -0.0324211 2.25656
1 -0.0324211 2.25656
1 -0.0324211 2.25656
1 -0.0324211 2.25656
1 -0.0324211 2.25656
1 -0.0324211 2.25656
1 -0.0324211 2.25656
1 -0.0324211 2.25656
1 -0.0324211 2.25656
1 -0.0324211 2.25656
1 -0.0324211 2.25656
1 -0.0324211 2.25656
1 -0.0324211 2.25656
1 -0.0324211 2.25656
1 -0.0324211 2.25656
1 -0.0324211 2.25656
1 -0.0324211 2.25656
1 -0.0324211 2.25656
1 -0.0324211 2.25656
1 -0.0324211 2.25656
1 -0.0324211 2.25656
1 -0.0324211 2.25656
1 -0.0324211 2.25656
1 -0.0324211 2.25656
1 -0.0324211 2.25656
1 -0.0324211 2.25656
1 -0.0324211 2.25656
1 -0.0324211 2.25656
1 -0.0324211 2.25656
1 -0.0324211 2.25656
1 -0.0324211 2.25656
1 -0.0324211 2.25656
1 -0.0324211 2.25656
1 -0.0324211 2.25656
1 -0.0324211 2.25656
1 -0.0324211 2.25656
1 -0.0324211 2.25656
1 -0.0324211 2.25656
1 -0.0324211 2.25656
1 -0.0324211 2.25656
1 -0.0324211 2.25656
1 -0.0324211 2.25656
1 -0.0324211 2.25656
1 -0.0324211 2.25656
1 -0.0324211 2.25656
1 -0.0324211 2.25656
1 -0.0324211 2.25656
1 -0.0324211 2.25656
1 -0.0324211 2.25656
1 -0.0324211 2.25656
1 -0.0324211 2.25656
1 -0.0324211 2.25656
1 -0.0324211 2.25656
1 -0.0324211 2.25656
1 -0.0324211 2.25656
1 -0.0324211 2.25656
1 -0.0324211 2.25656
1 -0.0324211 2.25656
1 -0.0324211 2.25656
1 -0.0324211 2.25656
1 -0.0324211 2.25656
1 -0.0324211 2.25656
1 -0.0324211 2.25656
1 -0.0324211 2.25656
1 -0.0324211 2.25656
1 -0.0324211 2.25656
1 -0.0324211 2.25656
1 -0.0324211 2.25656
1 -0.0324211 2.25656
1 -0.0324211 2.25656
1 -0.0324211 2.25656
1 -0.0324211 2.25656
1 -0.0324211 2.25656
1 -0.0324211 2.25656
1 -0.0324211 2.25656
1 -0.0324211 2.25656
1 -0.0324211 2.25656
1 -0.0324211 2.25656
1 -0.0324211 2.25656
1 -0.0324211 2.25656
1 -0.0324211 2.25656
1 -0.0324211 2.25656
1 -0.032276 2.25682
1 -0.0321897 2.2583
1 -0.0320977 2.25976
1 -0.0320011 2.26119
1 -0.0319009 2.2626
1 -0.0318006 2.26399
1 -0.0316976 2.26536
1 -0.0315983 2.26672
1 -0.0315025 2.26805
1 -0.0314074 2.26937
1 -0.0313216 2.27068
1 -0.0312475 2.27198
1 -0.0311837 2.27329
1 -0.0311381 2.2746
1 -0.0310882 2.27588
1 -0.0310538 2.27717
1 -0.0310189 2.27844
1 -0.0309753 2.27968
1 -0.0309288 2.2809
1 -0.0308742 2.2821
1 -0.0308101 2.28326
1 -0.0307342 2.2844
1 -0.0306646 2.28553
1 -0.0305979 2.28665
1 -0.0305883 2.28787
1 -0.0305867 2.2891
1 -0.0305979 2.29033
1 -0.0306155 2.29156
1 -0.0306429 2.2928
1 -0.0306738 2.29404
1 -0.0307055 2.29526
1 -0.0307443 2.29649
1 -0.0307741 2.29769
1 -0.0307954 2.29888
1 -0.0308022 2.30003
1 -0.0308116 2.30118
1 -0.0308137 2.3023
1 -0.0308188 2.30341
1 -0.0308214 2.3045
1 -0.0308138 2.30557
1 -0.0308143 2.30664
1 -0.0308228 2.30772
1 -0.0308223 2.30877
1 -0.0308233 2.30981
1 -0.0308158 2.31083
1 -0.030809 2.31184
1 -0.0308071 2.31285
1 -0.0308067 2.31386
1 -0.0308173 2.31488
1 -0.0308377 2.31591
1 -0.0308724 2.31696
1 -0.0309069 2.31801
1 -0.0309328 2.31903
1 -0.0309599 2.32005
1 -0.0309844 2.32105
1 -0.0310069 2.32205
1 -0.0310206 2.32301
1 -0.031034 2.32397
1 -0.0310536 2.32494
1 -0.0310798 2.32591
1 -0.0311262 2.32693
1 -0.0311731 2.32794
1 -0.031232 2.32897
1 -0.0312807 2.32997
1 -0.0313234 2.33095
1 -0.0313551 2.33189
1 -0.031392 2.33285
1 -0.0314208 2.33378
1 -0.0314497 2.33471
1 -0.0314874 2.33565
1 -0.0315337 2.33662
1 -0.0315749 2.33757
1 -0.0316103 2.33851
1 -0.0316415 2.33943
1 -0.0316787 2.34037
1 -0.0317157 2.3413
1 -0.031752 2.34223
1 -0.0317825 2.34315
1 -0.0318142 2.34406
1 -0.0318499 2.34498
1 -0.0318854 2.34589
1 -0.0319226 2.3468
1 -0.0319642 2.34772
1 -0.0320104 2.34865
1 -0.0320476 2.34955
1 -0.0320776 2.35042
1 -0.032104 2.35129
1 -0.0321178 2.35211
1 -0.032134 2.35293
1 -0.032144 2.35374
1 -0.0321446 2.35451
1 -0.0321469 2.35528
1 -0.0321526 2.35606
1 -0.0321655 2.35685
1 -0.0321762 2.35764
1 -0.0321815 2.3584
1 -0.0321828 2.35915
1 -0.0321801 2.35988
1 -0.032173 2.36059
1 -0.0321604 2.36128
1 -0.0321413 2.36195
1 -0.0321168 2.3626
1 -0.032091 2.36324
1 -0.0320528 2.36384
1 -0.0320205 2.36446
1 -0.0319874 2.36506
1 -0.0319639 2.3657
1 -0.0319425 2.36634
1 -0.0319239 2.36698
1 -0.0319146 2.36765
1 -0.0318983 2.36829
1 -0.0318695 2.3689
1 -0.0318536 2.36954
1 -0.0318374 2.37018
1 -0.0318216 2.37081
1 -0.031806 2.37145
1 -0.0317861 2.37206
1 -0.0317603 2.37265
1 -0.0317313 2.37322
1 -0.0317015 2.37378
1 -0.031672 2.37434
1 -0.031648 2.37491
1 -0.0316295 2.37549
1 -0.0316255 2.37611
1 -0.0316347 2.37678
1 -0.0316413 2.37743
1 -0.0316484 2.37809
1 -0.0316529 2.37873
1 -0.0316507 2.37935
1 -0.0316404 2.37994
1 -0.03162 2.38049
1 -0.0315862 2.38099
1 -0.0315372 2.38143
1 -0.0314676 2.38178
1 -0.0313968 2.38213
1 -0.0313262 2.38247
1 -0.0312582 2.38282
1 -0.0311898 2.38315
1 -0.0311209 2.38347
1 -0.03105 2.38378
1 -0.0309748 2.38407
1 -0.0308879 2.3843
1 -0.0307965 2.38451
1 -0.0307105 2.38473
1 -0.0306123 2.38489
1 -0.0305084 2.38503
1 -0.0303987 2.38513
1 -0.0302953 2.38525
1 -0.0301968 2.38537
1 -0.0300984 2.38549
1 -0.0300018 2.38561
1 -0.0299102 2.38574
1 -0.0298199 2.38587
1 -0.0297287 2.38599
1 -0.0296354 2.38609
1 -0.0295376 2.38617
1 -0.0294395 2.38625
1 -0.0293438 2.38632
1 -0.0292465 2.38639
1 -0.0291518 2.38646
1 -0.0290578 2.38653
1 -0.028962 2.38659
1 -0.0288652 2.38664
1 -0.0287627 2.38666
1 -0.0286613 2.38668
1 -0.0285637 2.38671
1 -0.0284624 2.38673
1 -0.0283577 2.38672
1 -0.0282493 2.3867
1 -0.0280865 2.38639
1 -0.0279209 2.38607
1 -0.0277574 2.38576
1 -0.0275975 2.38545
1 -0.0274336 2.38512
1 -0.0272721 2.3848
1 -0.0271145 2.38449
1 -0.0269566 2.38417
1 -0.0267922 2.38382
1 -0.026633 2.38348
1 -0.0264809 2.38317
1 -0.026329 2.38285
1 -0.0261813 2.38254
1 -0.0260326 2.38222
1 -0.0258856 2.3819
1 -0.0257407 2.38158
1 -0.0255958 2.38126
1 -0.02545 2.38093
1 -0.025305 2.3806
1 -0.0251574 2.38024
1 -0.0250085 2.37987
1 -0.0248526 2.37947
1 -0.0246934 2.37904
1 -0.0245374 2.37863
1 -0.0243781 2.37819
1 -0.024222 2.37776
1 -0.0240715 2.37735
1 -0.0239156 2.37691
1 -0.0237526 2.37644
2 -0.660859 7.13531
2 -0.660533 7.13137
2 -0.660215 7.12752
2 -0.659912 7.12378
2 -0.659636 7.12027
2 -0.659376 7.11689
2 -0.659122 7.11356
2 -0.658889 7.1104
2 -0.65867 7.10735
2 -0.658457 7.10437
2 -0.658261 7.10153
2 -0.658077 7.09879
2 -0.657908 7.09616
2 -0.657746 7.09361
2 -0.657588 7.09109
2 -0.657437 7.08864
2 -0.657298 7.08632
2 -0.657163 7.08402
2 -0.657038 7.08183
2 -0.656915 7.07966
2 -0.656793 7.07753
2 -0.656675 7.07543
2 -0.656565 7.0734
2 -0.656466 7.07147
2 -0.656374 7.0696
2 -0.656282 7.06775
2 -0.656193 7.06594
2 -0.656109 7.06417
2 -0.656027 7.06244
2 -0.655941 7.0607
2 -0.655859 7.05901
2 -0.655792 7.05744
2 -0.655726 7.05588
2 -0.655669 7.05441
2 -0.655614 7.05298
2 -0.655555 7.05154
2 -0.655494 7.05009
2 -0.655429 7.04863
2 -0.655365 7.0472
2 -0.655308 7.04583
2 -0.655255 7.0445
2 -0.655208 7.04323
2 -0.65517 7.04205
2 -0.655138 7.04091
2 -0.655114 7.03984
2 -0.655094 7.03883
2 -0.655078 7.03786
2 -0.655065 7.03693
2 -0.655061 7.03607
2 -0.655062 7.03527
2 -0.655071 7.03453
2 -0.655088 7.03387
2 -0.655114 7.03327
2 -0.655149 7.03276
2 -0.655188 7.03228
2 -0.655231 7.03185
2 -0.655279 7.03146
2 -0.655322 7.03104
2 -0.655368 7.03067
2 -0.655417 7.03032
2 -0.655465 7.02997
2 -0.655507 7.0296
2 -0.655551 7.02925
2 -0.655597 7.02893
2 -0.655638 7.02858
2 -0.656003 7.03318
2 -0.656355 7.03769
2 -0.656697 7.04213
2 -0.657036 7.04654
2 -0.657366 7.05089
2 -0.657689 7.05518
2 -0.658008 7.05945
2 -0.658323 7.06369
2 -0.658626 7.06783
2 -0.65892 7.07192
2 -0.659212 7.07598
2 -0.659501 7.08002
2 -0.65979 7.08407
2 -0.660068 7.08803
2 -0.660337 7.09192
2 -0.660602 7.09578
2 -0.660866 7.09963
2 -0.661123 7.10343
2 -0.66137 7.10714
2 -0.661613 7.11083
2 -0.661851 7.11446
2 -0.66208 7.11803
2 -0.662295 7.12149
2 -0.662505 7.12489
2 -0.662708 7.12823
2 -0.662898 7.13147
2 -0.663089 7.13471
2 -0.663276 7.13792
2 -0.663458 7.1411
2 -0.663634 7.14421
2 -0.663802 7.14725
2 -0.663967 7.15028
2 -0.664131 7.15329
2 -0.664287 7.15624
2 -0.664442 7.15918
2 -0.664607 7.16221
2 -0.664779 7.16531
2 -0.664943 7.16834
2 -0.665104 7.17134
2 -0.665265 7.17435
2 -0.665422 7.17732
2 -0.665575 7.18026
2 -0.665724 7.18316
2 -0.665871 7.18604
2 -0.666022 7.18895
2 -0.666175 7.1919
2 -0.666327 7.19483
2 -0.666473 7.19771
2 -0.666612 7.20052
2 -0.666742 7.20325
2 -0.666875 7.20601
2 -0.666998 7.20867
2 -0.667123 7.21135
2 -0.667239 7.21394
2 -0.667353 7.21651
2 -0.667466 7.21907
2 -0.667574 7.22158
2 -0.667674 7.22402
2 -0.66777 7.22641
2 -0.667864 7.22879
2 -0.667955 7.23113
2 -0.668045 7.23347
2 -0.668135 7.2358
2 -0.668227 7.23815
2 -0.668313 7.24045
2 -0.668399 7.24274
2 -0.66848 7.24498
2 -0.66856 7.24722
2 -0.668639 7.24944
2 -0.668716 7.25164
2 -0.668794 7.25386
2 -0.668875 7.25609
2 -0.668958 7.25835
2 -0.669043 7.26063
2 -0.669127 7.2629
2 -0.669212 7.26518
2 -0.669294 7.26742
2 -0.669376 7.26967
2 -0.669327 7.27068
2 -0.669275 7.27166
2 -0.669221 7.27261
2 -0.669163 7.27352
2 -0.669109 7.27446
2 -0.669059 7.27544
2 -0.669014 7.27646
2 -0.66897 7.27749
2 -0.668931 7.27856
2 -0.668893 7.27964
2 -0.668855 7.28072
2 -0.668816 7.28179
2 -0.668775 7.28283
2 -0.668725 7.28375
2 -0.66867 7.28463
2 -0.668613 7.28548
2 -0.668555 7.28631
2 -0.668497 7.28714
2 -0.668435 7.28792
2 -0.668373 7.28869
2 -0.668309 7.28944
2 -0.668248 7.2902
2 -0.668189 7.29097
2 -0.668125 7.29169
2 -0.66806 7.29239
2 -0.667996 7.29309
2 -0.667934 7.29381
2 -0.66788 7.2946
2 -0.667822 7.29533
2 -0.667767 7.29609
2 -0.667716 7.29689
2 -0.667669 7.29772
2 -0.667621 7.29853
2 -0.667567 7.29927
2 -0.667507 7.29994
2 -0.66744 7.30053
2 -0.667367 7.30106
2 -0.667302 7.30165
2 -0.66724 7.30226
2 -0.667179 7.30287
2 -0.667114 7.30345
2 -0.667051 7.30403
2 -0.666988 7.30461
2 -0.666925 7.30517
2 -0.666859 7.30572
2 -0.666796 7.30628
2 -0.66673 7.3068
2 -0.66666 7.30728
2 -0.666589 7.30774
2 -0.66652 7.30821
2 -0.66643 7.30847
2 -0.666368 7.309
2 -0.666305 7.30951
2 -0.666242 7.31002
2 -0.66618 7.31054
2 -0.666119 7.31105
2 -0.666059 7.31157
2 -0.666002 7.31211
2 -0.665939 7.31257
2 -0.665877 7.31305
2 -0.66582 7.31356
3 -1.60177 18.3392
3 -1.60177 18.3392
3 -1.60177 18.3392
3 -1.60177 18.3392
3 -1.60177 18.3392
3 -1.60177 18.3392
3 -1.60177 18.3392
3 -1.60177 18.3392
3 -1.60177 18.3392
3 -1.60177 18.3392
3 -1.60177 18.3392
3 -1.60177 18.3392
3 -1.60177 18.3392
3 -1.60177 18.3392
3 -1.60177 18.3392
3 -1.60177 18.3392
3 -1.60177 18.3392
3 -1.60177 18.3392
3 -1.60127 18.3327
3 -1.60077 18.3265
3 -1.6003 18.3204
3 -1.59984 18.3145
3 -1.59939 18.3087
3 -1.59894 18.3029
3 -1.59851 18.2973
3 -1.59809 18.2918
3 -1.59768 18.2865
3 -1.59768 18.2865
3 -1.59768 18.2865
3 -1.59768 18.2865
3 -1.59768 18.2865
3 -1.59768 18.2865
3 -1.59768 18.2865
3 -1.59768 18.2865
3 -1.59768 18.2865
3 -1.5973 18.2813
3 -1.59705 18.2777
3 -1.59681 18.2742
3 -1.59658 18.2708
3 -1.59637 18.2675
3 -1.59617 18.2645
3 -1.59597 18.2614
3 -1.59577 18.2583
3 -1.59556 18.2551
3 -1.59536 18.252
3 -1.59516 18.2488
3 -1.59497 18.2458
3 -1.59477 18.2427
3 -1.59458 18.2396
3 -1.5944 18.2366
3 -1.59422 18.2337
3 -1.59405 18.2308
3 -1.59387 18.2279
3 -1.5937 18.225
3 -1.59351 18.2219
3 -1.59333 18.2189
3 -1.59315 18.2159
3 -1.59299 18.2131
3 -1.59284 18.2104
3 -1.5927 18.2079
3 -1.59257 18.2054
3 -1.59244 18.203
3 -1.59231 18.2006
3 -1.59218 18.1981
3 -1.59202 18.1953
3 -1.59187 18.1925
3 -1.5917 18.1896
3 -1.59154 18.1867
3 -1.59136 18.1837
3 -1.59118 18.1806
3 -1.59099 18.1773
3 -1.59079 18.174
3 -1.59079 18.174
3 -1.59079 18.174
3 -1.59079 18.174
3 -1.59079 18.174
3 -1.59079 18.174
3 -1.59079 18.174
3 -1.59079 18.174
3 -1.59079 18.174
3 -1.59079 18.174
3 -1.59059 18.1706
3 -1.59039 18.1672
3 -1.5902 18.1639
3 -1.59002 18.1607
3 -1.58983 18.1574
3 -1.58965 18.1542
3 -1.58949 18.1511
3 -1.58933 18.1482
3 -1.58919 18.1455
3 -1.58907 18.143
3 -1.58896 18.1406
3 -1.58885 18.1383
3 -1.58875 18.136
3 -1.58865 18.1338
3 -1.58855 18.1315
3 -1.58844 18.1291
3 -1.58832 18.1266
3 -1.58819 18.1241
3 -1.58808 18.1216
3 -1.58796 18.1191
3 -1.58784 18.1167
3 -1.58771 18.1142
3 -1.58759 18.1116
3 -1.58743 18.1087
3 -1.58727 18.1058
3 -1.58727 18.1058
3 -1.58727 18.1058
3 -1.58727 18.1058
3 -1.58727 18.1058
3 -1.58727 18.1058
3 -1.58727 18.1058
3 -1.58727 18.1058
3 -1.58727 18.1058
3 -1.58727 18.1058
3 -1.58727 18.1058
3 -1.58727 18.1058
3 -1.58727 18.1058
3 -1.58727 18.1058
3 -1.58727 18.1058
3 -1.58727 18.1058
3 -1.58727 18.1058
3 -1.58727 18.1058
3 -1.58727 18.1058
3 -1.58727 18.1058
3 -1.58727 18.1058
3 -1.58727 18.1058
3 -1.58727 18.1058
3 -1.58727 18.1058
3 -1.58727 18.1058
3 -1.58727 18.1058
3 -1.58727 18.1058
3 -1.58727 18.1058
3 -1.58727 18.1058
3 -1.58727 18.1058
3 -1.58727 18.1058
3 -1.58727 18.1058
3 -1.58727 18.1058
3 -1.58727 18.1058
3 -1.58727 18.1058
3 -1.58727 18.1058
3 -1.58727 18.1058
3 -1.58727 18.1058
3 -1.58727 18.1058
3 -1.58727 18.1058
3 -1.58727 18.1058
3 -1.58727 18.1058
3 -1.58727 18.1058
3 -1.58727 18.1058
3 -1.58727 18.1058
3 -1.58727 18.1058
3 -1.58727 18.1058
3 -1.58727 18.1058
3 -1.58727 18.1058
3 -1.58727 18.1058
3 -1.58727 18.1058
3 -1.58727 18.1058
3 -1.58727 18.1058
3 -1.58727 18.1058
3 -1.58727 18.1058
3 -1.58727 18.1058
3 -1.58727 18.1058
3 -1.58727 18.1058
3 -1.58727 18.1058
3 -1.58727 18.1058
3 -1.58727 18.1058
3 -1.58727 18.1058
3 -1.58727 18.1058
3 -1.58727 18.1058
3 -1.58727 18.1058
3 -1.58727 18.1058
3 -1.58727 18.1058
3 -1.58727 18.1058
3 -1.58727 18.1058
3 -1.58727 18.1058
3 -1.58727 18.1058
3 -1.58727 18.1058
3 -1.58727 18.1058
3 -1.58727 18.1058
3 -1.58727 18.1058
3 -1.58727 18.1058
3 -1.58727 18.1058
3 -1.58727 18.1058
3 -1.58727 18.1058
3 -1.58727 18.1058
3 -1.58727 18.1058
3 -1.58727 18.1058
3 -1.58727 18.1058
3 -1.58727 18.1058
3 -1.58727 18.1058
3 -1.58727 18.1058
3 -1.58727 18.1058
3 -1.58727 18.1058
3 -1.58727 18.1058
3 -1.58727 18.1058
3 -1.58727 18.1058
3 -1.58727 18.1058
3 -1.58727 18.1058
3 -1.58727 18.1058
3 -1.58727 18.1058
3 -1.58727 18.1058
3 -1.58727 18.1058
3 -1.58727 18.1058
3 -1.58727 18.1058
3 -1.58727 18.1058
3 -1.58727 18.1058
3 -1.58727 18.1058
3 -1.58727 18.1058
3 -1.58727 18.1058
3 -1.58727 18.1058
3 -1.58727 18.1058
3 -1.58727 18.1058
3 -1.58727 18.1058
3 -1.58727 18.1058
3 -1.58727 18.1058
3 -1.58727 18.1058
3 -1.58727 18.1058
3 -1.58727 18.1058
3 -1.58727 18.1058
3 -1.58727 18.1058
3 -1.58727 18.1058
3 -1.58727 18.1058
3 -1.58727 18.1058
3 -1.58727 18.1058
3 -1.58727 18.1058
3 -1.58727 18.1058
3 -1.58727 18.1058
3 -1.58727 18.1058
3 -1.58727 18.1058
3 -1.58727 18.1058
3 -1.58727 18.1058
3 -1.58727 18.1058
3 -1.58727 18.1058
3 -1.58727 18.1058
3 -1.58727 18.1058
3 -1.58727 18.1058
3 -1.58727 18.1058
3 -1.58727 18.1058
3 -1.58727 18.1058
3 -1.58727 18.1058
3 -1.58727 18.1058
3 -1.58727 18.1058
3 -1.58727 18.1058
3 -1.58727 18.1058
3 -1.58727 18.1058
3 -1.58727 18.1058
3 -1.58727 18.1058
3 -1.58727 18.1058
3 -1.58727 18.1058
3 -1.58727 18.1058
3 -1.58727 18.1058
3 -1.58727 18.1058
3 -1.58727 18.1058
3 -1.58727 18.1058
3 -1.58727 18.1058
3 -1.58727 18.1058
3 -1.58727 18.1058
3 -1.58727 18.1058
3 -1.58727 18.1058
3 -1.58727 18.1058
3 -1.58727 18.1058
3 -1.58727 18.1058
3 -1.58727 18.1058
3 -1.58727 18.1058
3 -1.58727 18.1058
3 -1.58727 18.1058
3 -1.58727 18.1058
3 -1.58727 18.1058
3 -1.58727 18.1058
3 -1.58727 18.1058
3 -1.58727 18.1058
3 -1.58727 18.1058
3 -1.58727 18.1058
3 -1.58727 18.1058
3 -1.58727 18.1058
3 -1.58727 18.1058
3 -1.58727 18.1058
3 -1.58727 18.1058
3 -1.58727 18.1058
3 -1.58727 18.1058
3 -1.58727 18.1058
3 -1.58727 18.1058
3 -1.58727 18.1058
3 -1.58727 18.1058
3 -1.58727 18.1058
3 -1.58727 18.1058
3 -1.58727 18.1058
3 -1.58727 18.1058
3 -1.58727 18.1058
3 -1.58727 18.1058
3 -1.58727 18.1058
3 -1.58727 18.1058
3 -1.58727 18.1058
3 -1.58727 18.1058
3 -1.58727 18.1058
3 -1.58727 18.1058
3 -1.58727 18.1058
3 -1.58727 18.1058
3 -1.58727 18.1058
3 -1.58727 18.1058
3 -1.58727 18.1058
3 -1.58727 18.1058
3 -1.58727 18.1058
3 -1.58727 18.1058
3 -1.58727 18.1058
3 -1.58727 18.1058
3 -1.58727 18.1058
3 -1.58727 18.1058
3 -1.58727 18.1058
3 -1.58727 18.1058
3 -1.58727 18.1058
3 -1.58727 18.1058
3 -1.58727 18.1058
3 -1.58727 18.1058
3 -1.58727 18.1058
3 -1.58727 18.1058
3 -1.58727 18.1058
3 -1.58727 18.1058
3 -1.58727 18.1058
3 -1.58727 18.1058
3 -1.58727 18.1058
3 -1.58727 18.1058
3 -1.58727 18.1058
3 -1.58727 18.1058
3 -1.58727 18.1058
3 -1.58727 18.1058
3 -1.58727 18.1058
3 -1.58727 18.1058
3 -1.58727 18.1058
3 -1.58727 18.1058
3 -1.58727 18.1058
3 -1.58727 18.1058
3 -1.58727 18.1058
3 -1.58727 18.1058
3 -1.58727 18.1058
3 -1.58727 18.1058
3 -1.58727 18.1058
3 -1.58727 18.1058
3 -1.58727 18.1058
3 -1.58727 18.1058
3 -1.58727 18.1058
3 -1.58727 18.1058
3 -1.58727 18.1058
3 -1.58727 18.1058
3 -1.58727 18.1058
3 -1.58727 18.1058
3 -1.58727 18.1058
3 -1.58727 18.1058
3 -1.58727 18.1058
3 -1.58727 18.1058
3 -1.58727 18.1058
3 -1.58727 18.1058
3 -1.58727 18.1058
3 -1.58727 18.1058
3 -1.58727 18.1058
3 -1.58727 18.1058
3 -1.58727 18.1058
3 -1.58727 18.1058
3 -1.58727 18.1058
3 -1.58727 18.1058
3 -1.58727 18.1058
3 -1.58727 18.1058
3 -1.58727 18.1058
3 -1.58727 18.1058
3 -1.58727 18.1058
3 -1.58727 18.1058
3 -1.58727 18.1058
3 -1.58727 18.1058
3 -1.58727 18.1058
3 -1.58727 18.1058
3 -1.58727 18.1058
3 -1.58727 18.1058
3 -1.58727 18.1058
3 -1.58727 18.1058
3 -1.58727 18.1058
3 -1.58727 18.1058
3 -1.58727 18.1058
3 -1.58727 18.1058
3 -1.58727 18.1058
3 -1.58727 18.1058
3 -1.58727 18.1058
3 -1.58727 18.1058
3 -1.58727 18.1058
3 -1.58727 18.1058
3 -1.58727 18.1058
3 -1.58727 18.1058
3 -1.58727 18.1058
3 -1.58727 18.1058
3 -1.58727 18.1058
3 -1.58727 18.1058
3 -1.58727 18.1058
3 -1.58727 18.1058
3 -1.58727 18.1058
3 -1.58727 18.1058
3 -1.58727 18.1058
3 -1.58727 18.1058
3 -1.58727 18.1058
3 -1.58727 18.1058
3 -1.58727 18.1058
3 -1.58727 18.1058
3 -1.58727 18.1058
3 -1.58727 18.1058
3 -1.58727 18.1058
3 -1.58727 18.1058
3 -1.58727 18.1058
3 -1.58727 18.1058
3 -1.58727 18.1058
3 -1.58727 18.1058
3 -1.58727 18.1058
3 -1.58727 18.1058
3 -1.58727 18.1058
3 -1.58727 18.1058
3 -1.58727 18.1058
3 -1.58727 18.1058
3 -1.58727 18.1058
3 -1.58727 18.1058
3 -1.58727 18.1058
3 -1.58727 18.1058
3 -1.58727 18.1058
3 -1.58727 18.1058
3 -1.58727 18.1058
3 -1.58727 18.1058
3 -1.58727 18.1058
3 -1.58727 18.1058
3 -1.58727 18.1058
3 -1.58727 18.1058
3 -1.58727 18.1058
3 -1.58727 18.1058
3 -1.58727 18.1058
3 -1.58727 18.1058
3 -1.58727 18.1058
3 -1.58727 18.1058
3 -1.58727 18.1058
3 -1.58727 18.1058
3 -1.58727 18.1058
3 -1.58727 18.1058
3 -1.58727 18.1058
3 -1.58727 18.1058
3 -1.58727 18.1058
3 -1.58727 18.1058
3 -1.58727 18.1058
3 -1.58727 18.1058
3 -1.58727 18.1058
3 -1.58712 18.1029
3 -1.5868 18.0999
3 -1.58648 18.0971
3 -1.58618 18.0944
3 -1.58589 18.0918
3 -1.5856 18.0891
3 -1.5853 18.0864
3 -1.58499 18.0836
3 -1.58468 18.0807
