1 0.00872685 2.29571
1 -0.00483006 2.1873
1 -0.00634612 2.18512
1 -0.00655994 2.18509
1 -0.00711622 2.18556
1 -0.0077345 2.18625
1 -0.00844836 2.18705
1 -0.00914787 2.18862
1 -0.00952869 2.1901
1 -0.00976449 2.19157
1 -0.009905 2.19293
1 -0.00997022 2.1942
1 -0.00952456 2.19552
1 -0.00896341 2.19678
1 -0.00834388 2.19799
1 -0.00770557 2.19914
1 -0.00697131 2.20026
1 -0.00636305 2.20138
1 -0.005876 2.20245
1 -0.00548937 2.20352
1 -0.00563038 2.20572
1 -0.00571033 2.20777
1 -0.00577569 2.20971
1 -0.00579185 2.21155
1 -0.00574344 2.21332
1 -0.00593417 2.21513
1 -0.00591112 2.21673
1 -0.00583002 2.21832
1 -0.00575471 2.21983
1 -0.00567233 2.22132
1 -0.00555349 2.22278
1 -0.00503258 2.22452
1 -0.00451898 2.22619
1 -0.00400423 2.22782
1 -0.00350928 2.2294
1 -0.00298453 2.23093
1 -0.00246023 2.2324
1 -0.00197557 2.23382
1 -0.00154831 2.2352
1 -0.00103558 2.23654
1 -0.000528313 2.23782
1 -2.54816e-06 2.23907
1 0.000503577 2.24029
1 0.00105084 2.24155
1 0.00157911 2.24277
1 0.00213331 2.24394
1 0.00266763 2.24507
1 0.00317718 2.24615
1 0.00366485 2.24719
1 0.00417273 2.24817
1 0.00467582 2.24912
1 0.00513837 2.25003
1 0.00553365 2.25091
1 0.00588429 2.25176
1 0.00622254 2.25258
1 0.00655284 2.25337
1 0.00691441 2.25412
1 0.00724637 2.25485
1 0.0075597 2.25554
1 0.00787875 2.25621
1 0.00819148 2.25686
1 0.0084676 2.25748
1 0.00872612 2.2581
1 0.00895962 2.2587
1 0.0091763 2.25929
1 0.00938828 2.25988
1 0.00962354 2.26045
1 0.00982014 2.26101
1 0.00999511 2.26157
1 0.0101855 2.26212
1 0.0103901 2.26265
1 0.0106125 2.26316
1 0.0108314 2.26366
1 0.0110483 2.26415
1 0.0112744 2.26462
1 0.0114927 2.26509
1 0.011722 2.26554
1 0.0119767 2.26599
1 0.0122343 2.26643
1 0.0124845 2.26686
1 0.0127288 2.26727
1 0.0129691 2.26767
1 0.0131886 2.26806
1 0.0134442 2.26843
1 0.0137048 2.26878
1 0.0139449 2.26912
1 0.0141964 2.26944
1 0.0144396 2.26975
1 0.0146926 2.27005
1 0.0149305 2.27032
1 0.0151677 2.27058
1 0.0153924 2.27083
1 0.0155928 2.27107
1 0.0158028 2.27129
1 0.0160267 2.2715
1 0.0162504 2.2717
1 0.016464 2.2719
1 0.0166725 2.27209
1 0.0168673 2.27228
1 0.0170442 2.27246
1 0.0172413 2.27264
1 0.0174253 2.27282
1 0.0175974 2.27299
1 0.0177576 2.27316
1 0.0178992 2.27333
1 0.018047 2.27349
1 0.0181973 2.27364
1 0.0183149 2.27378
1 0.0184163 2.27392
1 0.0184961 2.27406
1 0.0185611 2.27421
1 0.0186199 2.27435
1 0.0186923 2.2745
1 0.0187727 2.27464
1 0.0188591 2.27478
1 0.0189258 2.27492
1 0.0189596 2.27507
1 0.0189857 2.27523
1 0.0190091 2.27539
1 0.019039 2.27555
1 0.0190663 2.27571
1 0.0190871 2.27587
1 0.0191091 2.27603
1 0.0191375 2.27619
1 0.0191479 2.27635
1 0.0191509 2.2765
1 0.0191469 2.27665
1 0.019139 2.2768
1 0.0191387 2.27694
1 0.0191292 2.27706
1 0.0191152 2.27718
1 0.0190923 2.2773
1 0.0190683 2.2774
1 0.0190507 2.27749
1 0.0190179 2.27756
1 0.0189805 2.27764
1 0.0189509 2.27769
1 0.01894 2.27773
1 0.0189203 2.27777
1 0.0188804 2.2778
1 0.0188111 2.27783
1 0.0187389 2.27786
1 0.0186596 2.27789
1 0.0185615 2.27791
1 0.0184635 2.27794
1 0.0183829 2.27795
1 0.018304 2.27797
1 0.0182161 2.27798
1 0.0181133 2.27798
1 0.018008 2.27798
1 0.0178998 2.27798
1 0.0177909 2.27797
1 0.0176832 2.27795
1 0.0175843 2.27792
1 0.0174949 2.27789
1 0.0174081 2.27786
1 0.0173263 2.27782
1 0.0172531 2.27777
1 0.017172 2.27772
1 0.0170916 2.27767
1 0.0170126 2.27762
1 0.0169228 2.27756
1 0.0168206 2.2775
1 0.0167261 2.27744
1 0.0166325 2.27737
1 0.0165327 2.27731
1 0.0164201 2.27724
1 0.0163055 2.27716
1 0.0161856 2.27709
1 0.0160608 2.27701
1 0.0159367 2.27694
1 0.0158148 2.27686
1 0.0156927 2.27678
1 0.0155702 2.2767
1 0.0154553 2.27661
1 0.015358 2.27653
1 0.0152606 2.27645
1 0.0151562 2.27636
1 0.0150416 2.27629
1 0.0149332 2.27622
1 0.0148149 2.27616
1 0.0146891 2.27611
1 0.0145565 2.27607
1 0.0144237 2.27606
1 0.0142859 2.27605
1 0.0141405 2.27606
1 0.0139903 2.27608
1 0.0138337 2.27613
1 0.013694 2.2762
1 0.0135617 2.27627
1 0.0134424 2.27636
1 0.0133158 2.27645
1 0.0131922 2.27657
1 0.0130671 2.2767
1 0.0129449 2.27685
1 0.0128291 2.27701
1 0.0127196 2.27718
1 0.0126206 2.27737
1 0.0125257 2.27756
1 0.0124323 2.27776
1 0.01234 2.27798
1 0.0122505 2.27822
1 0.0121593 2.27846
1 0.012063 2.27872
1 0.0119712 2.27899
1 0.0118818 2.27927
1 0.0117833 2.27957
1 0.0116745 2.2799
1 0.0115705 2.28023
1 0.0114732 2.28057
1 0.011385 2.28092
1 0.011385 2.28092
1 0.011385 2.28092
1 0.011385 2.28092
1 0.011385 2.28092
1 0.011385 2.28092
1 0.011385 2.28092
1 0.011385 2.28092
1 0.011385 2.28092
1 0.011385 2.28092
1 0.011385 2.28092
1 0.011385 2.28092
1 0.011385 2.28092
1 0.011385 2.28092
1 0.011385 2.28092
1 0.011385 2.28092
1 0.011385 2.28092
1 0.011385 2.28092
1 0.011385 2.28092
1 0.011385 2.28092
1 0.011385 2.28092
1 0.011385 2.28092
1 0.011385 2.28092
1 0.011385 2.28092
1 0.011385 2.28092
1 0.011385 2.28092
1 0.011385 2.28092
1 0.011385 2.28092
1 0.011385 2.28092
1 0.011385 2.28092
1 0.011385 2.28092
1 0.011385 2.28092
1 0.011385 2.28092
1 0.011385 2.28092
1 0.011385 2.28092
1 0.011385 2.28092
1 0.011385 2.28092
1 0.011385 2.28092
1 0.011385 2.28092
1 0.011385 2.28092
1 0.011385 2.28092
1 0.011385 2.28092
1 0.011385 2.28092
1 0.011385 2.28092
1 0.011385 2.28092
1 0.011385 2.28092
1 0.011385 2.28092
1 0.011385 2.28092
1 0.011385 2.28092
1 0.011385 2.28092
1 0.011385 2.28092
1 0.011385 2.28092
1 0.011385 2.28092
1 0.011385 2.28092
1 0.011385 2.28092
1 0.011385 2.28092
1 0.011385 2.28092
1 0.011385 2.28092
1 0.011385 2.28092
1 0.011385 2.28092
1 0.011385 2.28092
1 0.011385 2.28092
1 0.011385 2.28092
1 0.011385 2.28092
1 0.011385 2.28092
1 0.011385 2.28092
1 0.011385 2.28092
1 0.011385 2.28092
1 0.011385 2.28092
1 0.011385 2.28092
1 0.011385 2.28092
1 0.011385 2.28092
1 0.011385 2.28092
1 0.011385 2.28092
1 0.011385 2.28092
1 0.011385 2.28092
1 0.011385 2.28092
1 0.011385 2.28092
1 0.011385 2.28092
1 0.011385 2.28092
1 0.011385 2.28092
1 0.011385 2.28092
1 0.011385 2.28092
1 0.011385 2.28092
1 0.011385 2.28092
1 0.011385 2.28092
1 0.011385 2.28092
1 0.011385 2.28092
1 0.011385 2.28092
1 0.011385 2.28092
1 0.011385 2.28092
1 0.011385 2.28092
1 0.011385 2.28092
1 0.011385 2.28092
1 0.011385 2.28092
1 0.011385 2.28092
1 0.011385 2.28092
1 0.011385 2.28092
1 0.011385 2.28092
1 0.011385 2.28092
1 0.011385 2.28092
1 0.011385 2.28092
1 0.011385 2.28092
1 0.011385 2.28092
1 0.011385 2.28092
1 0.011385 2.28092
1 0.011385 2.28092
1 0.011385 2.28092
1 0.011385 2.28092
1 0.011385 2.28092
1 0.011385 2.28092
1 0.011385 2.28092
1 0.011385 2.28092
1 0.011385 2.28092
1 0.011385 2.28092
1 0.011385 2.28092
1 0.011385 2.28092
1 0.011385 2.28092
1 0.011385 2.28092
1 0.011385 2.28092
1 0.011385 2.28092
1 0.011385 2.28092
1 0.011385 2.28092
1 0.011385 2.28092
1 0.011385 2.28092
1 0.011385 2.28092
1 0.011385 2.28092
1 0.011385 2.28092
1 0.011385 2.28092
1 0.011385 2.28092
1 0.011385 2.28092
1 0.011385 2.28092
1 0.011385 2.28092
1 0.011385 2.28092
1 0.011385 2.28092
1 0.011385 2.28092
1 0.011385 2.28092
1 0.011385 2.28092
1 0.011385 2.28092
1 0.011385 2.28092
1 0.011385 2.28092
1 0.011385 2.28092
1 0.011385 2.28092
1 0.011385 2.28092
1 0.011385 2.28092
1 0.011385 2.28092
1 0.011385 2.28092
1 0.011385 2.28092
1 0.011385 2.28092
1 0.011385 2.28092
1 0.011385 2.28092
1 0.011385 2.28092
1 0.011385 2.28092
1 0.011385 2.28092
1 0.011385 2.28092
1 0.011385 2.28092
1 0.011385 2.28092
1 0.011385 2.28092
1 0.011385 2.28092
1 0.011385 2.28092
1 0.011385 2.28092
1 0.011385 2.28092
1 0.011385 2.28092
1 0.011385 2.28092
1 0.011385 2.28092
1 0.011385 2.28092
1 0.011385 2.28092
1 0.011385 2.28092
1 0.011385 2.28092
1 0.011385 2.28092
1 0.011385 2.28092
1 0.011385 2.28092
1 0.011385 2.28092
1 0.0112926 2.28128
1 0.0110242 2.28299
1 0.0107652 2.28465
1 0.0105175 2.28628
1 0.0102665 2.28792
1 0.0100208 2.28953
1 0.00976674 2.29115
1 0.00951579 2.29277
1 0.0092599 2.29439
1 0.00900927 2.29599
1 0.00876709 2.29756
1 0.00852519 2.29912
1 0.00827849 2.30069
1 0.00803617 2.30225
1 0.00779717 2.30378
1 0.00756043 2.30531
1 0.00733349 2.30679
1 0.0071162 2.30823
1 0.00689911 2.30967
1 0.00668701 2.31107
1 0.00647063 2.31249
1 0.00624648 2.31393
1 0.00601382 2.31538
1 0.00577719 2.31685
1 0.00553968 2.31832
1 0.00532538 2.31969
1 0.00511275 2.32105
1 0.00490028 2.32241
1 0.00468511 2.32378
1 0.00446836 2.32515
1 0.00425232 2.32651
1 0.00404169 2.32785
1 0.0038381 2.32917
1 0.00363963 2.33047
1 0.00343418 2.33178
1 0.00321986 2.33313
1 0.00298863 2.33454
1 0.00275926 2.33594
1 0.00251179 2.33741
1 0.00226176 2.33889
1 0.00201695 2.34035
1 0.00177896 2.34178
1 0.00153991 2.34321
1 0.00129992 2.34465
1 0.00106423 2.34607
1 0.000832416 2.34747
1 0.000604801 2.34886
1 0.000382448 2.35022
1 0.000150292 2.35162
1 -8.65592e-05 2.35304
1 -0.000337278 2.35451
1 -0.000337278 2.35451
1 -0.000337278 2.35451
1 -0.000337278 2.35451
1 -0.000337278 2.35451
1 -0.000337278 2.35451
1 -0.000337278 2.35451
1 -0.000337278 2.35451
1 -0.000337278 2.35451
1 -0.000337278 2.35451
1 -0.000337278 2.35451
1 -0.000337278 2.35451
1 -0.000337278 2.35451
1 -0.000337278 2.35451
1 -0.000337278 2.35451
1 -0.000337278 2.35451
1 -0.000337278 2.35451
1 -0.000337278 2.35451
1 -0.000337278 2.35451
1 -0.000337278 2.35451
1 -0.000337278 2.35451
1 -0.000337278 2.35451
1 -0.000337278 2.35451
1 -0.000337278 2.35451
1 -0.000337278 2.35451
1 -0.000337278 2.35451
1 -0.000337278 2.35451
1 -0.000337278 2.35451
1 -0.000337278 2.35451
1 -0.000337278 2.35451
1 -0.000337278 2.35451
1 -0.000337278 2.35451
1 -0.000337278 2.35451
1 -0.000337278 2.35451
1 -0.000337278 2.35451
1 -0.000337278 2.35451
1 -0.000337278 2.35451
1 -0.000337278 2.35451
1 -0.000337278 2.35451
1 -0.000337278 2.35451
2 -0.660859 7.13531
2 -0.660573 7.13054
2 -0.660326 7.12606
2 -0.660138 7.12203
2 -0.659989 7.11828
2 -0.659883 7.11485
2 -0.65981 7.11168
2 -0.659778 7.10882
2 -0.659798 7.10635
2 -0.659851 7.10413
2 -0.659938 7.10217
2 -0.660046 7.1004
2 -0.660213 7.09908
2 -0.660409 7.09799
2 -0.660632 7.09712
2 -0.660882 7.09647
2 -0.661158 7.09602
2 -0.661468 7.09585
2 -0.661792 7.0958
2 -0.662124 7.09585
2 -0.662477 7.09606
2 -0.66286 7.09653
2 -0.663257 7.09712
2 -0.663673 7.09787
2 -0.664118 7.09887
2 -0.664575 7.09998
2 -0.66504 7.10117
2 -0.66551 7.10243
2 -0.665983 7.10377
2 -0.666464 7.10518
2 -0.666952 7.10667
2 -0.667431 7.10817
2 -0.667913 7.10969
2 -0.668398 7.11126
2 -0.668904 7.11302
2 -0.669427 7.11493
2 -0.669946 7.11684
2 -0.670466 7.11878
2 -0.670987 7.12075
2 -0.67151 7.12277
2 -0.672042 7.12487
2 -0.672589 7.1271
2 -0.673137 7.12936
2 -0.673678 7.13161
2 -0.674221 7.13388
2 -0.674765 7.13622
2 -0.675312 7.13859
2 -0.675856 7.14096
2 -0.676393 7.14332
2 -0.676924 7.14566
2 -0.677451 7.148
2 -0.677981 7.15037
2 -0.67852 7.15282
2 -0.679063 7.15532
2 -0.679599 7.1578
2 -0.680129 7.16026
2 -0.680662 7.16277
2 -0.681183 7.16522
2 -0.681696 7.16764
2 -0.682215 7.17012
2 -0.68274 7.17265
2 -0.683269 7.17524
2 -0.683798 7.17784
2 -0.684323 7.18044
2 -0.684841 7.18301
2 -0.685349 7.18553
2 -0.685846 7.18799
2 -0.686334 7.19042
2 -0.686825 7.19288
2 -0.68732 7.1954
2 -0.687818 7.19796
2 -0.688325 7.2006
2 -0.688836 7.20329
2 -0.689348 7.206
2 -0.689863 7.20875
2 -0.69038 7.21153
2 -0.690891 7.21428
2 -0.690891 7.21428
2 -0.690891 7.21428
2 -0.690891 7.21428
2 -0.690891 7.21428
2 -0.690891 7.21428
2 -0.690891 7.21428
2 -0.690891 7.21428
2 -0.690891 7.21428
2 -0.690891 7.21428
2 -0.690891 7.21428
2 -0.690891 7.21428
2 -0.690891 7.21428
2 -0.690891 7.21428
2 -0.690891 7.21428
2 -0.690891 7.21428
2 -0.690891 7.21428
2 -0.690891 7.21428
2 -0.690891 7.21428
2 -0.690891 7.21428
2 -0.690891 7.21428
2 -0.690891 7.21428
2 -0.690891 7.21428
2 -0.690891 7.21428
2 -0.690891 7.21428
2 -0.690891 7.21428
2 -0.690891 7.21428
2 -0.690891 7.21428
2 -0.690891 7.21428
2 -0.690891 7.21428
2 -0.690891 7.21428
2 -0.690891 7.21428
2 -0.690891 7.21428
2 -0.690891 7.21428
2 -0.690891 7.21428
2 -0.690891 7.21428
2 -0.690891 7.21428
2 -0.690891 7.21428
2 -0.690891 7.21428
2 -0.690891 7.21428
2 -0.690891 7.21428
2 -0.690891 7.21428
2 -0.690891 7.21428
2 -0.690891 7.21428
2 -0.690891 7.21428
2 -0.690891 7.21428
2 -0.690891 7.21428
2 -0.690891 7.21428
2 -0.690891 7.21428
2 -0.690891 7.21428
2 -0.690891 7.21428
2 -0.690891 7.21428
2 -0.690891 7.21428
2 -0.690891 7.21428
2 -0.690891 7.21428
2 -0.690891 7.21428
2 -0.690891 7.21428
2 -0.690891 7.21428
2 -0.690891 7.21428
2 -0.690891 7.21428
2 -0.690891 7.21428
2 -0.690891 7.21428
2 -0.690891 7.21428
2 -0.690891 7.21428
2 -0.690891 7.21428
2 -0.690891 7.21428
2 -0.690891 7.21428
2 -0.690891 7.21428
2 -0.690891 7.21428
2 -0.690891 7.21428
2 -0.690891 7.21428
2 -0.690891 7.21428
2 -0.690891 7.21428
2 -0.690891 7.21428
2 -0.690891 7.21428
2 -0.690891 7.21428
2 -0.690891 7.21428
2 -0.690891 7.21428
2 -0.690891 7.21428
2 -0.690891 7.21428
2 -0.690891 7.21428
2 -0.690891 7.21428
2 -0.690891 7.21428
2 -0.690891 7.21428
2 -0.690891 7.21428
2 -0.690891 7.21428
2 -0.690891 7.21428
2 -0.690891 7.21428
2 -0.690891 7.21428
2 -0.690891 7.21428
2 -0.690891 7.21428
2 -0.690891 7.21428
2 -0.690891 7.21428
2 -0.690891 7.21428
2 -0.690891 7.21428
2 -0.690891 7.21428
2 -0.690891 7.21428
2 -0.690891 7.21428
2 -0.690891 7.21428
2 -0.690891 7.21428
2 -0.690891 7.21428
2 -0.690891 7.21428
2 -0.690891 7.21428
2 -0.690891 7.21428
2 -0.690891 7.21428
2 -0.690891 7.21428
2 -0.690891 7.21428
2 -0.690891 7.21428
2 -0.690891 7.21428
2 -0.690891 7.21428
3 -1.60177 18.3392
3 -1.60144 18.3344
3 -1.60117 18.3304
3 -1.60098 18.3273
3 -1.60086 18.325
3 -1.60083 18.3239
3 -1.60088 18.3237
3 -1.601 18.3243
3 -1.60118 18.3256
3 -1.60139 18.3274
3 -1.60165 18.3296
3 -1.60195 18.3324
3 -1.60232 18.3361
3 -1.60274 18.3403
3 -1.6032 18.3451
3 -1.6032 18.3451
3 -1.6032 18.3451
3 -1.6032 18.3451
3 -1.6032 18.3451
3 -1.6032 18.3451
3 -1.6032 18.3451
3 -1.6032 18.3451
3 -1.6032 18.3451
3 -1.6032 18.3451
3 -1.6032 18.3451
3 -1.6032 18.3451
3 -1.6032 18.3451
3 -1.6032 18.3451
3 -1.6032 18.3451
3 -1.6032 18.3451
3 -1.6032 18.3451
3 -1.6032 18.3451
3 -1.6032 18.3451
3 -1.6032 18.3451
3 -1.6032 18.3451
3 -1.6032 18.3451
3 -1.6032 18.3451
3 -1.6032 18.3451
3 -1.6032 18.3451
3 -1.6032 18.3451
3 -1.6032 18.3451
3 -1.6032 18.3451
3 -1.6032 18.3451
3 -1.6032 18.3451
3 -1.6032 18.3451
3 -1.6032 18.3451
3 -1.6032 18.3451
3 -1.6032 18.3451
3 -1.6032 18.3451
3 -1.6032 18.3451
3 -1.6032 18.3451
3 -1.6032 18.3451
3 -1.6032 18.3451
3 -1.6032 18.3451
3 -1.6032 18.3451
3 -1.6032 18.3451
3 -1.6032 18.3451
3 -1.6032 18.3451
3 -1.6032 18.3451
3 -1.6032 18.3451
3 -1.6032 18.3451
3 -1.6032 18.3451
3 -1.6032 18.3451
3 -1.6032 18.3451
3 -1.6032 18.3451
3 -1.6032 18.3451
3 -1.6032 18.3451
3 -1.6032 18.3451
3 -1.6032 18.3451
3 -1.6032 18.3451
3 -1.6032 18.3451
3 -1.6032 18.3451
3 -1.6032 18.3451
3 -1.6032 18.3451
3 -1.6032 18.3451
3 -1.6032 18.3451
3 -1.6032 18.3451
3 -1.6032 18.3451
3 -1.6032 18.3451
3 -1.6032 18.3451
3 -1.6032 18.3451
3 -1.6032 18.3451
3 -1.6032 18.3451
3 -1.6032 18.3451
3 -1.6032 18.3451
3 -1.6032 18.3451
3 -1.6032 18.3451
3 -1.6032 18.3451
3 -1.6032 18.3451
3 -1.6032 18.3451
3 -1.6032 18.3451
3 -1.6032 18.3451
3 -1.6032 18.3451
3 -1.6032 18.3451
3 -1.6032 18.3451
3 -1.6032 18.3451
3 -1.6032 18.3451
3 -1.6032 18.3451
3 -1.6032 18.3451
3 -1.6032 18.3451
3 -1.6032 18.3451
3 -1.6032 18.3451
3 -1.6032 18.3451
3 -1.6032 18.3451
3 -1.6032 18.3451
3 -1.6032 18.3451
3 -1.6032 18.3451
3 -1.6032 18.3451
3 -1.60373 18.3506
3 -1.60429 18.3539
3 -1.60482 18.3568
3 -1.60533 18.3595
3 -1.60584 18.3623
3 -1.60633 18.3648
3 -1.60683 18.3674
3 -1.60734 18.3702
3 -1.60734 18.3702
3 -1.60734 18.3702
3 -1.60734 18.3702
3 -1.60734 18.3702
3 -1.60734 18.3702
3 -1.60734 18.3702
3 -1.60734 18.3702
3 -1.60734 18.3702
3 -1.60734 18.3702
3 -1.60734 18.3702
3 -1.60734 18.3702
3 -1.60734 18.3702
3 -1.60734 18.3702
3 -1.60734 18.3702
3 -1.60734 18.3702
3 -1.60734 18.3702
3 -1.60734 18.3702
3 -1.60734 18.3702
3 -1.60734 18.3702
3 -1.60734 18.3702
3 -1.60734 18.3702
3 -1.60734 18.3702
3 -1.60734 18.3702
3 -1.60789 18.3735
3 -1.60842 18.3767
3 -1.60894 18.3796
3 -1.60945 18.3826
3 -1.60945 18.3826
3 -1.60945 18.3826
3 -1.60945 18.3826
3 -1.60945 18.3826
3 -1.60945 18.3826
3 -1.60945 18.3826
3 -1.60945 18.3826
3 -1.60945 18.3826
3 -1.60945 18.3826
3 -1.60945 18.3826
3 -1.60945 18.3826
3 -1.60945 18.3826
3 -1.60945 18.3826
3 -1.60945 18.3826
3 -1.60945 18.3826
3 -1.60945 18.3826
3 -1.60945 18.3826
3 -1.60945 18.3826
3 -1.60945 18.3826
3 -1.60945 18.3826
3 -1.60945 18.3826
3 -1.60945 18.3826
3 -1.60945 18.3826
3 -1.60945 18.3826
3 -1.60945 18.3826
3 -1.60945 18.3826
3 -1.60945 18.3826
3 -1.60945 18.3826
3 -1.60945 18.3826
3 -1.60945 18.3826
3 -1.60945 18.3826
3 -1.60945 18.3826
3 -1.60945 18.3826
3 -1.60945 18.3826
3 -1.60945 18.3826
3 -1.60945 18.3826
3 -1.60945 18.3826
3 -1.60945 18.3826
3 -1.60945 18.3826
3 -1.60945 18.3826
3 -1.60945 18.3826
3 -1.60995 18.3855
3 -1.61047 18.3889
3 -1.61095 18.392
3 -1.61143 18.395
3 -1.61192 18.3981
3 -1.6124 18.4011
3 -1.61286 18.4041
3 -1.61333 18.407
3 -1.61377 18.4097
3 -1.6142 18.4123
3 -1.61463 18.4149
3 -1.61506 18.4175
3 -1.61549 18.4202
3 -1.61595 18.4231
3 -1.61643 18.4264
3 -1.61691 18.4297
3 -1.61739 18.433
3 -1.61787 18.4363
3 -1.61835 18.4396
3 -1.61885 18.4431
3 -1.61933 18.4466
3 -1.61981 18.4499
3 -1.62027 18.453
3 -1.62071 18.456
3 -1.62116 18.4591
3 -1.62161 18.4621
3 -1.62205 18.4651
3 -1.62239 18.4671
3 -1.62274 18.469
3 -1.62308 18.4709
3 -1.62342 18.4729
3 -1.62375 18.4748
3 -1.62409 18.4767
3 -1.62443 18.4788
3 -1.62479 18.481
3 -1.62516 18.4833
3 -1.62555 18.486
3 -1.62595 18.4888
3 -1.62636 18.4917
3 -1.62679 18.4949
3 -1.62721 18.4979
3 -1.62763 18.501
3 -1.62807 18.5043
3 -1.62851 18.5077
3 -1.62895 18.511
3 -1.62936 18.5141
3 -1.62976 18.517
3 -1.63014 18.5197
3 -1.63049 18.5221
3 -1.63082 18.5242
3 -1.63113 18.5262
3 -1.63144 18.5281
3 -1.63177 18.5303
3 -1.63207 18.5324
3 -1.63235 18.534
3 -1.63261 18.5355
3 -1.63287 18.5369
3 -1.6331 18.5382
3 -1.63335 18.5395
3 -1.6336 18.541
3 -1.63386 18.5426
3 -1.63415 18.5445
3 -1.63444 18.5465
3 -1.63471 18.5484
3 -1.63498 18.5501
3 -1.63525 18.5519
3 -1.63553 18.5539
3 -1.63583 18.556
3 -1.63614 18.5583
3 -1.63645 18.5606
3 -1.63674 18.5627
3 -1.63702 18.5647
3 -1.63731 18.5668
3 -1.63761 18.5691
3 -1.63791 18.5715
3 -1.63823 18.574
3 -1.63855 18.5765
3 -1.63885 18.5789
3 -1.63914 18.5812
3 -1.63942 18.5833
3 -1.6397 18.5854
3 -1.63998 18.5875
3 -1.64026 18.5896
3 -1.64055 18.592
3 -1.64086 18.5945
3 -1.64118 18.5972
3 -1.64153 18.6002
3 -1.64189 18.6034
3 -1.64226 18.6066
3 -1.64264 18.6101
3 -1.643 18.6134
3 -1.64336 18.6165
3 -1.64369 18.6194
3 -1.64402 18.6223
3 -1.64436 18.6252
3 -1.6447 18.6283
3 -1.64505 18.6314
3 -1.64537 18.6343
3 -1.64569 18.6371
3 -1.646 18.6398
3 -1.64631 18.6424
3 -1.64658 18.6448
3 -1.64685 18.647
3 -1.64711 18.6492
3 -1.64738 18.6513
3 -1.64762 18.6533
3 -1.64783 18.6549
3 -1.64783 18.6549
3 -1.64783 18.6549
3 -1.64783 18.6549
3 -1.64783 18.6549
3 -1.64783 18.6549
3 -1.64783 18.6549
3 -1.64783 18.6549
3 -1.64783 18.6549
3 -1.64783 18.6549
3 -1.64783 18.6549
3 -1.64783 18.6549
3 -1.64783 18.6549
3 -1.64783 18.6549
3 -1.64783 18.6549
3 -1.64783 18.6549
3 -1.64783 18.6549
3 -1.64783 18.6549
3 -1.64783 18.6549
3 -1.64783 18.6549
3 -1.64783 18.6549
3 -1.64783 18.6549
3 -1.64783 18.6549
3 -1.64783 18.6549
3 -1.64783 18.6549
3 -1.64783 18.6549
3 -1.64783 18.6549
3 -1.64783 18.6549
3 -1.64783 18.6549
3 -1.64783 18.6549
3 -1.64783 18.6549
3 -1.64783 18.6549
3 -1.64783 18.6549
3 -1.64783 18.6549
3 -1.64783 18.6549
3 -1.64783 18.6549
3 -1.64783 18.6549
3 -1.64783 18.6549
3 -1.64783 18.6549
3 -1.64783 18.6549
3 -1.64783 18.6549
3 -1.64783 18.6549
3 -1.64783 18.6549
3 -1.64783 18.6549
3 -1.64783 18.6549
3 -1.64783 18.6549
3 -1.64783 18.6549
3 -1.64783 18.6549
3 -1.64783 18.6549
3 -1.64783 18.6549
3 -1.64783 18.6549
3 -1.64783 18.6549
3 -1.64783 18.6549
3 -1.64783 18.6549
3 -1.64783 18.6549
3 -1.64783 18.6549
3 -1.64783 18.6549
3 -1.64783 18.6549
3 -1.64783 18.6549
3 -1.64783 18.6549
3 -1.64783 18.6549
3 -1.64783 18.6549
3 -1.64783 18.6549
3 -1.64783 18.6549
3 -1.64783 18.6549
3 -1.64783 18.6549
3 -1.64783 18.6549
3 -1.64783 18.6549
3 -1.64783 18.6549
3 -1.64783 18.6549
3 -1.64783 18.6549
3 -1.64783 18.6549
3 -1.64783 18.6549
3 -1.64783 18.6549
3 -1.64783 18.6549
3 -1.64783 18.6549
3 -1.64783 18.6549
3 -1.64783 18.6549
3 -1.64783 18.6549
3 -1.64783 18.6549
3 -1.64783 18.6549
3 -1.64783 18.6549
3 -1.64783 18.6549
3 -1.64783 18.6549
3 -1.64783 18.6549
3 -1.64783 18.6549
3 -1.64783 18.6549
3 -1.64783 18.6549
3 -1.64783 18.6549
3 -1.64783 18.6549
3 -1.64783 18.6549
3 -1.64783 18.6549
3 -1.64783 18.6549
3 -1.64783 18.6549
3 -1.64783 18.6549
3 -1.64783 18.6549
3 -1.64783 18.6549
3 -1.64783 18.6549
3 -1.64783 18.6549
3 -1.64783 18.6549
3 -1.64783 18.6549
3 -1.64783 18.6549
3 -1.64783 18.6549
3 -1.64783 18.6549
3 -1.64783 18.6549
3 -1.64783 18.6549
3 -1.64783 18.6549
3 -1.64783 18.6549
3 -1.64783 18.6549
3 -1.64783 18.6549
3 -1.64783 18.6549
3 -1.64783 18.6549
3 -1.64783 18.6549
3 -1.64783 18.6549
3 -1.64783 18.6549
3 -1.64783 18.6549
3 -1.64783 18.6549
3 -1.64783 18.6549
3 -1.64783 18.6549
3 -1.64783 18.6549
3 -1.64783 18.6549
3 -1.64783 18.6549
3 -1.64783 18.6549
3 -1.64783 18.6549
3 -1.64783 18.6549
3 -1.64783 18.6549
3 -1.64783 18.6549
3 -1.64783 18.6549
3 -1.64783 18.6549
3 -1.64783 18.6549
3 -1.64783 18.6549
3 -1.64783 18.6549
3 -1.64783 18.6549
3 -1.64783 18.6549
3 -1.64783 18.6549
3 -1.64783 18.6549
3 -1.64783 18.6549
3 -1.64783 18.6549
3 -1.64783 18.6549
3 -1.64783 18.6549
3 -1.64783 18.6549
3 -1.64783 18.6549
3 -1.64783 18.6549
3 -1.64783 18.6549
3 -1.64783 18.6549
3 -1.64783 18.6549
3 -1.64783 18.6549
3 -1.64783 18.6549
3 -1.64783 18.6549
3 -1.64783 18.6549
3 -1.64783 18.6549
3 -1.64783 18.6549
3 -1.64783 18.6549
3 -1.64783 18.6549
3 -1.64783 18.6549
3 -1.64783 18.6549
3 -1.64783 18.6549
3 -1.64783 18.6549
3 -1.64783 18.6549
3 -1.64783 18.6549
3 -1.64783 18.6549
3 -1.64783 18.6549
