1 0.00872685 2.29571
1 0.0288669 2.29619
1 0.0286337 2.29713
1 0.0281407 2.29775
1 0.0275563 2.29832
1 0.0271395 2.29887
1 0.0266522 2.29941
1 0.0260331 2.29987
1 0.0250067 2.30039
1 0.0242641 2.30081
1 0.0236822 2.30115
1 0.0230596 2.30144
1 0.0226112 2.30166
1 0.0221178 2.30184
1 0.021598 2.30199
1 0.0210122 2.30213
1 0.0204813 2.30224
1 0.0199919 2.30233
1 0.0194586 2.30241
1 0.018956 2.30248
1 0.018505 2.30255
1 0.0180924 2.30261
1 0.0177142 2.30266
1 0.0173324 2.30272
1 0.0170213 2.30275
1 0.0167276 2.30277
1 0.0163621 2.30278
1 0.0159914 2.30277
1 0.0156552 2.30274
1 0.0153589 2.30268
1 0.0151028 2.30261
1 0.0148653 2.30252
1 0.0146456 2.30242
1 0.0144334 2.30231
1 0.0142194 2.30218
1 0.0140305 2.30201
1 0.0138271 2.30182
1 0.0136138 2.30157
1 0.013432 2.30129
1 0.0132082 2.30099
1 0.0129334 2.30067
1 0.0125986 2.30035
1 0.0122051 2.30002
1 0.0117576 2.29968
1 0.0113268 2.29934
1 0.0109079 2.29898
1 0.0104777 2.2986
1 0.0100444 2.29822
1 0.00962163 2.29782
1 0.00916461 2.2974
1 0.00872132 2.29699
1 0.00828841 2.29659
1 0.00779184 2.29619
1 0.007281 2.29579
1 0.00680286 2.2954
1 0.00631912 2.29501
1 0.00582836 2.29462
1 0.00531503 2.29425
1 0.00482162 2.29387
1 0.00434767 2.2935
1 0.00391603 2.29311
1 0.00350436 2.29273
1 0.00310701 2.29235
1 0.00274179 2.29196
1 0.00236926 2.29158
1 0.002057 2.2912
1 0.0017792 2.29081
1 0.00152758 2.29042
1 0.00128907 2.29004
1 0.00106216 2.28965
1 0.000834784 2.28927
1 0.000595119 2.28888
1 0.00038459 2.28847
1 0.000182913 2.28807
1 -1.55029e-05 2.28765
1 -0.000184029 2.28723
1 -0.00035366 2.28681
1 -0.000496187 2.28637
1 -0.000633816 2.28594
1 -0.00076552 2.28549
1 -0.000904048 2.28504
1 -0.00106154 2.28459
1 -0.0012227 2.28414
1 -0.00136554 2.28367
1 -0.0015073 2.28321
1 -0.00189709 2.28268
1 -0.00229706 2.28217
1 -0.00270351 2.28166
1 -0.00309998 2.28116
1 -0.00348865 2.28067
1 -0.00387734 2.28018
1 -0.00426818 2.2797
1 -0.00467385 2.27922
1 -0.00508966 2.27875
1 -0.00549836 2.27828
1 -0.00590975 2.2778
1 -0.00633425 2.27733
1 -0.00675268 2.27687
1 -0.00717759 2.27636
1 -0.00760936 2.27585
1 -0.00803674 2.27536
1 -0.00843696 2.27488
1 -0.00880605 2.2744
1 -0.00915267 2.27395
1 -0.00949858 2.27351
1 -0.00984844 2.27308
1 -0.0101994 2.27265
1 -0.0105483 2.27224
1 -0.0108866 2.27183
1 -0.0112072 2.27142
1 -0.0115155 2.27101
1 -0.0117957 2.27059
1 -0.0120816 2.27018
1 -0.0123555 2.26977
1 -0.0126303 2.26935
1 -0.0128968 2.26893
1 -0.0131612 2.26851
1 -0.0134135 2.26807
1 -0.0136528 2.26764
1 -0.0138952 2.26718
1 -0.0141479 2.26672
1 -0.0144246 2.26621
1 -0.014695 2.2657
1 -0.0149668 2.26519
1 -0.0152329 2.26466
1 -0.0154807 2.26411
1 -0.0157168 2.26357
1 -0.015941 2.26301
1 -0.0161762 2.26246
1 -0.0164262 2.2619
1 -0.0166842 2.26136
1 -0.0169736 2.26081
1 -0.017264 2.26027
1 -0.0175556 2.2597
1 -0.0178276 2.25912
1 -0.0180889 2.25855
1 -0.0183442 2.25798
1 -0.0186032 2.25741
1 -0.0188648 2.25684
1 -0.0191284 2.25626
1 -0.0193911 2.25569
1 -0.019651 2.25512
1 -0.0198953 2.25454
1 -0.0201258 2.25396
1 -0.0203448 2.25338
1 -0.0205338 2.25278
1 -0.0207122 2.25219
1 -0.0208843 2.25161
1 -0.0210485 2.25102
1 -0.0212091 2.25043
1 -0.0213735 2.24985
1 -0.0215501 2.24927
1 -0.0217273 2.24869
1 -0.0219012 2.24812
1 -0.0220739 2.24754
1 -0.0222583 2.24697
1 -0.022447 2.24641
1 -0.0226389 2.24585
1 -0.0228298 2.24529
1 -0.0230335 2.24474
1 -0.0232234 2.24419
1 -0.0234084 2.24366
1 -0.0235725 2.24313
1 -0.0237382 2.24263
1 -0.0238908 2.24214
1 -0.0240311 2.24167
1 -0.0241706 2.24122
1 -0.0243128 2.24079
1 -0.0244549 2.24038
1 -0.024596 2.23988
1 -0.0247425 2.2394
1 -0.0248954 2.23895
1 -0.0250487 2.23855
1 -0.0252122 2.23817
1 -0.0253841 2.23782
1 -0.0255655 2.23749
1 -0.0257421 2.23719
1 -0.0259085 2.2369
1 -0.0260585 2.23662
1 -0.0261887 2.23637
1 -0.0263091 2.23613
1 -0.0264235 2.23591
1 -0.0265365 2.23571
1 -0.0266488 2.23554
1 -0.0267552 2.23537
1 -0.0268527 2.23522
1 -0.0269367 2.23509
1 -0.0270176 2.23497
1 -0.0270991 2.23486
1 -0.0271794 2.23477
1 -0.027257 2.2347
1 -0.0273435 2.23464
1 -0.0274277 2.23459
1 -0.0275076 2.23456
1 -0.0275927 2.23454
1 -0.0276861 2.23454
1 -0.0277867 2.23455
1 -0.0278834 2.23458
1 -0.0279792 2.23461
1 -0.0280699 2.23466
1 -0.0281534 2.23471
1 -0.0282322 2.23477
1 -0.0283145 2.23485
1 -0.0283883 2.23494
1 -0.0284598 2.23503
1 -0.028524 2.23513
1 -0.0285507 2.23532
1 -0.0285715 2.23552
1 -0.0285937 2.23573
1 -0.0286144 2.23596
1 -0.0286383 2.2362
1 -0.0286613 2.23645
1 -0.0286818 2.2367
1 -0.028708 2.23697
1 -0.0287297 2.23725
1 -0.0287502 2.23753
1 -0.0287686 2.23782
1 -0.0287821 2.23812
1 -0.0287909 2.23842
1 -0.0287953 2.23874
1 -0.0288015 2.23906
1 -0.0288137 2.23941
1 -0.0288236 2.23976
1 -0.0288448 2.24013
1 -0.0288651 2.24051
1 -0.0288927 2.24091
1 -0.0289187 2.24131
1 -0.0289427 2.24173
1 -0.0289719 2.24216
1 -0.0290094 2.24261
1 -0.0290503 2.24307
1 -0.0291021 2.24356
1 -0.0291477 2.24405
1 -0.0291928 2.24455
1 -0.0292482 2.24506
1 -0.0293135 2.24559
1 -0.0293786 2.24612
1 -0.0294524 2.24667
1 -0.0295273 2.24723
1 -0.0296052 2.24779
1 -0.0296841 2.24836
1 -0.0297583 2.24893
1 -0.0298287 2.24951
1 -0.0298287 2.24951
1 -0.0298287 2.24951
1 -0.0298287 2.24951
1 -0.0298287 2.24951
1 -0.0298287 2.24951
1 -0.0298287 2.24951
1 -0.0298287 2.24951
1 -0.0298287 2.24951
1 -0.0298287 2.24951
1 -0.0298287 2.24951
1 -0.0298287 2.24951
1 -0.0298287 2.24951
1 -0.0298287 2.24951
1 -0.0298287 2.24951
1 -0.0298287 2.24951
1 -0.0298287 2.24951
1 -0.0298287 2.24951
1 -0.0298287 2.24951
1 -0.0298287 2.24951
1 -0.0298287 2.24951
1 -0.0298287 2.24951
1 -0.0298287 2.24951
1 -0.0298287 2.24951
1 -0.0298287 2.24951
1 -0.0298287 2.24951
1 -0.0298287 2.24951
1 -0.0298287 2.24951
1 -0.0298287 2.24951
1 -0.0298287 2.24951
1 -0.0298287 2.24951
1 -0.0298287 2.24951
1 -0.0298287 2.24951
1 -0.0298287 2.24951
1 -0.0298287 2.24951
1 -0.0298287 2.24951
1 -0.0298287 2.24951
1 -0.0298287 2.24951
1 -0.0298287 2.24951
1 -0.0298287 2.24951
1 -0.0298287 2.24951
1 -0.0298287 2.24951
1 -0.0298287 2.24951
1 -0.0298287 2.24951
1 -0.0298287 2.24951
1 -0.0298287 2.24951
1 -0.0298287 2.24951
1 -0.0298287 2.24951
1 -0.0298287 2.24951
1 -0.0298287 2.24951
1 -0.0298287 2.24951
1 -0.0298287 2.24951
1 -0.0298287 2.24951
1 -0.0298287 2.24951
1 -0.0298287 2.24951
1 -0.0298287 2.24951
1 -0.0298287 2.24951
1 -0.0298287 2.24951
1 -0.0298287 2.24951
1 -0.0298287 2.24951
1 -0.0298287 2.24951
1 -0.0298287 2.24951
1 -0.0298287 2.24951
1 -0.0298287 2.24951
1 -0.0298287 2.24951
1 -0.0298287 2.24951
1 -0.0298287 2.24951
1 -0.0298287 2.24951
1 -0.0298287 2.24951
1 -0.0298287 2.24951
1 -0.0298287 2.24951
1 -0.0298287 2.24951
1 -0.0298287 2.24951
1 -0.0298999 2.25009
1 -0.0299346 2.25127
1 -0.0299656 2.25243
1 -0.0299976 2.25359
1 -0.0300335 2.25476
1 -0.0300731 2.25592
1 -0.0301152 2.25709
1 -0.030165 2.25826
1 -0.0302129 2.25943
1 -0.0302511 2.26057
1 -0.0302892 2.2617
1 -0.0303237 2.26282
1 -0.0303554 2.26393
1 -0.0303812 2.26501
1 -0.0304028 2.26608
1 -0.0304275 2.26716
1 -0.0304585 2.26824
1 -0.0304954 2.26934
1 -0.0305366 2.27044
1 -0.0305754 2.27153
1 -0.0306121 2.2726
1 -0.0306371 2.27365
1 -0.0306551 2.27467
1 -0.0306751 2.27569
1 -0.0306863 2.27669
1 -0.0307015 2.2777
1 -0.0307203 2.27871
1 -0.030745 2.27973
1 -0.0307668 2.28075
1 -0.0307829 2.28175
1 -0.030797 2.28274
1 -0.0308149 2.28374
1 -0.0308321 2.28474
1 -0.030848 2.28573
1 -0.0308643 2.28671
1 -0.0308816 2.2877
1 -0.0308988 2.28869
1 -0.0309145 2.28966
1 -0.0309327 2.29064
1 -0.0309551 2.29163
1 -0.0309788 2.29262
1 -0.0309957 2.29359
1 -0.0310096 2.29454
1 -0.0310184 2.29547
1 -0.03102 2.29638
1 -0.0310221 2.29729
1 -0.0310182 2.29817
1 -0.0310145 2.29905
1 -0.0310065 2.29991
1 -0.0310017 2.30078
1 -0.0310017 2.30166
1 -0.0309967 2.30252
1 -0.030984 2.30335
1 -0.0309698 2.30418
1 -0.0309568 2.305
1 -0.0309426 2.30581
1 -0.0309248 2.30661
1 -0.0309034 2.30739
1 -0.030884 2.30818
1 -0.0308607 2.30895
1 -0.0308311 2.30969
1 -0.030804 2.31044
1 -0.0307819 2.3112
1 -0.0307604 2.31196
1 -0.0307435 2.31273
1 -0.0307261 2.3135
1 -0.0307068 2.31425
1 -0.0306829 2.31499
1 -0.0306609 2.31572
1 -0.0306457 2.31648
1 -0.0306325 2.31724
1 -0.0306187 2.31799
1 -0.0306053 2.31874
1 -0.0305878 2.31947
1 -0.0305645 2.32017
1 -0.030545 2.32088
1 -0.0305255 2.32158
1 -0.0305093 2.32229
1 -0.0304977 2.32301
1 -0.0304908 2.32374
1 -0.0304881 2.32448
1 -0.0304902 2.32524
1 -0.0304917 2.32598
1 -0.0304911 2.32672
1 -0.030492 2.32746
1 -0.03049 2.32819
1 -0.0304855 2.3289
1 -0.0304672 2.32956
1 -0.0304391 2.33018
1 -0.0304043 2.33077
1 -0.0303735 2.33137
1 -0.0303468 2.33197
1 -0.0303209 2.33256
1 -0.0302956 2.33316
1 -0.0302704 2.33374
1 -0.0302451 2.33432
1 -0.0302196 2.33488
1 -0.03019 2.33542
1 -0.0301531 2.33593
1 -0.0301146 2.33642
1 -0.0300762 2.3369
1 -0.0300285 2.33733
1 -0.0299129 2.33751
1 -0.0297931 2.33767
1 -0.0296783 2.33783
1 -0.0295689 2.338
1 -0.0294605 2.33817
1 -0.0293524 2.33833
1 -0.0292472 2.3385
1 -0.0291455 2.33867
1 -0.0290439 2.33883
1 -0.02894 2.33898
1 -0.0288318 2.33909
1 -0.0287272 2.33921
1 -0.0286188 2.33931
1 -0.0285121 2.33941
1 -0.0284072 2.33951
1 -0.0283016 2.33961
1 -0.0281965 2.33969
1 -0.0280889 2.33977
1 -0.0279789 2.33982
1 -0.0278706 2.33988
1 -0.0277649 2.33994
1 -0.0276603 2.34
1 -0.0275497 2.34003
1 -0.0274385 2.34005
1 -0.0273187 2.34002
1 -0.0271982 2.33999
1 -0.0270818 2.33997
1 -0.0269641 2.33993
1 -0.0268441 2.33988
1 -0.0267265 2.33984
1 -0.0266121 2.3398
1 -0.0264978 2.33975
1 -0.0263828 2.3397
1 -0.0262668 2.33964
1 -0.026155 2.33959
1 -0.0260471 2.33955
1 -0.0259412 2.3395
1 -0.0258389 2.33947
1 -0.0257374 2.33943
1 -0.0256382 2.3394
1 -0.0255377 2.33936
1 -0.0254358 2.3393
2 -0.660859 7.13531
2 -0.660264 7.12966
2 -0.659697 7.12421
2 -0.659186 7.11916
2 -0.658683 7.11417
2 -0.658218 7.10946
2 -0.657773 7.1049
2 -0.65735 7.1005
2 -0.656991 7.09655
2 -0.656651 7.09273
2 -0.656333 7.08908
2 -0.656042 7.08563
2 -0.655765 7.08229
2 -0.655502 7.07906
2 -0.655262 7.076
2 -0.655035 7.07306
2 -0.654828 7.07025
2 -0.654638 7.06759
2 -0.654461 7.06503
2 -0.654302 7.0626
2 -0.654156 7.06029
2 -0.654016 7.05803
2 -0.653882 7.05583
2 -0.653766 7.05378
2 -0.653651 7.05175
2 -0.653538 7.04976
2 -0.653433 7.04784
2 -0.653336 7.04599
2 -0.653248 7.04421
2 -0.653175 7.04255
2 -0.653106 7.04093
2 -0.65304 7.03935
2 -0.652977 7.0378
2 -0.652921 7.03632
2 -0.65287 7.03488
2 -0.652838 7.03359
2 -0.652806 7.03232
2 -0.652779 7.03109
2 -0.652759 7.02992
2 -0.652738 7.02876
2 -0.652719 7.02763
2 -0.652703 7.02653
2 -0.652686 7.02544
2 -0.652668 7.02436
2 -0.652651 7.0233
2 -0.652642 7.0223
2 -0.65264 7.02136
2 -0.652639 7.02044
2 -0.652637 7.01952
2 -0.652636 7.01863
2 -0.652637 7.01777
2 -0.652637 7.0169
2 -0.652632 7.01601
2 -0.652632 7.01518
2 -0.652636 7.01437
2 -0.652646 7.01362
2 -0.652658 7.01291
2 -0.652671 7.0122
2 -0.652681 7.01149
2 -0.652685 7.01076
2 -0.652685 7.01001
2 -0.652688 7.00929
2 -0.652693 7.0086
2 -0.652702 7.00795
2 -0.652715 7.00734
2 -0.652823 7.01014
2 -0.652937 7.01298
2 -0.653057 7.01589
2 -0.653177 7.01879
2 -0.653292 7.02164
2 -0.653405 7.02447
2 -0.653518 7.02731
2 -0.653602 7.02988
2 -0.653683 7.03241
2 -0.653761 7.03491
2 -0.653842 7.03745
2 -0.653928 7.04002
2 -0.654012 7.04257
2 -0.654093 7.0451
2 -0.654164 7.04752
2 -0.654228 7.04986
2 -0.654295 7.05223
2 -0.654355 7.05453
2 -0.654414 7.05682
2 -0.654472 7.05908
2 -0.654523 7.06128
2 -0.654575 7.06347
2 -0.65462 7.0656
2 -0.654658 7.06765
2 -0.654692 7.06965
2 -0.654726 7.07165
2 -0.654759 7.07363
2 -0.654792 7.07561
2 -0.654823 7.07756
2 -0.654854 7.07951
2 -0.654885 7.08145
2 -0.654912 7.08335
2 -0.654933 7.08518
2 -0.654957 7.08705
2 -0.654978 7.08887
2 -0.654998 7.09068
2 -0.655023 7.09254
2 -0.65505 7.09441
2 -0.655081 7.09632
2 -0.655113 7.09824
2 -0.655141 7.10011
2 -0.655167 7.10196
2 -0.65519 7.10376
2 -0.655215 7.10559
2 -0.655244 7.10744
2 -0.65527 7.10926
2 -0.655294 7.11106
2 -0.655316 7.11283
2 -0.655338 7.11458
2 -0.655365 7.11639
2 -0.655395 7.11822
2 -0.655428 7.12009
2 -0.655468 7.12201
2 -0.655507 7.12392
2 -0.655544 7.1258
2 -0.65558 7.12768
2 -0.655587 7.1292
2 -0.655592 7.13069
2 -0.655596 7.13217
2 -0.6556 7.13364
2 -0.655611 7.13517
2 -0.655622 7.1367
2 -0.655632 7.13821
2 -0.655646 7.13975
2 -0.65566 7.14128
2 -0.655682 7.14288
2 -0.655705 7.14449
2 -0.655727 7.14608
2 -0.655751 7.14768
2 -0.655778 7.1493
2 -0.655813 7.151
2 -0.655853 7.15274
2 -0.655892 7.15446
2 -0.655933 7.15619
2 -0.655978 7.15797
2 -0.656029 7.15979
2 -0.656081 7.16162
2 -0.656126 7.16337
2 -0.65617 7.16509
2 -0.656203 7.16669
2 -0.656236 7.16828
2 -0.656272 7.16989
2 -0.65631 7.17153
3 -1.60177 18.3392
3 -1.60144 18.3342
3 -1.60111 18.3293
3 -1.60078 18.3245
3 -1.60046 18.3197
3 -1.60013 18.3148
3 -1.59982 18.3101
3 -1.59951 18.3054
3 -1.59922 18.3009
3 -1.59895 18.2966
3 -1.59895 18.2966
3 -1.59895 18.2966
3 -1.59895 18.2966
3 -1.59895 18.2966
3 -1.59895 18.2966
3 -1.59895 18.2966
3 -1.59868 18.2924
3 -1.59848 18.2888
3 -1.59828 18.2853
3 -1.59807 18.2817
3 -1.59788 18.2782
3 -1.59769 18.2748
3 -1.59751 18.2715
3 -1.59734 18.2682
3 -1.59716 18.2649
3 -1.59699 18.2617
3 -1.59682 18.2584
3 -1.59665 18.2552
3 -1.59649 18.2521
3 -1.59633 18.2489
3 -1.59619 18.2461
3 -1.59607 18.2433
3 -1.59596 18.2408
3 -1.59587 18.2385
3 -1.59579 18.2363
3 -1.59573 18.2343
3 -1.59569 18.2325
3 -1.59565 18.2308
3 -1.59561 18.2291
3 -1.59558 18.2274
3 -1.59555 18.2258
3 -1.59554 18.2243
3 -1.59554 18.2231
3 -1.59553 18.2217
3 -1.59552 18.2203
3 -1.5955 18.2188
3 -1.59549 18.2173
3 -1.59546 18.2157
3 -1.59545 18.2142
3 -1.59543 18.2127
3 -1.59543 18.2127
3 -1.59543 18.2127
3 -1.59543 18.2127
3 -1.59543 18.2127
3 -1.59543 18.2127
3 -1.59543 18.2127
3 -1.59543 18.2127
3 -1.59543 18.2127
3 -1.59543 18.2127
3 -1.59543 18.2127
3 -1.59543 18.2127
3 -1.59543 18.2127
3 -1.59543 18.2127
3 -1.59543 18.2127
3 -1.59543 18.2127
3 -1.59543 18.2127
3 -1.59543 18.2127
3 -1.59543 18.2127
3 -1.59543 18.2127
3 -1.59543 18.2127
3 -1.59543 18.2127
3 -1.59543 18.2127
3 -1.59543 18.2127
3 -1.59543 18.2127
3 -1.59543 18.2127
3 -1.59543 18.2127
3 -1.59543 18.2127
3 -1.59543 18.2127
3 -1.59541 18.2112
3 -1.59531 18.2079
3 -1.59521 18.2046
3 -1.59512 18.2015
3 -1.59502 18.1983
3 -1.59493 18.1951
3 -1.59484 18.192
3 -1.59474 18.1889
3 -1.59465 18.1858
3 -1.59456 18.1827
3 -1.59447 18.1798
3 -1.5944 18.1769
3 -1.59434 18.1743
3 -1.59428 18.1717
3 -1.59423 18.1691
3 -1.59417 18.1666
3 -1.59412 18.164
3 -1.59407 18.1616
3 -1.59402 18.1592
3 -1.59398 18.1568
3 -1.59392 18.1544
3 -1.59386 18.1518
3 -1.5938 18.1493
3 -1.59373 18.1467
3 -1.59367 18.1442
3 -1.59362 18.1418
3 -1.59356 18.1394
3 -1.5935 18.137
3 -1.59343 18.1344
3 -1.59336 18.1318
3 -1.59328 18.1293
3 -1.59321 18.1268
3 -1.59315 18.1244
3 -1.59308 18.1219
3 -1.593 18.1193
3 -1.59292 18.1167
3 -1.59282 18.114
3 -1.59276 18.1117
3 -1.59269 18.1093
3 -1.59263 18.1071
3 -1.59258 18.1048
3 -1.59251 18.1026
3 -1.59245 18.1003
3 -1.59238 18.098
3 -1.5923 18.0956
3 -1.59223 18.0933
3 -1.59216 18.091
3 -1.59209 18.0888
3 -1.59205 18.0868
3 -1.59201 18.0849
3 -1.59197 18.083
3 -1.59193 18.0812
3 -1.59189 18.0793
3 -1.59185 18.0775
3 -1.59182 18.0757
3 -1.59179 18.074
3 -1.59175 18.0722
3 -1.59171 18.0703
3 -1.59166 18.0684
3 -1.59161 18.0665
3 -1.59157 18.0647
3 -1.59152 18.0628
3 -1.59148 18.061
3 -1.59144 18.0592
3 -1.59139 18.0574
3 -1.59135 18.0556
3 -1.59131 18.0538
3 -1.59126 18.052
3 -1.59123 18.0503
3 -1.5912 18.0487
3 -1.59118 18.0472
3 -1.59117 18.0459
3 -1.59116 18.0446
3 -1.59116 18.0434
3 -1.59117 18.0423
3 -1.59118 18.0412
3 -1.59119 18.0401
3 -1.59121 18.0391
3 -1.59123 18.0382
3 -1.59126 18.0374
3 -1.59127 18.0363
3 -1.59127 18.0352
3 -1.59127 18.034
3 -1.59126 18.0328
3 -1.59124 18.0315
3 -1.59123 18.0302
3 -1.59121 18.0289
3 -1.59119 18.0276
3 -1.59116 18.0262
3 -1.59111 18.0246
3 -1.59104 18.0228
3 -1.59096 18.0209
3 -1.59087 18.0189
3 -1.59078 18.0168
3 -1.59069 18.0148
3 -1.59061 18.013
3 -1.59053 18.0111
3 -1.59045 18.0092
3 -1.59036 18.0073
3 -1.59026 18.0053
3 -1.59017 18.0033
3 -1.59008 18.0013
3 -1.59 17.9994
3 -1.58993 17.9977
3 -1.58985 17.9959
3 -1.58977 17.994
3 -1.58967 17.992
3 -1.58959 17.9901
3 -1.5895 17.9882
3 -1.58942 17.9863
3 -1.58934 17.9845
3 -1.58926 17.9827
3 -1.58918 17.9808
3 -1.58909 17.9788
3 -1.58899 17.9768
3 -1.58889 17.9748
3 -1.58879 17.9727
3 -1.58869 17.9707
3 -1.58861 17.9688
3 -1.58853 17.967
3 -1.58846 17.9653
3 -1.5884 17.9637
3 -1.58834 17.9622
3 -1.5883 17.9608
3 -1.58825 17.9595
3 -1.58821 17.958
3 -1.58811 17.956
3 -1.588 17.9538
3 -1.58789 17.9517
3 -1.58779 17.9496
3 -1.58769 17.9477
3 -1.58759 17.9456
3 -1.58749 17.9436
3 -1.58738 17.9414
3 -1.58728 17.9393
3 -1.58717 17.9372
3 -1.58705 17.935
3 -1.58693 17.9327
3 -1.58681 17.9304
3 -1.58669 17.9281
3 -1.58656 17.9257
3 -1.58643 17.9234
3 -1.58628 17.9208
3 -1.58613 17.9182
3 -1.58598 17.9155
3 -1.58583 17.9129
3 -1.58569 17.9105
3 -1.58556 17.9081
3 -1.58544 17.9058
3 -1.58533 17.9037
3 -1.58522 17.9017
3 -1.58512 17.8996
3 -1.58502 17.8976
3 -1.58492 17.8957
3 -1.58482 17.8937
3 -1.58471 17.8916
3 -1.58459 17.8894
3 -1.58447 17.8872
3 -1.58434 17.885
3 -1.58421 17.8826
3 -1.58407 17.8802
3 -1.58393 17.8778
3 -1.58378 17.8754
3 -1.58365 17.8731
3 -1.58351 17.8708
3 -1.58338 17.8686
3 -1.58325 17.8665
3 -1.58313 17.8644
3 -1.583 17.8623
3 -1.58287 17.8602
3 -1.58275 17.8582
3 -1.58263 17.8562
3 -1.58239 17.8538
3 -1.58214 17.8514
3 -1.58189 17.849
3 -1.58163 17.8465
3 -1.58138 17.8439
3 -1.58113 17.8414
3 -1.58087 17.8389
3 -1.58062 17.8364
3 -1.58062 17.8364
3 -1.58062 17.8364
3 -1.58062 17.8364
3 -1.58062 17.8364
3 -1.58062 17.8364
3 -1.58062 17.8364
3 -1.58062 17.8364
3 -1.58062 17.8364
3 -1.58036 17.8338
3 -1.5801 17.8313
3 -1.57985 17.8287
3 -1.5796 17.8263
3 -1.57936 17.8239
3 -1.57913 17.8216
3 -1.5789 17.8194
3 -1.57867 17.8172
3 -1.57844 17.815
3 -1.57822 17.8129
3 -1.578 17.8108
3 -1.57778 17.8087
3 -1.57755 17.8064
3 -1.57732 17.8041
3 -1.57707 17.8016
3 -1.57682 17.799
3 -1.57657 17.7965
3 -1.57633 17.794
3 -1.57608 17.7915
3 -1.57584 17.789
3 -1.5756 17.7867
3 -1.57537 17.7843
3 -1.57514 17.782
3 -1.57491 17.7797
3 -1.57468 17.7774
3 -1.57447 17.7753
3 -1.57426 17.7733
3 -1.57406 17.7714
3 -1.57386 17.7695
3 -1.57369 17.768
3 -1.57353 17.7667
3 -1.57337 17.7653
3 -1.57322 17.7641
3 -1.57306 17.763
3 -1.57292 17.7619
3 -1.57277 17.7608
3 -1.57263 17.7598
3 -1.57248 17.7587
3 -1.57233 17.7575
3 -1.57218 17.7563
3 -1.57203 17.7552
