1 0.00872685 2.29571
1 0.0539297 2.09706
1 0.0544956 2.09264
1 0.054669 2.09234
1 0.0549087 2.0932
1 0.0551048 2.09399
1 0.0553805 2.09502
1 0.0554228 2.09619
1 0.0556799 2.09748
1 0.0559662 2.09872
1 0.0560891 2.10018
1 0.0563393 2.10164
1 0.0567229 2.10314
1 0.0569759 2.10459
1 0.057036 2.10605
1 0.0570794 2.10747
1 0.0572892 2.10898
1 0.0573868 2.11047
1 0.0573551 2.11193
1 0.0573982 2.1134
1 0.0574258 2.11485
1 0.0573983 2.11628
1 0.0573219 2.11774
1 0.0572015 2.11923
1 0.0570789 2.12071
1 0.0569649 2.12219
1 0.0565694 2.12547
1 0.0562032 2.12859
1 0.0558169 2.13156
1 0.0553638 2.13441
1 0.0548914 2.13716
1 0.054472 2.13979
1 0.0541322 2.14236
1 0.0538285 2.14479
1 0.0534754 2.14715
1 0.0530696 2.14942
1 0.052732 2.15161
1 0.0524152 2.15374
1 0.0520592 2.1558
1 0.0516735 2.1578
1 0.0513118 2.15974
1 0.0510347 2.16162
1 0.0507861 2.16346
1 0.0505123 2.16526
1 0.0502177 2.167
1 0.0499506 2.1687
1 0.0496978 2.17036
1 0.0494229 2.17198
1 0.0491164 2.17355
1 0.0488124 2.17508
1 0.0485186 2.17656
1 0.0481833 2.178
1 0.0477517 2.1794
1 0.0473741 2.18074
1 0.0469914 2.18204
1 0.0465995 2.18328
1 0.0462205 2.18448
1 0.0458497 2.18563
1 0.0454649 2.18673
1 0.0450211 2.18779
1 0.0445969 2.18882
1 0.0441701 2.1898
1 0.0437475 2.19075
1 0.0433346 2.19166
1 0.0429402 2.19254
1 0.042555 2.19339
1 0.0421789 2.19421
1 0.0418035 2.19501
1 0.0414472 2.19577
1 0.0411023 2.1965
1 0.0407502 2.19721
1 0.0403789 2.19789
1 0.0400359 2.19853
1 0.0397194 2.19914
1 0.0394212 2.19973
1 0.0391404 2.20029
1 0.0388581 2.20081
1 0.0385785 2.20132
1 0.0383156 2.20178
1 0.0380523 2.20222
1 0.0377804 2.20263
1 0.0375116 2.203
1 0.0372676 2.20335
1 0.0370127 2.20366
1 0.03674 2.20396
1 0.0364478 2.20424
1 0.0361317 2.20449
1 0.0357868 2.20472
1 0.0354381 2.20494
1 0.0350957 2.20514
1 0.0347404 2.2053
1 0.0343777 2.20544
1 0.0340249 2.20556
1 0.0336554 2.20566
1 0.0332807 2.20575
1 0.0329013 2.20583
1 0.0325069 2.2059
1 0.0320973 2.20597
1 0.0316822 2.20602
1 0.0312628 2.20606
1 0.0308378 2.20609
1 0.0303968 2.20611
1 0.02997 2.20613
1 0.0295479 2.20613
1 0.0291585 2.20612
1 0.0287692 2.2061
1 0.0283978 2.20607
1 0.0280359 2.20604
1 0.0276851 2.20599
1 0.0273541 2.20594
1 0.027042 2.20589
1 0.0267458 2.20583
1 0.0264658 2.20575
1 0.0259219 2.20589
1 0.025371 2.20602
1 0.0248359 2.20613
1 0.0243171 2.20623
1 0.0238173 2.20631
1 0.0233188 2.20639
1 0.0228434 2.20644
1 0.0223719 2.20649
1 0.0219159 2.20653
1 0.0214645 2.20655
1 0.0210244 2.20656
1 0.0205887 2.20656
1 0.0201422 2.20655
1 0.0196667 2.20648
1 0.0192072 2.20641
1 0.0187564 2.20633
1 0.0183266 2.20623
1 0.017898 2.20614
1 0.0174635 2.20604
1 0.0170326 2.20594
1 0.0165983 2.20584
1 0.0161692 2.20573
1 0.0157349 2.20563
1 0.0152936 2.20552
1 0.0148487 2.20541
1 0.0144068 2.2053
1 0.0139606 2.20518
1 0.0135114 2.20506
1 0.013057 2.20493
1 0.0126056 2.2048
1 0.0121441 2.20468
1 0.0116802 2.20456
1 0.0112392 2.20443
1 0.0108179 2.20431
1 0.0104255 2.20419
1 0.010043 2.20407
1 0.00966505 2.20396
1 0.00929059 2.20384
1 0.00892195 2.20373
1 0.00856791 2.20361
1 0.00822594 2.20349
1 0.00789137 2.20337
1 0.00757287 2.20324
1 0.00727159 2.2031
1 0.00698347 2.20296
1 0.00669169 2.20281
1 0.00641728 2.20265
1 0.00614244 2.20248
1 0.00588997 2.20229
1 0.0056356 2.2021
1 0.00538595 2.2019
1 0.00513835 2.20169
1 0.00489978 2.20146
1 0.00466856 2.20123
1 0.00443682 2.20098
1 0.00421362 2.20071
1 0.00400055 2.20043
1 0.00379875 2.20015
1 0.00360765 2.19985
1 0.0034031 2.19955
1 0.00318877 2.19924
1 0.00296201 2.19893
1 0.00272915 2.19862
1 0.0024879 2.19831
1 0.00224133 2.19799
1 0.00200699 2.19767
1 0.00178026 2.19735
1 0.00155785 2.19702
1 0.00133308 2.19668
1 0.00110723 2.19634
1 0.000878197 2.196
1 0.000651475 2.19565
1 0.00042738 2.19529
1 0.000209369 2.19486
1 7.65955e-07 2.19442
1 -0.000199267 2.19397
1 -0.000384893 2.19352
1 -0.000555153 2.19307
1 -0.000719409 2.19261
1 -0.000877628 2.19215
1 -0.00103137 2.19169
1 -0.00118984 2.19123
1 -0.00135345 2.19078
1 -0.00151836 2.19032
1 -0.00168013 2.18986
1 -0.00184254 2.1894
1 -0.00200987 2.18894
1 -0.00218068 2.18848
1 -0.00235445 2.18802
1 -0.00252235 2.18757
1 -0.00270002 2.18711
1 -0.00286474 2.18666
1 -0.0030258 2.18621
1 -0.00312263 2.18559
1 -0.00321697 2.18498
1 -0.00330484 2.18437
1 -0.00338603 2.18377
1 -0.0034669 2.18317
1 -0.00355645 2.1826
1 -0.00363833 2.18203
1 -0.00372615 2.18147
1 -0.00382095 2.18094
1 -0.00392175 2.18042
1 -0.00401983 2.17991
1 -0.0041247 2.17942
1 -0.00423746 2.17895
1 -0.00435608 2.1785
1 -0.00450403 2.17807
1 -0.00464482 2.17765
1 -0.00477277 2.17725
1 -0.0048869 2.17686
1 -0.00498969 2.17648
1 -0.00508614 2.17612
1 -0.00518174 2.17577
1 -0.00527731 2.17544
1 -0.00536221 2.17512
1 -0.0054458 2.17481
1 -0.00551891 2.17451
1 -0.00559083 2.17422
1 -0.00566158 2.17394
1 -0.00573132 2.17367
1 -0.00579777 2.17341
1 -0.00586801 2.17316
1 -0.00593929 2.17292
1 -0.00600578 2.1727
1 -0.00607347 2.17247
1 -0.00614741 2.17227
1 -0.00622808 2.17207
1 -0.00627791 2.17191
1 -0.00632534 2.17175
1 -0.00636685 2.17161
1 -0.00640291 2.17147
1 -0.00644351 2.17135
1 -0.0064852 2.17123
1 -0.00651983 2.17112
1 -0.00654114 2.17101
1 -0.00655405 2.17091
1 -0.00656136 2.17081
1 -0.00656275 2.17072
1 -0.00655639 2.17063
1 -0.00654565 2.17056
1 -0.00653575 2.1705
1 -0.00652129 2.17045
1 -0.00650845 2.17041
1 -0.00649072 2.17037
1 -0.00646483 2.17034
1 -0.00644061 2.17032
1 -0.00641461 2.1703
1 -0.00638354 2.17029
1 -0.00634696 2.17028
1 -0.00630945 2.17027
1 -0.00627073 2.17028
1 -0.00623279 2.17029
1 -0.00619309 2.17031
1 -0.00615668 2.17035
1 -0.00611983 2.17039
1 -0.00608326 2.17044
1 -0.00604006 2.1705
1 -0.00599777 2.17057
1 -0.00596086 2.17066
1 -0.00592797 2.17075
1 -0.00589216 2.17086
1 -0.00586012 2.17097
1 -0.00582505 2.17109
1 -0.00578606 2.17121
1 -0.00574943 2.17133
1 -0.00572434 2.17147
1 -0.00570034 2.17161
1 -0.00567193 2.17176
1 -0.00564977 2.17192
1 -0.0056289 2.17208
1 -0.00560886 2.17225
1 -0.00557858 2.17242
1 -0.0055494 2.1726
1 -0.00552715 2.17279
1 -0.00550897 2.17298
1 -0.00549325 2.17318
1 -0.00547831 2.17339
1 -0.00546811 2.1736
1 -0.00546185 2.17382
1 -0.00545145 2.17403
1 -0.00544037 2.17425
1 -0.00542903 2.17447
1 -0.00541494 2.17469
1 -0.00539454 2.1749
1 -0.00537536 2.17511
1 -0.00535965 2.17533
1 -0.00534189 2.17555
1 -0.00531579 2.17576
1 -0.00528943 2.17597
1 -0.00526378 2.17619
1 -0.00523416 2.1764
1 -0.00519902 2.17661
1 -0.00516432 2.17682
1 -0.00514056 2.17705
1 -0.00512157 2.17729
1 -0.00510166 2.17753
1 -0.00508489 2.17777
1 -0.00506802 2.17802
1 -0.00504795 2.17826
1 -0.00502616 2.17849
1 -0.00500696 2.17874
1 -0.00498513 2.17898
1 -0.00495749 2.17921
1 -0.00492584 2.17944
1 -0.0049007 2.17968
1 -0.00487288 2.17992
1 -0.00483997 2.18016
1 -0.00480929 2.18041
1 -0.00477769 2.18066
1 -0.00474698 2.18091
1 -0.00471665 2.18116
1 -0.00468472 2.18141
1 -0.00465626 2.18166
1 -0.00463134 2.18192
1 -0.00460923 2.18218
1 -0.00459031 2.18245
1 -0.00457404 2.18273
1 -0.00455671 2.183
1 -0.00453734 2.18327
1 -0.00451157 2.18353
1 -0.00448664 2.18379
1 -0.00445963 2.18405
1 -0.00442952 2.1843
1 -0.00439699 2.18455
1 -0.00439699 2.18455
1 -0.00439699 2.18455
1 -0.00439699 2.18455
1 -0.00439699 2.18455
1 -0.00439699 2.18455
1 -0.00439699 2.18455
1 -0.00439699 2.18455
1 -0.00439699 2.18455
1 -0.00439699 2.18455
1 -0.00439699 2.18455
1 -0.00439699 2.18455
1 -0.00439699 2.18455
1 -0.00439699 2.18455
1 -0.00439699 2.18455
1 -0.00439699 2.18455
1 -0.00439699 2.18455
1 -0.00439699 2.18455
1 -0.00439699 2.18455
1 -0.00439699 2.18455
1 -0.00439699 2.18455
1 -0.00439699 2.18455
1 -0.00439699 2.18455
1 -0.00439699 2.18455
1 -0.00439699 2.18455
1 -0.00439699 2.18455
1 -0.00439699 2.18455
1 -0.00439699 2.18455
1 -0.00439699 2.18455
1 -0.00439699 2.18455
1 -0.00439699 2.18455
1 -0.00439699 2.18455
1 -0.00439699 2.18455
1 -0.00439699 2.18455
1 -0.00439699 2.18455
1 -0.00439699 2.18455
1 -0.00439699 2.18455
1 -0.00439699 2.18455
1 -0.00439699 2.18455
1 -0.00439699 2.18455
1 -0.00439699 2.18455
1 -0.00439699 2.18455
1 -0.00439699 2.18455
1 -0.00439699 2.18455
1 -0.00439699 2.18455
1 -0.00439699 2.18455
1 -0.00439699 2.18455
1 -0.00439699 2.18455
1 -0.00439699 2.18455
1 -0.00439699 2.18455
1 -0.00439699 2.18455
1 -0.00439699 2.18455
1 -0.00439699 2.18455
1 -0.00439699 2.18455
1 -0.00439699 2.18455
1 -0.00439699 2.18455
1 -0.00439699 2.18455
1 -0.00439699 2.18455
1 -0.00439699 2.18455
1 -0.00439699 2.18455
1 -0.00439699 2.18455
1 -0.00439699 2.18455
1 -0.00439699 2.18455
1 -0.00439699 2.18455
1 -0.00439699 2.18455
1 -0.00439699 2.18455
1 -0.00439699 2.18455
1 -0.00439699 2.18455
1 -0.00439699 2.18455
1 -0.00439699 2.18455
1 -0.00439699 2.18455
1 -0.00439699 2.18455
1 -0.00439699 2.18455
1 -0.00439699 2.18455
1 -0.00439699 2.18455
1 -0.00439699 2.18455
1 -0.00436819 2.18481
1 -0.00439989 2.18554
1 -0.00442211 2.18624
1 -0.00444495 2.18693
1 -0.00446795 2.18763
1 -0.00448075 2.18828
1 -0.00449133 2.18893
1 -0.00450325 2.18957
1 -0.00451304 2.19021
1 -0.00452632 2.19085
1 -0.00454164 2.1915
1 -0.00454164 2.1915
1 -0.00454164 2.1915
1 -0.00454164 2.1915
1 -0.00454164 2.1915
1 -0.00454164 2.1915
1 -0.00454164 2.1915
1 -0.00454164 2.1915
1 -0.00454164 2.1915
1 -0.00454164 2.1915
1 -0.00454164 2.1915
1 -0.00454164 2.1915
1 -0.00454164 2.1915
1 -0.00454164 2.1915
1 -0.00454164 2.1915
1 -0.00454164 2.1915
1 -0.00454164 2.1915
1 -0.00454164 2.1915
1 -0.00454164 2.1915
1 -0.00454164 2.1915
1 -0.00454164 2.1915
1 -0.00454164 2.1915
1 -0.00454164 2.1915
1 -0.00454164 2.1915
1 -0.00454164 2.1915
1 -0.00454164 2.1915
1 -0.00454164 2.1915
1 -0.00455715 2.19214
1 -0.00462456 2.19298
1 -0.00468901 2.1938
1 -0.00474997 2.19461
1 -0.00480985 2.1954
1 -0.00486538 2.19618
1 -0.00491342 2.19692
1 -0.00495189 2.19762
1 -0.00498202 2.19828
1 -0.00501009 2.19893
1 -0.00502237 2.19951
1 -0.00503323 2.20007
1 -0.00503698 2.2006
1 -0.0050448 2.20114
1 -0.00505694 2.20169
1 -0.00506925 2.20223
1 -0.00508132 2.20277
1 -0.00509604 2.20331
1 -0.00511166 2.20385
1 -0.00512597 2.20437
1 -0.00513705 2.20488
1 -0.0051418 2.20536
1 -0.00514966 2.20584
1 -0.00514811 2.20624
1 -0.00514778 2.20664
1 -0.00514866 2.20705
1 -0.00514885 2.20745
1 -0.00514672 2.20784
1 -0.00513829 2.2082
1 -0.00512964 2.20855
1 -0.00512137 2.2089
1 -0.00511485 2.20925
1 -0.00510641 2.20959
1 -0.00509381 2.20991
1 -0.00507857 2.21022
1 -0.00505436 2.21048
1 -0.00502969 2.21074
1 -0.00500565 2.21099
1 -0.00498198 2.21125
1 -0.00495461 2.21148
1 -0.00493219 2.21173
1 -0.00490914 2.21198
1 -0.00488546 2.21222
1 -0.00485936 2.21244
1 -0.004832 2.21265
1 -0.00480992 2.21289
1 -0.00479 2.21313
1 -0.0047701 2.21336
2 -0.660859 7.13531
2 -0.660268 7.12968
2 -0.659695 7.12419
2 -0.659169 7.11904
2 -0.658676 7.11411
2 -0.658202 7.10934
2 -0.657754 7.10475
2 -0.657326 7.10031
2 -0.656923 7.09606
2 -0.656545 7.092
2 -0.656181 7.08805
2 -0.655836 7.08423
2 -0.655518 7.08062
2 -0.655209 7.07708
2 -0.654929 7.07376
2 -0.654667 7.07057
2 -0.654422 7.06752
2 -0.654191 7.06458
2 -0.653966 7.06169
2 -0.653757 7.05892
2 -0.653567 7.0563
2 -0.653386 7.05376
2 -0.653216 7.0513
2 -0.653062 7.04897
2 -0.65292 7.04673
2 -0.652788 7.04459
2 -0.65266 7.04248
2 -0.652535 7.04041
2 -0.652417 7.0384
2 -0.652305 7.03645
2 -0.652193 7.03451
2 -0.652082 7.0326
2 -0.651978 7.03074
2 -0.651887 7.02899
2 -0.6518 7.02728
2 -0.651721 7.02564
2 -0.651647 7.02404
2 -0.651572 7.02246
2 -0.651505 7.02093
2 -0.651444 7.01946
2 -0.65139 7.01805
2 -0.651342 7.01669
2 -0.651295 7.01534
2 -0.651251 7.01404
2 -0.651208 7.01275
2 -0.651168 7.0115
2 -0.65113 7.01027
2 -0.651089 7.00903
2 -0.651047 7.0078
2 -0.651006 7.00658
2 -0.650967 7.00539
2 -0.650939 7.00428
2 -0.650913 7.00319
2 -0.650884 7.0021
2 -0.650857 7.00103
2 -0.650831 6.99998
2 -0.650803 6.99891
2 -0.65077 6.99783
2 -0.650741 6.99679
2 -0.650716 6.99579
2 -0.650696 6.99482
2 -0.650677 6.99387
2 -0.650658 6.99294
2 -0.650638 6.99201
2 -0.650614 6.99106
2 -0.650582 6.99007
2 -0.650551 6.9891
2 -0.650523 6.98815
2 -0.650498 6.98725
2 -0.65048 6.98827
2 -0.650466 6.98932
2 -0.650454 6.99039
2 -0.650451 6.99153
2 -0.650449 6.99269
2 -0.650456 6.99392
2 -0.650469 6.9952
2 -0.650485 6.9965
2 -0.650512 6.99789
2 -0.650545 6.99934
2 -0.650585 7.00085
2 -0.650631 7.00241
2 -0.650681 7.004
2 -0.650744 7.0057
2 -0.650812 7.00744
2 -0.650893 7.0093
2 -0.650981 7.01122
2 -0.651084 7.01327
2 -0.6512 7.01543
2 -0.651324 7.01766
2 -0.651451 7.01991
2 -0.651583 7.02221
2 -0.651722 7.02457
2 -0.651862 7.02694
2 -0.652016 7.02944
2 -0.652174 7.03197
2 -0.652351 7.0347
2 -0.652532 7.03746
2 -0.652718 7.04027
2 -0.652911 7.04314
2 -0.653105 7.04601
2 -0.653299 7.0489
2 -0.653496 7.0518
2 -0.653693 7.0547
2 -0.653894 7.05764
2 -0.6541 7.06061
2 -0.654305 7.06359
2 -0.654509 7.06655
2 -0.654713 7.06952
2 -0.654917 7.07248
2 -0.655113 7.07537
2 -0.65531 7.07827
2 -0.655501 7.08112
2 -0.655692 7.08396
2 -0.655886 7.08683
2 -0.656081 7.08971
2 -0.656276 7.09258
2 -0.65647 7.09544
2 -0.656659 7.09826
2 -0.656848 7.10107
2 -0.657036 7.10388
2 -0.657223 7.10668
2 -0.657416 7.10952
2 -0.657613 7.11241
2 -0.657816 7.11535
2 -0.658019 7.11828
2 -0.658218 7.12119
2 -0.658421 7.12413
2 -0.658622 7.12704
2 -0.658821 7.12994
2 -0.659016 7.1328
2 -0.659215 7.13569
2 -0.659416 7.13861
2 -0.659621 7.14156
2 -0.659825 7.1445
2 -0.660026 7.1474
2 -0.660222 7.15026
2 -0.660385 7.15281
2 -0.660573 7.15559
2 -0.660756 7.15832
2 -0.66094 7.16106
2 -0.661118 7.16374
2 -0.661296 7.16641
2 -0.661474 7.16909
2 -0.66165 7.17174
2 -0.661821 7.17434
2 -0.661983 7.17685
2 -0.662148 7.17939
2 -0.662309 7.18189
2 -0.662471 7.18439
2 -0.662634 7.18691
2 -0.662799 7.18944
2 -0.66296 7.19193
2 -0.663121 7.19442
2 -0.663279 7.19688
2 -0.663543 7.20028
2 -0.663809 7.2037
2 -0.664072 7.2071
2 -0.664341 7.21055
2 -0.664611 7.21402
2 -0.664887 7.21755
2 -0.665159 7.22104
2 -0.665427 7.2245
2 -0.665696 7.22796
2 -0.665964 7.23141
2 -0.666229 7.23483
2 -0.666499 7.23831
2 -0.666765 7.24174
2 -0.667027 7.24515
2 -0.667287 7.24852
2 -0.66755 7.25192
2 -0.667817 7.25536
2 -0.668088 7.25885
2 -0.668359 7.26234
2 -0.668626 7.26579
2 -0.668882 7.26913
2 -0.669132 7.27241
2 -0.669375 7.27562
2 -0.669611 7.27876
2 -0.669838 7.28182
2 -0.670053 7.28475
2 -0.670257 7.28758
2 -0.67046 7.2904
2 -0.670652 7.29311
2 -0.670839 7.29578
2 -0.671023 7.29842
2 -0.671203 7.30101
2 -0.67138 7.30357
2 -0.671555 7.30614
2 -0.671727 7.30865
2 -0.671889 7.31108
2 -0.67205 7.31351
2 -0.672214 7.31597
2 -0.672378 7.31843
2 -0.672537 7.32084
2 -0.672694 7.32324
2 -0.672852 7.32565
2 -0.673011 7.32807
2 -0.673164 7.33044
2 -0.673309 7.33273
2 -0.673446 7.33494
2 -0.673575 7.33706
2 -0.673699 7.33913
2 -0.673823 7.34122
2 -0.673949 7.34333
2 -0.674075 7.34544
2 -0.674195 7.3475
2 -0.674316 7.34957
2 -0.674436 7.35164
2 -0.674554 7.3537
2 -0.67467 7.35573
2 -0.674785 7.35777
2 -0.674897 7.35976
2 -0.675005 7.36172
2 -0.675111 7.36367
3 -1.60177 18.3392
3 -1.60177 18.3392
3 -1.60177 18.3392
3 -1.60177 18.3392
3 -1.60177 18.3392
3 -1.60177 18.3392
3 -1.60177 18.3392
3 -1.60177 18.3392
3 -1.60177 18.3392
3 -1.60177 18.3392
3 -1.60177 18.3392
3 -1.60132 18.3336
3 -1.60089 18.3283
3 -1.60047 18.3232
3 -1.60009 18.3184
3 -1.59972 18.3138
3 -1.59936 18.3094
3 -1.59902 18.3051
3 -1.59869 18.3009
3 -1.59836 18.2969
3 -1.59836 18.2969
3 -1.59836 18.2969
3 -1.59836 18.2969
3 -1.59806 18.293
3 -1.59782 18.2899
3 -1.59759 18.2869
3 -1.59737 18.284
3 -1.59715 18.2811
3 -1.59693 18.2782
3 -1.59672 18.2754
3 -1.59652 18.2727
3 -1.59631 18.2699
3 -1.59612 18.2674
3 -1.59595 18.265
3 -1.59579 18.2627
3 -1.59564 18.2606
3 -1.59548 18.2585
3 -1.59534 18.2565
3 -1.59521 18.2546
3 -1.59507 18.2526
3 -1.59495 18.2508
3 -1.59484 18.2492
3 -1.59473 18.2475
3 -1.59462 18.2458
3 -1.59451 18.2442
3 -1.59441 18.2425
3 -1.59432 18.2411
3 -1.59423 18.2397
3 -1.59415 18.2382
3 -1.59407 18.2369
3 -1.59398 18.2354
3 -1.5939 18.2341
3 -1.59382 18.2327
3 -1.59376 18.2315
3 -1.5937 18.2304
3 -1.59365 18.2294
3 -1.59362 18.2285
3 -1.59359 18.2278
3 -1.59358 18.2272
3 -1.5936 18.227
3 -1.59362 18.2269
3 -1.59365 18.2268
3 -1.59367 18.2266
3 -1.5937 18.2265
3 -1.59374 18.2265
3 -1.59379 18.2266
3 -1.59385 18.2268
3 -1.5939 18.2271
3 -1.59396 18.2272
3 -1.59401 18.2274
3 -1.59405 18.2275
3 -1.5941 18.2275
3 -1.59415 18.2276
3 -1.59419 18.2277
3 -1.59423 18.2277
3 -1.59428 18.2278
3 -1.59434 18.228
3 -1.5944 18.2281
3 -1.5944 18.2281
3 -1.5944 18.2281
3 -1.5944 18.2281
3 -1.5944 18.2281
3 -1.5944 18.2281
3 -1.5944 18.2281
3 -1.5944 18.2281
3 -1.5944 18.2281
3 -1.5944 18.2281
3 -1.5944 18.2281
3 -1.5944 18.2281
3 -1.5944 18.2281
3 -1.5944 18.2281
3 -1.5944 18.2281
3 -1.5944 18.2281
3 -1.5944 18.2281
3 -1.5944 18.2281
3 -1.5944 18.2281
3 -1.5944 18.2281
3 -1.5944 18.2281
3 -1.5944 18.2281
3 -1.5944 18.2281
3 -1.5944 18.2281
3 -1.5944 18.2281
3 -1.5944 18.2281
3 -1.5944 18.2281
3 -1.5944 18.2281
3 -1.5944 18.2281
3 -1.5944 18.2281
3 -1.5944 18.2281
3 -1.5944 18.2281
3 -1.5944 18.2281
3 -1.5944 18.2281
3 -1.5944 18.2281
3 -1.5944 18.2281
3 -1.5944 18.2281
3 -1.5944 18.2281
3 -1.5944 18.2281
3 -1.5944 18.2281
3 -1.5944 18.2281
3 -1.5944 18.2281
3 -1.5944 18.2281
3 -1.5944 18.2281
3 -1.5944 18.2281
3 -1.5944 18.2281
3 -1.5944 18.2281
3 -1.5944 18.2281
3 -1.5944 18.2281
3 -1.5944 18.2281
3 -1.5944 18.2281
3 -1.5944 18.2281
3 -1.5944 18.2281
3 -1.5944 18.2281
3 -1.5944 18.2281
3 -1.5944 18.2281
3 -1.5944 18.2281
3 -1.5944 18.2281
3 -1.5944 18.2281
3 -1.5944 18.2281
3 -1.5944 18.2281
3 -1.5944 18.2281
3 -1.5944 18.2281
3 -1.5944 18.2281
3 -1.5944 18.2281
3 -1.5944 18.2281
3 -1.5944 18.2281
3 -1.5944 18.2281
3 -1.5944 18.2281
3 -1.5944 18.2281
3 -1.5944 18.2281
3 -1.5944 18.2281
3 -1.5944 18.2281
3 -1.5944 18.2281
3 -1.5944 18.2281
3 -1.5944 18.2281
3 -1.5944 18.2281
3 -1.5944 18.2281
3 -1.5944 18.2281
3 -1.5944 18.2281
3 -1.5944 18.2281
3 -1.5944 18.2281
3 -1.5944 18.2281
3 -1.5944 18.2281
3 -1.5944 18.2281
3 -1.5944 18.2281
3 -1.5944 18.2281
3 -1.5944 18.2281
3 -1.5944 18.2281
3 -1.5944 18.2281
3 -1.5944 18.2281
3 -1.5944 18.2281
3 -1.5944 18.2281
3 -1.5944 18.2281
3 -1.5944 18.2281
3 -1.5944 18.2281
3 -1.5944 18.2281
3 -1.5944 18.2281
3 -1.5944 18.2281
3 -1.5944 18.2281
3 -1.5944 18.2281
3 -1.5944 18.2281
3 -1.5944 18.2281
3 -1.5944 18.2281
3 -1.5944 18.2281
3 -1.5944 18.2281
3 -1.5944 18.2281
3 -1.5944 18.2281
3 -1.5944 18.2281
3 -1.5944 18.2281
3 -1.5944 18.2281
3 -1.5944 18.2281
3 -1.5944 18.2281
3 -1.5944 18.2281
3 -1.5944 18.2281
3 -1.5944 18.2281
3 -1.5944 18.2281
3 -1.5944 18.2281
3 -1.5944 18.2281
3 -1.5944 18.2281
3 -1.5944 18.2281
3 -1.5944 18.2281
3 -1.5944 18.2281
3 -1.5944 18.2281
3 -1.5944 18.2281
3 -1.5944 18.2281
3 -1.5944 18.2281
3 -1.5944 18.2281
3 -1.5944 18.2281
3 -1.5944 18.2281
3 -1.5944 18.2281
3 -1.5944 18.2281
3 -1.5944 18.2281
3 -1.5944 18.2281
3 -1.5944 18.2281
3 -1.5944 18.2281
3 -1.5944 18.2281
3 -1.5944 18.2281
3 -1.5944 18.2281
3 -1.5944 18.2281
3 -1.5944 18.2281
3 -1.5944 18.2281
3 -1.59445 18.2283
3 -1.59422 18.2255
3 -1.59399 18.2228
3 -1.59378 18.2203
3 -1.59357 18.2179
3 -1.59337 18.2155
3 -1.59315 18.213
3 -1.59295 18.2106
3 -1.59275 18.2084
3 -1.59255 18.2061
3 -1.59234 18.2037
3 -1.59215 18.2015
3 -1.59195 18.1993
3 -1.59175 18.197
3 -1.59154 18.1947
3 -1.59134 18.1925
3 -1.59115 18.1904
3 -1.59096 18.1883
3 -1.59077 18.1862
3 -1.59057 18.1841
3 -1.59038 18.1819
3 -1.59018 18.1798
3 -1.58998 18.1777
3 -1.5898 18.1757
3 -1.58961 18.1737
3 -1.58943 18.1719
3 -1.58925 18.17
3 -1.58907 18.1681
3 -1.5889 18.1663
3 -1.58873 18.1646
3 -1.58856 18.1629
3 -1.5884 18.1613
3 -1.58823 18.1597
3 -1.58807 18.158
3 -1.5879 18.1564
3 -1.58773 18.1546
3 -1.58755 18.1529
3 -1.58738 18.1512
3 -1.58721 18.1495
3 -1.58703 18.1477
3 -1.58685 18.1458
3 -1.58667 18.144
3 -1.58648 18.1421
3 -1.58628 18.14
3 -1.58608 18.138
3 -1.58588 18.1359
3 -1.58567 18.1337
3 -1.58547 18.1317
3 -1.58527 18.1296
3 -1.58507 18.1275
3 -1.58487 18.1255
3 -1.58467 18.1233
3 -1.58446 18.1212
3 -1.58425 18.1189
3 -1.58403 18.1167
3 -1.58382 18.1144
3 -1.5836 18.1121
3 -1.58339 18.1099
3 -1.58318 18.1078
3 -1.58299 18.1058
3 -1.5828 18.1039
3 -1.58262 18.1021
3 -1.58245 18.1004
3 -1.58228 18.0988
3 -1.58212 18.0973
3 -1.58197 18.0959
3 -1.58181 18.0945
3 -1.58167 18.0932
3 -1.58152 18.0919
3 -1.58138 18.0906
3 -1.58134 18.0912
3 -1.58129 18.0914
3 -1.58121 18.0914
3 -1.58115 18.0915
3 -1.58108 18.0916
3 -1.58101 18.0916
3 -1.58094 18.0918
3 -1.58088 18.0919
3 -1.58081 18.0921
3 -1.58075 18.0922
3 -1.58068 18.0922
3 -1.58059 18.0921
3 -1.58051 18.092
3 -1.58042 18.0918
3 -1.58034 18.0917
3 -1.58026 18.0916
3 -1.58018 18.0915
3 -1.5801 18.0915
3 -1.58003 18.0916
3 -1.57997 18.0917
3 -1.5799 18.0918
3 -1.57984 18.0919
3 -1.57977 18.092
3 -1.5797 18.0921
3 -1.57963 18.0921
3 -1.57955 18.0919
3 -1.57945 18.0917
3 -1.57936 18.0913
