0.553235
0.546718
0.54029
0.532308
0.524379
0.515152
0.509116
0.503056
0.495411
0.479869
0.478294
0.465687
0.457776
0.448353
0.442085
0.435875
0.429715
0.422161
0.413139
0.407134
0.40111
0.395114
0.380401
0.373238
0.366175
0.360547
0.353542
0.345101
0.340919
0.333966
0.325771
0.32032
0.313466
0.305249
0.299831
0.29445
0.287843
0.280173
0.275138
0.270142
0.264019
0.25689
0.252174
0.246162
0.238727
0.233591
0.228325
0.214927
0.208313
0.203069
0.196657
0.189224
0.184342
0.179567
0.173712
0.166803
0.162299
0.15784
0.152251
0.145409
0.140776
0.136155
0.130391
0.123555
0.119166
0.114886
0.104446
0.103429
0.0956061
0.0919391
0.087427
0.0828692
0.0773435
0.0745196
0.0697536
0.0640021
0.0601475
0.0563409
0.0490717
0.0446066
0.0391569
0.0355093
0.0318178
0.027146
0.0214684
0.0185897
0.0138461
0.00918266
0.00355796
0.000227439
0.00405122
0.00786738
0.0172935
0.0182318
0.0257812
0.0305767
0.0361477
0.0388656
0.0433154
0.0475469
0.0522625
0.0551253
0.0578162
0.0603528
0.0632752
0.0664858
0.0685487
0.0732293
0.0759514
0.0765022
0.0809022
0.0835785
0.0868022
0.0889319
0.0910733
0.0938776
0.0973619
0.09917
0.102223
0.105927
0.107806
0.110922
0.114566
0.116855
0.119568
0.122543
0.124387
0.12797
0.130155
0.132602
0.133693
0.135295
0.13682
0.138714
0.139732
0.141487
0.143768
0.145329
0.146929
0.150104
0.151678
0.153549
0.155541
0.156693
0.157807
0.158896
0.160206
0.161789
0.162845
0.163947
0.166774
0.168157
0.168425
0.170396
0.1716
0.172841
0.174386
0.175411
0.176455
0.177754
0.179125
0.18087
0.182039
0.183224
0.184631
0.186232
0.187191
0.188085
0.18888
0.190231
0.190469
0.191431
0.192112
0.192897
0.19332
0.193661
0.193879
0.193754
0.193562
0.193148
0.192544
0.192181
0.19187
0.19148
0.191025
0.190782
0.190484
0.189964
0.189503
0.188876
0.188161
0.187535
0.187377
0.187376
0.18749
0.187791
0.187791
0.187382
0.187116
0.186802
0.186429
0.186135
0.185816
0.18547
0.185192
0.185097
0.185127
0.185276
0.185374
0.18538
0.185145
0.184659
0.184216
0.183588
0.182767
0.182265
0.18175
0.180969
0.179919
0.179191
0.178369
0.176416
0.175344
0.174501
0.173676
0.172937
0.172139
0.17146
0.171128
0.170892
0.170495
0.170251
0.169869
0.169503
0.169061
0.168403
0.167548
0.166918
0.16629
0.165592
0.16501
0.164839
0.164762
0.164326
0.164167
0.163847
0.163373
0.163186
0.162928
0.162647
0.162289
0.161793
0.161457
0.161066
0.160598
0.159993
0.15906
0.157824
0.155943
0.154828
0.153241
0.151138
0.149614
0.148064
0.1465
0.144504
0.141948
0.140221
0.137182
0.135732
0.134495
0.133373
0.132465
0.131609
0.130571
0.129509
0.128275
0.127662
0.126549
0.125259
0.123532
0.122249
0.120924
0.118059
0.116682
0.115365
0.113996
0.112656
0.111466
0.110655
0.109858
0.108997
0.107912
0.106593
0.105671
0.104741
0.10278
0.101719
0.100685
0.0999765
0.0991912
0.0983098
0.0977524
0.0972198
0.0968346
0.0967893
0.0974184
0.098234
0.100884
0.102611
0.104568
0.107364
0.111073
0.113717
0.116396
0.119094
0.125047
0.129016
0.131721
0.134481
0.138065
0.142494
0.145537
0.14858
0.152283
0.156404
0.158884
0.161243
0.164031
0.1667
0.169975
0.172207
0.174408
0.177121
0.180449
0.182659
0.18744
0.190101
0.192853
0.195013
0.197578
0.200526
0.202435
0.204345
0.206252
0.208602
0.211481
0.213407
0.215325
0.219411
0.221597
0.223836
0.225585
0.227703
0.229743
0.231933
0.233211
0.234469
0.236057
0.237982
0.239385
0.240881
0.242466
0.246192
0.247056
0.250507
0.252286
0.254703
0.257898
0.260055
0.262608
0.265471
0.267318
0.269071
0.270657
0.272433
0.273979
0.275681
0.276814
0.278348
0.280375
0.28187
0.283468
0.285542
0.287602
0.28988
0.292351
0.293336
0.294308
0.295387
0.296121
0.296815
0.297674
0.29879
0.299525
0.300276
0.301067
0.302092
0.303228
0.304765
0.305991
0.307065
0.308465
0.310158
0.311211
0.312431
0.313601
0.314041
0.314671
0.315294
0.315752
0.316366
0.317094
0.319072
0.320363
0.321853
0.323174
0.32459
0.326374
0.32832
0.329469
0.330444
0.331258
0.33275
0.333487
0.334225
0.334777
0.335471
0.336294
0.336925
0.337859
0.339219
0.339955
0.34128
0.342898
0.343721
0.345043
0.34661
0.347638
0.348808
0.350011
0.350753
0.351459
0.352697
0.353264
0.353885
0.354482
0.355185
0.356132
0.357132
0.357564
0.357807
0.357871
0.357765
0.357612
0.357415
0.357196
0.357025
0.356788
0.35621
0.356115
0.355925
0.355238
0.355008
0.354051
0.353604
0.353303
0.353102
0.352857
0.352555
0.352241
0.351979
0.351848
0.351727
0.351547
0.351133
0.350388
0.349926
0.349119
0.348965
0.348732
0.348497
0.348595
0.348892
0.349314
0.349739
0.350094
0.350357
0.350557
0.350675
0.350649
0.350571
0.350378
0.350036
0.349605
0.349427
0.349195
0.34893
0.34866
0.348343
0.347882
0.347416
0.346954
0.34624
0.345815
0.345439
0.345113
0.344771
0.344359
0.344111
0.343677
0.343121
0.342656
0.342132
0.341499
0.340971
0.340731
0.340446
0.340216
0.340114
0.33995
0.339462
0.338262
0.338262
0.338282
0.338361
0.338437
0.338459
0.338387
0.338185
0.337876
0.336654
0.335774
0.335
0.334137
0.333382
0.333015
0.332767
0.332672
0.33272
0.332731
0.332641
0.33251
0.332274
0.332113
0.331863
0.331683
0.331408
0.331221
0.330798
0.330698
0.330489
0.330469
0.330393
0.330141
0.32993
0.329667
0.329309
0.328818
0.328311
0.327994
0.327648
0.327316
0.326694
0.326424
0.326172
0.32588
0.325501
0.325214
0.324896
0.324746
0.324806
0.325041
0.325319
0.325663
0.326061
0.326231
0.326262
0.326131
0.326006
0.32594
0.325928
0.325956
0.325995
0.326134
0.326319
0.326326
0.326245
0.326126
0.325962
0.325531
0.325209
0.324862
0.324425
0.324025
0.323612
0.32302
0.322351
0.321907
0.321256
0.320266
0.319596
0.319005
0.318375
0.317669
0.317217
0.316747
0.316499
0.611667
0.588021
0.572697
0.539425
0.521634
0.518147
0.48778
0.471641
0.456028
0.443917
0.429197
0.412268
0.401416
0.390835
0.380548
0.36802
0.35348
0.344137
0.335035
0.326092
0.304441
0.294006
0.285848
0.277946
0.268344
0.259037
0.248172
0.241051
0.234038
0.227151
0.212019
0.203821
0.195726
0.18945
0.183387
0.17619
0.168043
0.162812
0.157759
0.15161
0.14456
0.140151
0.135942
0.130877
0.125049
0.121313
0.113971
0.110282
0.105596
0.0999946
0.0963858
0.0928641
0.0894083
0.0852338
0.0804124
0.0771997
0.0701453
0.0664915
0.0630026
0.0604052
0.0578846
0.0548847
0.0515613
0.0499512
0.0466792
0.0432179
0.0296115
0.0282036
0.0261049
0.0239941
0.0228408
0.0218247
0.0206346
0.0191933
0.0182795
0.0173749
0.0161208
0.0144778
0.0134289
0.0124618
0.0105864
0.0102449
0.00957701
0.00831444
0.00781147
0.00735127
0.00707984
0.00692027
0.00680532
0.00682445
0.00686907
0.0068337
0.00669161
0.00647714
0.00639694
0.00632826
0.00625629
0.00615348
0.00595237
0.00564886
0.00543357
0.00538442
0.00510168
0.00487713
0.00484032
0.00442043
0.00412823
0.00365836
0.00317328
0.00236104
0.00108737
0.000149082
0.00085357
0.00220518
0.00399477
0.00518907
0.00636774
0.00746889
0.00880775
0.0103779
0.0124124
0.0137361
0.0139913
0.0159478
0.0171705
0.017977
0.018641
0.0190555
0.0193607
0.0197172
0.0202599
0.0206397
0.0210318
0.0215994
0.0223224
0.0228519
0.0235631
0.0243871
0.0249674
0.0255448
0.0261574
0.0266385
0.0268444
0.0271464
0.0272593
0.0273903
0.0275297
0.0276361
0.0277529
0.0279708
0.0280845
0.0281871
0.0283284
0.0286615
0.0292774
0.029855
0.0306997
0.031675
0.0329004
0.0336226
0.0347988
0.0353089
0.0355409
0.0353821
0.0350116
0.0344597
0.0336365
0.0324313
0.0317838
0.0309465
0.0293895
0.0288009
0.0286963
0.0277621
0.0270728
0.0263143
0.0259129
0.0255884
0.0252777
0.0250079
0.0247969
0.0245757
0.0242999
0.0237937
0.0228613
0.0220701
0.02087
0.019527
0.0179848
0.0170288
0.0153801
0.0144615
0.0136366
0.0128891
0.0126323
0.0122551
0.0118548
0.0116294
0.011397
0.0111324
0.0107586
0.0105328
0.0103773
0.0102375
0.0101511
0.0100461
0.00953321
0.00907198
0.00854413
0.00766177
0.00641237
0.00555962
0.00471366
0.00361066
0.00213074
0.00109128
0.000340935
0.00225
0.00363513
0.00500421
0.0063332
0.00795521
0.00976804
0.0109037
0.013338
0.0146581
0.0149139
0.0170798
0.0184543
0.019877
0.0217618
0.023024
0.0242615
0.0254097
0.026749
0.028337
0.0294682
0.0306395
0.0335243
0.0352808
0.0371804
0.0387288
0.0402149
0.0419115
0.0438469
0.045129
0.0463712
0.0477872
0.0492796
0.0502173
0.0511196
0.052296
0.0536299
0.0553276
0.0564358
0.057831
0.0595702
0.0604505
0.0634414
0.0637305
0.066109
0.067743
0.0696835
0.0709314
0.072142
0.0733984
0.0749519
0.0766866
0.0777713
0.0788385
0.0802015
0.0819695
0.0832219
0.0861544
0.0877322
0.0893501
0.0906867
0.092026
0.0933328
0.0948148
0.096343
0.0972408
0.098029
0.0996057
0.100272
0.100678
0.101091
0.101346
0.101403
0.101364
0.101242
0.101046
0.100915
0.101025
0.101255
0.101604
0.101914
0.102045
0.102377
0.103218
0.103394
0.104177
0.104607
0.104676
0.105075
0.105251
0.10543
0.105575
0.105916
0.106428
0.106799
0.107142
0.107464
0.107833
0.108103
0.108646
0.109247
0.109633
0.110402
0.110832
0.111402
0.111839
0.112273
0.112647
0.112987
0.113357
0.113566
0.113858
0.114404
0.114447
0.11434
0.114219
0.114014
0.113729
0.113228
0.112574
0.112263
0.112115
0.112218
0.11238
0.112533
0.112687
0.112999
0.113571
0.114084
0.114648
0.115957
0.116856
0.11803
0.11878
0.119567
0.120583
0.12182
0.122717
0.123658
0.124966
0.126569
0.12751
0.128388
0.130351
0.13134
0.13153
0.133259
0.134497
0.136054
0.137209
0.13848
0.140196
0.141916
0.143581
0.14533
0.146389
0.14736
0.148185
0.148966
0.149598
0.149868
0.150073
0.150323
0.150328
0.150095
0.149767
0.14936
0.149185
0.149033
0.148962
0.148996
0.149028
0.149154
0.149541
0.149874
0.150222
0.15058
0.151277
0.151628
0.151699
0.152189
0.152524
0.152888
0.153062
0.153312
0.153654
0.153866
0.154141
0.154399
0.154571
0.154507
0.154195
0.153583
0.152558
0.1518
0.151034
0.149753
0.149155
0.14868
0.148515
0.148348
0.148041
0.147568
0.147273
0.146874
0.146364
0.145839
0.14555
0.145163
0.145168
0.145176
0.145173
0.145102
0.144927
0.144724
0.14448
0.144184
0.143729
0.143359
0.142779
0.142013
0.141524
0.141028
0.140522
0.139909
0.139091
0.13892
0.138585
0.137567
0.1368
0.136613
0.134951
0.133943
0.132814
0.13208
0.131314
0.130564
0.129734
0.128741
0.127955
0.127071
0.125905
0.124627
0.123822
0.122829
0.121616
0.120996
0.118877
0.117667
0.116632
0.115592
0.11457
0.113289
0.111605
0.110716
0.109149
0.107121
0.105756
0.102606
0.100831
0.0990437
0.0975624
0.0960321
0.0941872
0.0921017
0.0910756
0.0893047
0.087577
0.085934
0.0846912
0.083561
0.0813262
0.081133
0.0797836
0.0789545
0.0779959
0.0773712
0.0766872
0.0759597
0.0750142
0.0737471
0.0729036
0.0718171
0.0703004
0.0691912
0.0680512
0.0652378
0.0635804
0.0632341
0.0602989
0.0589619
0.058725
0.0569151
0.0558178
0.0546696
0.0531755
0.0522481
0.0514544
0.0506331
0.0497912
0.0492258
0.0485998
0.0479879
0.0472427
0.0463827
0.0455536
0.0451913
0.0448257
0.292696
0.269545
0.258201
0.221613
0.218059
0.190369
0.173684
0.154438
0.142128
0.130315
0.116321
0.100452
0.0903875
0.0806965
0.0712957
0.0599933
0.0471017
0.0388952
0.0289866
0.0210588
0.0210588
0.02865
0.0372282
0.0427382
0.0481618
0.0548143
0.0613392
0.0689048
0.0738283
0.0786166
0.0890557
0.0947662
0.100336
0.104659
0.109828
0.115688
0.119324
0.122763
0.126057
0.129923
0.134371
0.136559
0.140087
0.144143
0.149351
0.152397
0.155254
0.157443
0.159993
0.16233
0.164114
0.165774
0.167729
0.169914
0.171367
0.172858
0.176343
0.177187
0.180655
0.182789
0.18477
0.185164
0.188392
0.189942
0.191381
0.192529
0.193859
0.195285
0.196204
0.197148
0.198052
0.19903
0.200055
0.200748
0.201726
0.20299
0.203883
0.204854
0.206161
0.20773
0.209588
0.210649
0.211613
0.212569
0.21331
0.214154
0.215152
0.215796
0.216325
0.216757
0.217543
0.218063
0.218676
0.21936
0.219831
0.220333
0.220753
0.220933
0.220995
0.221007
0.220899
0.220548
0.219829
0.219148
0.218374
0.217383
0.215814
0.215508
0.21447
0.214166
0.214044
0.214015
0.214009
0.213931
0.213798
0.213608
0.213398
0.213182
0.21283
0.212301
0.212045
0.211096
0.2105
0.209846
0.209297
0.208537
0.207535
0.206792
0.206071
0.205319
0.204399
0.203525
0.203021
0.202485
0.201813
0.201258
0.200696
0.199889
0.199383
0.198714
0.197245
0.197245
0.197317
0.197512
0.198095
0.198289
0.19815
0.197873
0.197553
0.197048
0.196432
0.196023
0.195674
0.195332
0.194881
0.194217
0.192888
0.191963
0.191126
0.190292
0.18959
0.188816
0.18768
0.185994
0.184719
0.183377
0.182003
0.180298
0.178424
0.177318
0.175403
0.174785
0.174565
0.174668
0.174865
0.17507
0.175263
0.175531
0.17586
0.176304
0.176646
0.176964
0.177189
0.177392
0.177489
0.177272
0.17704
0.176564
0.175825
0.175385
0.174589
0.173856
0.173239
0.172715
0.172449
0.172282
0.172184
0.172042
0.171776
0.171533
0.170981
0.17088
0.170688
0.170603
0.170558
0.170444
0.170189
0.169994
0.169868
0.169739
0.169517
0.169159
0.168946
0.16876
0.168195
0.168036
0.167643
0.16659
0.166087
0.165711
0.165525
0.16539
0.165395
0.165736
0.166124
0.166602
0.166907
0.167237
0.167619
0.168109
0.1688
0.169648
0.170291
0.171859
0.172166
0.172717
0.173734
0.174156
0.174647
0.17525
0.175635
0.176026
0.176757
0.176932
0.177238
0.177782
0.178824
0.179043
0.179809
0.180006
0.179998
0.179767
0.179415
0.178913
0.178209
0.177058
0.175358
0.174111
0.172757
0.169255
0.16704
0.164667
0.16274
0.160849
0.158943
0.156622
0.153966
0.152304
0.150778
0.149018
0.146148
0.145549
0.144424
0.142122
0.141617
0.140584
0.138327
0.137106
0.13585
0.134901
0.133803
0.132409
0.131638
0.130353
0.128803
0.127762
0.126371
0.124718
0.123669
0.122706
0.121858
0.120923
0.119949
0.118997
0.118543
0.117984
0.117236
0.116749
0.116334
0.1158
0.114953
0.114304
0.113531
0.11241
0.111141
0.1105
0.110012
0.10965
0.109651
0.109864
0.111087
0.112164
0.113382
0.114521
0.116218
0.118526
0.120178
0.121863
0.124017
0.126551
0.128241
0.12988
0.133151
0.134778
0.136852
0.139583
0.141087
0.143727
0.14711
0.149406
0.151767
0.154244
0.160007
0.16127
0.163777
0.168657
0.171637
0.175021
0.177081
0.179074
0.181482
0.184119
0.185669
0.187105
0.188844
0.190842
0.19219
0.193571
0.196896
0.198829
0.200826
0.202409
0.204455
0.206991
0.208372
0.210407
0.213228
0.217086
0.219862
0.222763
0.229534
0.233467
0.236626
0.239763
0.243557
0.247261
0.251716
0.254654
0.258332
0.262071
0.266614
0.269627
0.272573
0.275404
0.278703
0.281778
0.285471
0.287987
0.293612
0.29683
0.300225
0.303735
0.307242
0.310708
0.313478
0.316879
0.320845
0.323391
0.325912
0.328945
0.332505
0.334784
0.336948
0.338951
0.341283
0.343522
0.346119
0.347764
0.349368
0.353413
0.355422
0.357338
0.358882
0.360848
0.363143
0.364575
0.365969
0.367593
0.369546
0.37088
0.372216
0.373945
0.376135
0.377614
0.379149
0.382703
0.384694
0.386586
0.387977
0.389494
0.391145
0.391884
0.393108
0.394744
0.396025
0.397483
0.399103
0.401294
0.403946
0.405545
0.407334
0.410138
0.410661
0.41161
0.413565
0.414564
0.415621
0.416553
0.417658
0.418611
0.419619
0.420284
0.420887
0.421379
0.421891
0.422307
0.422489
0.422822
0.423029
0.423374
0.423829
0.424249
0.424647
0.424954
0.425291
0.42573
0.425992
0.426216
0.426774
0.427259
0.427855
0.428416
0.429148
0.43007
0.430661
0.431444
