0.550132
0.54479
0.538243
0.53175
0.525333
0.51774
0.512774
0.507781
0.502744
0.49639
0.488744
0.483689
0.472516
0.466462
0.461634
0.455643
0.448434
0.443695
0.438983
0.434369
0.428677
0.421826
0.417261
0.408285
0.402808
0.397515
0.392431
0.388428
0.38449
0.380675
0.376087
0.370609
0.367784
0.358776
0.356629
0.347613
0.342932
0.337076
0.330018
0.325372
0.319714
0.313009
0.309727
0.304344
0.297989
0.294881
0.289779
0.28367
0.279527
0.275332
0.265906
0.263816
0.255663
0.251816
0.24709
0.241576
0.238887
0.234581
0.229758
0.226635
0.223483
0.22031
0.212977
0.211313
0.204658
0.200538
0.196586
0.193585
0.189885
0.185385
0.182394
0.179371
0.17632
0.17249
0.167819
0.164747
0.158762
0.155741
0.152698
0.14886
0.144316
0.142064
0.138339
0.133856
0.130804
0.127774
0.121313
0.119923
0.114744
0.111889
0.109402
0.107192
0.105618
0.103909
0.10212
0.100974
0.0998308
0.0986251
0.0973767
0.0945682
0.0939777
0.092793
0.0901453
0.0895621
0.0870156
0.0856467
0.0838194
0.0815528
0.0804023
0.078828
0.0768745
0.0746152
0.073242
0.0716573
0.0700163
0.0690479
0.0671877
0.0662901
0.0652754
0.0643547
0.0639508
0.0635739
0.0631813
0.0627075
0.0614163
0.0610656
0.0596173
0.0588592
0.0579611
0.0569305
0.0563371
0.0558665
0.0554624
0.0551291
0.0547489
0.0547601
0.0550626
0.0554619
0.0560927
0.056652
0.0572953
0.058072
0.0592316
0.0604811
0.0620071
0.0629908
0.0639976
0.0659813
0.0671965
0.0683134
0.0693333
0.0701296
0.0708884
0.071883
0.0731175
0.0737934
0.074736
0.0760175
0.0787239
0.0793757
0.0819273
0.0831171
0.0842904
0.0858469
0.0875025
0.0897414
0.0910091
0.0928251
0.0971926
0.098188
0.102001
0.103799
0.106045
0.10861
0.110243
0.111886
0.113612
0.11588
0.118651
0.12046
0.123747
0.125567
0.127134
0.128559
0.129627
0.130982
0.132684
0.133536
0.134993
0.136554
0.138421
0.139362
0.140994
0.142961
0.144172
0.14625
0.147184
0.148348
0.149929
0.151179
0.152835
0.154978
0.156442
0.157911
0.159315
0.16069
0.164001
0.165872
0.167827
0.16945
0.171037
0.172979
0.174868
0.177043
0.178361
0.179572
0.180624
0.182559
0.182915
0.183604
0.185105
0.18548
0.187073
0.187941
0.188863
0.190028
0.191484
0.192431
0.193297
0.194195
0.194819
0.195147
0.19524
0.195402
0.195453
0.195449
0.195468
0.195623
0.196011
0.19644
0.197132
0.198133
0.198908
0.200809
0.202331
0.203958
0.20535
0.207176
0.209634
0.210973
0.212831
0.2153
0.218344
0.23368
0.23368
0.23613
0.238514
0.241239
0.243936
0.24546
0.247132
0.249019
0.250185
0.251288
0.25264
0.254176
0.255159
0.257259
0.258733
0.2603
0.261309
0.262649
0.263958
0.26677
0.267768
0.269044
0.270505
0.271142
0.272029
0.273041
0.273779
0.274486
0.275206
0.276143
0.277265
0.277947
0.278602
0.280153
0.280724
0.28111
0.281464
0.281855
0.282259
0.282423
0.282433
0.282355
0.282169
0.281954
0.281725
0.281429
0.280995
0.280684
0.280362
0.27985
0.280057
0.280826
0.282403
0.283798
0.285433
0.28723
0.289708
0.292902
0.295188
0.298286
0.301725
0.306354
0.309611
0.312984
0.317291
0.322352
0.325638
0.33218
0.336165
0.340807
0.343897
0.346979
0.350001
0.3536
0.35709
0.361325
0.36406
0.366665
0.369084
0.374326
0.374795
0.378069
0.379814
0.3814
0.382641
0.38411
0.385648
0.386615
0.387559
0.388472
0.38965
0.39126
0.392362
0.394391
0.395518
0.396536
0.397016
0.397339
0.397572
0.397678
0.397698
0.39756
0.397275
0.396595
0.395482
0.394746
0.393273
0.39249
0.39184
0.391458
0.391167
0.390923
0.390623
0.390327
0.389869
0.389285
0.38854
0.386022
0.38574
0.383505
0.382487
0.381363
0.380382
0.379447
0.378977
0.378114
0.377017
0.376237
0.375363
0.37444
0.371895
0.371609
0.369255
0.367793
0.366196
0.364324
0.362687
0.360954
0.358677
0.35639
0.354121
0.351551
0.349984
0.348471
0.346999
0.343065
0.340717
0.340229
0.336019
0.333168
0.329443
0.326776
0.32398
0.321154
0.317717
0.313774
0.311312
0.308402
0.304998
0.302755
0.300477
0.297608
0.294117
0.291761
0.289348
0.282755
0.279143
0.278405
0.272284
0.268372
0.264417
0.260472
0.256478
0.253285
0.250172
0.246385
0.241883
0.239632
0.235941
0.232274
0.227731
0.224526
0.221139
0.213043
0.208551
0.204287
0.201019
0.197865
0.193966
0.189327
0.186193
0.182222
0.177457
0.174341
0.170425
0.165592
0.163158
0.159178
0.154601
0.151605
0.148541
0.140412
0.139572
0.132907
0.128714
0.123618
0.120108
0.11655
0.112067
0.106833
0.103521
0.10023
0.0960136
0.0916661
0.0890167
0.0798169
0.0788705
0.0750188
0.0647619
0.0636969
0.0551148
0.0497998
0.0445029
0.0393209
0.0352172
0.0311942
0.0262282
0.0203829
0.0165871
0.0127916
0.005048
8.72564e-05
0.00579468
0.00963659
0.0134518
0.0172226
0.0219886
0.0277761
0.030632
0.0353877
0.0411862
0.0450536
0.0489368
0.0577654
0.0597032
0.068399
0.0731697
0.0778372
0.0815525
0.0863178
0.0922898
0.0963327
0.101413
0.10767
0.111818
0.115905
0.119982
0.125028
0.131046
0.135096
0.139202
0.147401
0.152477
0.158417
0.162259
0.166968
0.172428
0.175958
0.179438
0.183888
0.18954
0.193459
0.197511
0.201732
0.211646
0.212761
0.221587
0.22596
0.231256
0.237355
0.241355
0.245276
0.249062
0.256438
0.260912
0.266247
0.269861
0.273518
0.277154
0.281586
0.286841
0.28945
0.293723
0.298815
0.302283
0.309327
0.313759
0.318286
0.322925
0.326654
0.331364
0.337017
0.34073
0.34447
0.349198
0.35511
0.359227
0.363534
0.369072
0.375768
0.379127
0.388984
0.391092
0.399458
0.404662
0.410995
0.415261
0.420654
0.427194
0.430528
0.436057
0.441417
0.447777
0.451995
0.457239
0.463383
0.467464
0.471548
0.476615
0.482596
0.485581
0.49444
0.498418
0.502395
0.507276
0.51296
0.516769
0.520671
0.525664
0.531704
0.535755
0.539877
0.545091
0.551402
0.555716
0.561177
0.567657
0.571939
0.57736
0.583991
0.588514
0.597782
0.603779
0.611063
0.614755
0.620969
0.628339
0.632011
0.638098
0.64541
0.64901
0.654945
0.665352
0.666497
0.676762
0.682348
0.683449
0.691987
0.696145
0.700324
0.705667
0.711057
0.717586
0.722039
0.726574
0.732429
0.739605
0.744456
0.754314
0.760734
0.767397
0.775596
0.781173
0.786802
0.792529
0.79991
0.919491
0.916052
0.888754
0.87202
0.852466
0.839709
0.824063
0.805801
0.793828
0.781982
0.770319
0.756066
0.739384
0.728567
0.71793
0.707466
0.682172
0.672274
0.659935
0.645105
0.635188
0.625309
0.613157
0.60131
0.587652
0.578855
0.570239
0.559648
0.549321
0.539234
0.527215
0.521247
0.511479
0.500125
0.49459
0.47857
0.469909
0.459845
0.453331
0.446904
0.440605
0.432965
0.424041
0.41825
0.412547
0.405418
0.396801
0.391072
0.379871
0.372997
0.366172
0.357929
0.352408
0.345618
0.337779
0.332609
0.32742
0.320933
0.313114
0.307994
0.302939
0.298006
0.291947
0.284765
0.280006
0.270597
0.264698
0.257444
0.252485
0.247499
0.24123
0.233738
0.228706
0.223681
0.218658
0.212323
0.205965
0.198413
0.193481
0.188698
0.178418
0.172989
0.166716
0.162554
0.158356
0.154178
0.148983
0.143753
0.137515
0.134394
0.129187
0.123014
0.118902
0.109799
0.105038
0.104118
0.096949
0.0917511
0.0883818
0.0850648
0.0817342
0.0776317
0.0735927
0.0687084
0.0654962
0.0623304
0.0583716
0.0534735
0.0509689
0.0431835
0.0378748
0.0343199
0.0308326
0.0274999
0.0235086
0.0190002
0.0162125
0.0130265
0.00967612
0.00771894
0.00589438
0.00228188
0.000415578
4.23598e-05
0.00306841
0.00519031
0.0077576
0.0093866
0.0113171
0.0136929
0.0149384
0.0170899
0.0197415
0.0215334
0.0232642
0.0253688
0.0276998
0.0290584
0.0302132
0.031419
0.0324932
0.0330608
0.0337875
0.034714
0.0353986
0.0368442
0.037589
0.0386241
0.0400954
0.0411254
0.0421607
0.0432199
0.0445263
0.0461109
0.0478809
0.0491879
0.0508905
0.0520188
0.053119
0.0544239
0.0559277
0.0568624
0.0577666
0.0587734
0.059701
0.0602013
0.0606757
0.0612045
0.0616306
0.061769
0.0618652
0.0614355
0.0610822
0.0607314
0.0603273
0.0598681
0.0596438
0.0594042
0.059131
0.0588482
0.0585155
0.0582969
0.05789
0.0573348
0.0568421
0.0562799
0.0550169
0.0547726
0.0538716
0.053392
0.0526637
0.0516612
0.0508821
0.0500477
0.0491094
0.0480818
0.0455678
0.0444996
0.0442917
0.0426008
0.0417741
0.0410355
0.040226
0.0393148
0.0387125
0.0380399
0.0372371
0.0349925
0.0347696
0.0326166
0.0313269
0.0302595
0.0288774
0.0275376
0.0261605
0.0246721
0.0229152
0.0217717
0.0206434
0.0194493
0.0182608
0.0168411
0.0152242
0.0141457
0.0118001
0.010133
0.00800312
0.00654932
0.00478501
0.00301536
0.00155168
0.000273077
0.0023594
0.00386399
0.00519791
0.00659229
0.00722748
0.00825913
0.00916575
0.00990499
0.0106611
0.0109375
0.0112393
0.0114853
0.0116298
0.0116825
0.0120195
0.0125039
0.012623
0.0136438
0.0140951
0.0147112
0.0157054
0.0164568
0.0171909
0.0179679
0.0189714
0.0200294
0.0205669
0.0210174
0.0219144
0.0222638
0.0225736
0.0229327
0.0234221
0.024032
0.0244138
0.0248306
0.0255035
0.0263776
0.026867
0.0273358
0.0281553
0.0283231
0.0289601
0.0293775
0.0297902
0.0299459
0.0300218
0.0301357
0.0302402
0.0303331
0.0303569
0.0301768
0.029973
0.0296029
0.0290975
0.0286539
0.0280833
0.0274323
0.0259515
0.0258514
0.0253455
0.0252172
0.0250457
0.0248732
0.0248749
0.0249733
0.0252308
0.0256608
0.0260439
0.0264633
0.0270722
0.0278139
0.0283305
0.0289179
0.0307119
0.0318632
0.0329292
0.034449
0.0362844
0.0374103
0.038504
0.0398754
0.0413837
0.0423672
0.0434387
0.0448841
0.0466786
0.0479556
0.0493541
0.0512471
0.0531991
0.0554886
0.0568832
0.0593907
0.0607696
0.0620663
0.0627227
0.0632678
0.0636953
0.0640714
0.0644294
0.0646665
0.0647426
0.0646641
0.0643809
0.0643496
0.0643387
0.0643821
0.0645647
0.0651582
0.0656468
0.0661639
0.0667121
0.0672651
0.0679531
0.0686564
0.069133
0.0696269
0.0702052
0.0709109
0.0716143
0.0720972
0.0726918
0.0731056
0.0736885
0.0743589
0.0747284
0.0751061
0.0753897
0.0754245
0.0752972
0.0750944
0.0747572
0.0743644
0.0741964
0.074421
0.0749468
0.0760736
0.0778638
0.0792048
0.0806806
0.0822469
0.0843797
0.0871949
0.0892689
0.0914829
0.0975945
0.0982595
0.10373
0.107166
0.111242
0.113872
0.11645
0.119604
0.123381
0.125841
0.128257
0.130579
0.135072
0.137323
0.14012
0.142887
0.145699
0.149228
0.151568
0.153889
0.156662
0.159817
0.161745
0.164017
0.166762
0.168647
0.170566
0.172477
0.177292
0.179308
0.181738
0.184421
0.186115
0.188261
0.19098
0.192802
0.194646
0.196472
0.198741
0.201023
0.20364
0.205295
0.206944
0.209018
0.211087
0.213414
0.214873
0.216243
0.218991
0.21958
0.221839
0.222922
0.224272
0.225771
0.226685
0.227638
0.228639
0.229899
0.231299
0.231998
0.234521
0.235657
0.237234
0.239366
0.240863
0.242435
0.244363
0.246655
0.248171
0.249947
0.251963
0.253243
0.25445
0.255953
0.257388
0.258877
0.259773
0.260643
0.262411
0.263348
0.264278
0.265145
0.26646
0.268286
0.269613
0.270918
0.272203
0.27371
0.275026
0.276472
0.277209
0.278439
0.279825
0.280621
0.281544
0.282608
0.283293
0.285063
0.286149
0.286364
0.287947
0.288621
0.289446
0.290587
0.291437
0.292338
0.293454
0.294645
0.295408
0.296208
0.297117
0.299844
0.30105
0.302572
0.304521
0.305908
0.307294
0.309037
0.31078
0.312758
0.314056
0.315628
0.317447
0.31859
0.319613
0.320541
0.321511
0.322296
0.322636
0.323073
0.323218
0.323365
0.323438
0.323566
0.323773
0.324122
0.324843
0.326035
0.326993
0.328312
0.32995
0.332247
0.333408
0.334855
0.336279
0.337908
0.338893
0.339874
0.341088
0.527176
0.512132
0.497457
0.479628
0.448838
0.442171
0.415957
0.400003
0.384425
0.372153
0.357161
0.339757
0.328611
0.317762
0.307247
0.287194
0.275177
0.263579
0.252386
0.24146
0.22861
0.220291
0.212202
0.204281
0.194517
0.182866
0.175179
0.16755
0.159948
0.141149
0.139304
0.124943
0.117966
0.111154
0.102795
0.0929893
0.0866402
0.0803973
0.074255
0.0595832
0.0526259
0.04717
0.0417833
0.0364076
0.0297053
0.0218529
0.0167739
0.0118519
0.00590769
0.0008766
0.00523921
0.0135017
0.0173315
0.0209848
0.0252631
0.0301443
0.0333212
0.036519
0.0405346
0.0445464
0.0494831
0.0529336
0.0573474
0.0626174
0.0660285
0.0726369
0.076552
0.0803978
0.0848595
0.087688
0.0904861
0.0939361
0.0978867
0.101636
0.102241
0.104631
0.107504
0.110273
0.113423
0.11649
0.1185
0.120484
0.125211
0.126283
0.130415
0.132988
0.135625
0.138206
0.140712
0.1426
0.144429
0.146256
0.14864
0.151122
0.154327
0.156552
0.160734
0.162966
0.165305
0.166752
0.168086
0.16972
0.171652
0.172919
0.174585
0.176592
0.177925
0.179208
0.180369
0.18169
0.183323
0.184468
0.186694
0.187933
0.189118
0.18969
0.190115
0.190377
0.190565
0.190775
0.190935
0.191244
0.191898
0.192559
0.193439
0.195757
0.197035
0.198082
0.199462
0.2011
0.202211
0.203322
0.204375
0.205531
0.20657
0.207427
0.208215
0.208635
0.208913
0.209118
0.209208
0.209204
0.209227
0.209383
0.209539
0.210369
0.210937
0.211369
0.211712
0.212058
0.212339
0.21253
0.212734
0.213005
0.213291
0.213934
0.213986
0.214269
0.214334
0.214462
0.214553
0.214546
0.214514
0.21454
0.214599
0.214611
0.214498
0.214323
0.213781
0.213554
0.213519
0.213428
0.213459
0.213657
0.214193
0.214602
0.215009
0.215482
0.216064
0.216381
0.217036
0.217761
0.218666
0.219349
0.220783
0.221532
0.222179
0.222776
0.223145
0.223473
0.223872
0.2243
0.224554
0.224735
0.224912
0.225224
0.225465
0.225998
0.226233
0.226461
0.226462
0.226242
0.22583
0.225062
0.224429
0.223766
0.222832
0.221581
0.220716
0.219662
0.218374
0.21744
0.216452
0.215378
0.212578
0.212309
0.21123
0.208747
0.207949
0.207601
0.207444
0.20759
0.208167
0.208826
0.209665
0.210608
0.211846
0.213443
0.21457
0.216805
0.217951
0.219461
0.220639
0.221729
0.223023
0.224283
0.225733
0.226587
0.228185
0.229206
0.230569
0.231573
0.232599
0.233955
0.235745
0.236629
0.238085
0.239715
0.240755
0.241841
0.24294
0.245266
0.246193
0.246789
0.247426
0.248077
0.248695
0.249105
0.249459
0.249853
0.250181
0.250349
0.25064
0.250859
0.251034
0.251219
0.251457
0.252127
0.252437
0.252649
0.252793
0.252939
0.252985
0.253018
0.253026
0.253036
0.253132
0.25353
0.253948
0.254478
0.256009
0.25618
0.257733
0.258746
0.259869
0.260569
0.261236
0.261886
0.262613
0.263221
0.263529
0.263793
0.264003
0.263918
0.263762
0.263144
0.26275
0.262436
0.262216
0.262061
0.261993
0.261973
0.26192
0.261978
0.262183
0.262453
0.262946
0.263914
0.264535
0.266699
0.268252
0.269904
0.271932
0.273364
0.274797
0.276562
0.278533
0.279776
0.280929
0.282047
0.283495
0.285331
0.286599
0.28815
0.289858
0.290824
0.291902
0.293272
0.294006
0.29523
0.297814
0.29811
0.300713
0.302439
0.304494
0.30553
0.307237
0.30891
0.310812
0.31207
0.313261
0.314441
0.315877
0.317406
0.318251
0.318989
0.320628
0.321334
0.32185
0.322351
0.322881
0.323552
0.324261
0.324719
0.325222
0.32632
0.3268
0.326887
0.327394
0.327617
0.327912
0.328285
0.32861
0.329
0.329538
0.330175
0.331003
0.331603
0.33218
0.332809
0.333302
0.333459
0.333666
0.333733
0.333803
0.334505
0.335132
0.336154
0.33756
0.338435
0.339145
0.339756
0.340408
0.340911
0.341078
0.341297
0.341344
0.341428
0.341637
0.341794
0.341807
0.341764
0.34173
0.341624
0.341365
0.338422
0.338422
0.337732
0.337058
0.335684
0.335144
0.334787
0.334605
0.334439
0.334163
0.333857
0.333708
0.333567
0.333418
0.33314
0.332722
0.332487
0.332115
0.331981
0.331808
0.331451
0.330902
0.330506
0.330115
0.329777
0.329016
0.32843
0.327842
0.327108
0.326263
0.325816
0.325082
0.324216
0.323578
0.32269
0.321427
0.320525
0.319641
0.318662
0.317816
0.317403
0.316903
0.316284
0.315964
0.314768
0.314469
0.313914
0.312566
0.312009
0.311326
0.310443
0.309799
0.309151
0.30843
0.307395
0.30606
0.305192
0.304324
0.303424
0.302203
0.299526
0.299248
0.297236
0.296264
0.295467
0.294888
0.294589
0.294356
0.294249
0.294202
