0.552109
0.546863
0.541648
0.535109
0.527347
0.522187
0.517083
0.510685
0.503039
0.499227
0.492946
0.485395
0.480306
0.469985
0.463573
0.455927
0.45091
0.445955
0.440998
0.436061
0.429855
0.422409
0.417459
0.412557
0.401619
0.394219
0.389285
0.384393
0.378331
0.37125
0.366684
0.361039
0.354375
0.351136
0.345849
0.34056
0.333907
0.329218
0.322977
0.315001
0.309464
0.303857
0.298193
0.285385
0.27838
0.271373
0.263078
0.257591
0.25213
0.246737
0.240042
0.233319
0.225101
0.220937
0.214006
0.207091
0.19888
0.193578
0.188378
0.176902
0.174403
0.169501
0.157912
0.156781
0.147639
0.143017
0.137132
0.129993
0.125221
0.120449
0.115742
0.11005
0.103371
0.100011
0.0898312
0.0875466
0.0829433
0.0724538
0.066563
0.0607679
0.0561929
0.0504394
0.0435057
0.0388629
0.0342674
0.0297003
0.024031
0.017231
0.0126417
0.00694499
0.000310165
0.00403191
0.00929662
0.0152792
0.018988
0.0258446
0.029788
0.0341726
0.0369588
0.0397226
0.0431857
0.0474596
0.0503436
0.0539304
0.0581278
0.0609255
0.0636924
0.0664436
0.0699591
0.074301
0.0772834
0.0833604
0.0871985
0.0918395
0.0948906
0.0978654
0.101408
0.105429
0.107938
0.110364
0.112762
0.115736
0.119198
0.121364
0.125206
0.127516
0.129891
0.132379
0.134421
0.136558
0.139256
0.142546
0.144706
0.146845
0.149442
0.152322
0.154132
0.155856
0.159301
0.159958
0.162285
0.163498
0.164771
0.165461
0.166052
0.166496
0.16684
0.167099
0.167234
0.167388
0.167517
0.167805
0.167832
0.168149
0.16845
0.168764
0.169096
0.169358
0.169579
0.169697
0.169695
0.169583
0.169292
0.168836
0.168555
0.168342
0.168112
0.167722
0.167379
0.166916
0.166086
0.165011
0.163545
0.162501
0.161479
0.159132
0.158895
0.158196
0.156098
0.154785
0.153798
0.15274
0.151425
0.149952
0.149119
0.148384
0.14781
0.147267
0.146779
0.146476
0.146121
0.145261
0.14459
0.144061
0.143427
0.142561
0.141939
0.141331
0.140712
0.140178
0.139894
0.139614
0.139268
0.138621
0.137612
0.13683
0.135996
0.133861
0.133662
0.13203
0.130854
0.129455
0.128702
0.127367
0.126057
0.124522
0.123528
0.122565
0.1217
0.120761
0.119923
0.119494
0.118893
0.118565
0.118218
0.117736
0.117305
0.116814
0.116114
0.115382
0.114433
0.113815
0.113271
0.112769
0.112523
0.112614
0.113033
0.113306
0.113624
0.114002
0.114253
0.114401
0.114369
0.114117
0.113806
0.113421
0.112809
0.111825
0.110947
0.109649
0.107921
0.106669
0.105316
0.101316
0.100435
0.0985911
0.0962304
0.0933841
0.0914659
0.0894781
0.0850113
0.084108
0.0811027
0.0795814
0.0784828
0.0773814
0.0760642
0.0747959
0.0732615
0.0725203
0.0712944
0.0697269
0.0685585
0.0669991
0.0649466
0.0635453
0.0608794
0.0594423
0.0578085
0.0569708
0.0555895
0.0541044
0.0534751
0.0526654
0.0518124
0.0498482
0.0487284
0.0478124
0.0466931
0.0454661
0.0448627
0.0438795
0.043036
0.0422273
0.0417407
0.0411974
0.0406071
0.0403055
0.0401456
0.0400605
0.0400178
0.0400912
0.0401551
0.0403349
0.0406069
0.0406765
0.0414902
0.0421222
0.042831
0.0435622
0.0442252
0.0450064
0.0461214
0.047749
0.0486531
0.0513714
0.0531368
0.0551053
0.0562115
0.0571393
0.0579905
0.0587443
0.0596087
0.060745
0.0615696
0.0631746
0.0642205
0.0653233
0.0663652
0.0673584
0.0686364
0.0695753
0.0704941
0.0713335
0.0723408
0.0736749
0.0746183
0.0756506
0.0770762
0.0791094
0.0806361
0.0839826
0.0856948
0.0878948
0.0902424
0.0931092
0.09501
0.0973591
0.100356
0.101902
0.10344
0.105377
0.10773
0.109427
0.111214
0.113577
0.116482
0.11798
0.12048
0.123505
0.125634
0.130328
0.132739
0.135603
0.138823
0.140902
0.142887
0.144703
0.146759
0.148911
0.150232
0.152915
0.154391
0.156328
0.158894
0.160693
0.162508
0.170899
0.171724
0.172085
0.173221
0.173674
0.174163
0.174629
0.175109
0.175626
0.176396
0.177416
0.178147
0.178952
0.180674
0.181687
0.183004
0.184059
0.185205
0.186402
0.187939
0.189708
0.190816
0.192669
0.193348
0.19408
0.19471
0.195111
0.195966
0.197222
0.198172
0.200284
0.201798
0.203471
0.205252
0.206636
0.207896
0.209299
0.210638
0.211337
0.211972
0.213103
0.213663
0.214321
0.215102
0.215348
0.216482
0.21739
0.218717
0.219439
0.220732
0.222306
0.223105
0.22413
0.225417
0.226951
0.227871
0.228683
0.230286
0.230643
0.231312
0.232738
0.233864
0.234776
0.235817
0.236925
0.238261
0.239538
0.24018
0.240663
0.241162
0.241657
0.241984
0.242415
0.242902
0.243138
0.243339
0.243925
0.244217
0.244339
0.244311
0.244259
0.244278
0.244438
0.244881
0.245059
0.2453
0.245597
0.245811
0.246203
0.246685
0.24691
0.246969
0.246912
0.246925
0.247023
0.247206
0.247589
0.247845
0.248907
0.249237
0.250768
0.251764
0.25232
0.253048
0.253859
0.254678
0.255009
0.255739
0.255849
0.25602
0.256087
0.256208
0.256377
0.256455
0.256434
0.256341
0.256127
0.25602
0.255925
0.255727
0.255607
0.255531
0.255452
0.255305
0.255282
0.255058
0.25486
0.254605
0.254215
0.253851
0.253533
0.253337
0.253233
0.253066
0.253069
0.25306
0.252964
0.252852
0.252651
0.25236
0.252197
0.252076
0.251898
0.251623
0.251366
0.250997
0.249827
0.24897
0.247949
0.247065
0.246054
0.245133
0.244654
0.244294
0.24409
0.244012
0.243905
0.24387
0.243429
0.243015
0.242462
0.241354
0.24062
0.239532
0.238141
0.237137
0.236099
0.234381
0.233918
0.232981
0.230587
0.228849
0.227608
0.226285
0.224954
0.223362
0.221479
0.220206
0.218656
0.217492
0.215207
0.213801
0.212359
0.210828
0.209619
0.20843
0.207088
0.20574
0.20505
0.204421
0.203795
0.202153
0.201959
0.200131
0.19889
0.197627
0.196431
0.195276
0.194399
0.193331
0.192377
0.191191
0.190276
0.189116
0.1877
0.186984
0.185686
0.184077
0.182997
0.181886
0.180713
0.177998
0.176435
0.174939
0.173437
0.171815
0.170412
0.168672
0.166744
0.165549
0.164356
0.163179
0.162064
0.159455
0.158498
0.158061
0.156328
0.155403
0.154239
0.152986
0.507458
0.4936
0.476817
0.445047
0.442004
0.43011
0.402283
0.399633
0.389272
0.367141
0.355546
0.346662
0.335928
0.323451
0.315418
0.307575
0.299919
0.290696
0.280118
0.273318
0.260187
0.253776
0.245916
0.23824
0.229224
0.223362
0.216132
0.2078
0.202522
0.197516
0.192756
0.187054
0.180554
0.176373
0.172325
0.163999
0.162284
0.1557
0.151051
0.148791
0.145783
0.141995
0.137347
0.135013
0.131236
0.126899
0.124085
0.118742
0.115481
0.112198
0.109032
0.106644
0.104342
0.102202
0.0996892
0.0968591
0.0934921
0.0918537
0.0910174
0.0874234
0.0854512
0.0829135
0.0799917
0.0782001
0.0766181
0.0752234
0.0725175
0.0714217
0.0702035
0.0690413
0.0680485
0.0668168
0.065742
0.065021
0.0643957
0.0635008
0.0630355
0.0627167
0.0625378
0.0624243
0.0623791
0.0624467
0.0626254
0.0629834
0.0632763
0.0636824
0.0638039
0.0639258
0.0641212
0.0643097
0.064465
0.0644948
0.0644163
0.0643346
0.0643605
0.0644613
0.06445
0.0643585
0.0640922
0.0639281
0.0637815
0.0636957
0.0636147
0.063596
0.0635127
0.0631074
0.062837
0.0623474
0.0616522
0.0608811
0.0602296
0.0595926
0.0587355
0.0576689
0.0571265
0.0552871
0.0548682
0.0540408
0.0532654
0.0517941
0.0516804
0.0509574
0.0507258
0.0504953
0.0500999
0.0495492
0.049153
0.048685
0.048183
0.0475291
0.0466437
0.0454568
0.0446486
0.0437638
0.0434103
0.042973
0.0426176
0.0422265
0.0419958
0.0417731
0.0414891
0.04111
0.0406662
0.0403016
0.0395523
0.0391797
0.0387413
0.038175
0.0373235
0.0360414
0.0350749
0.0329271
0.0318599
0.0306759
0.0294234
0.0287222
0.0281816
0.0278318
0.0276817
0.0278904
0.0280948
0.0285532
0.0296438
0.0298743
0.0305562
0.0307028
0.0308145
0.0310259
0.0311842
0.0314297
0.0315441
0.0315278
0.0314486
0.031047
0.0309673
0.030695
0.0306853
0.0309847
0.0313814
0.0319183
0.032793
0.0339143
0.0345713
0.0353328
0.035822
0.0362639
0.0366688
0.037246
0.0372752
0.0372435
0.0371549
0.0369877
0.0368512
0.0367021
0.0365509
0.036276
0.0359785
0.0356768
0.0353661
0.0350899
0.0345039
0.0343986
0.0340126
0.0339016
0.0339466
0.0340283
0.034158
0.0344432
0.0347683
0.035266
0.0361004
0.0367975
0.037604
0.0384168
0.039389
0.0405155
0.0410281
0.0426037
0.0427542
0.043966
0.0445619
0.0453959
0.0464199
0.0469589
0.0477728
0.0488548
0.0501457
0.0509282
0.0518208
0.0528759
0.0536631
0.0545039
0.0556507
0.0579796
0.0585616
0.0610129
0.0621809
0.0634843
0.0649587
0.065941
0.0668894
0.0679373
0.0689926
0.0696428
0.070265
0.0709277
0.0727716
0.0738428
0.0751207
0.0760284
0.0769759
0.0781758
0.0796726
0.0806329
0.0818553
0.0834595
0.0845129
0.0855267
0.0865052
0.0877639
0.0892821
0.0902243
0.0919845
0.093106
0.0943276
0.0954201
0.0968696
0.0983923
0.100171
0.101367
0.102617
0.103888
0.105442
0.107102
0.108052
0.108902
0.110468
0.110789
0.111842
0.11228
0.11261
0.112743
0.112757
0.112672
0.11246
0.112165
0.112029
0.112033
0.112225
0.112571
0.112741
0.112882
0.113593
0.114052
0.114401
0.114785
0.115145
0.115407
0.115532
0.115494
0.115436
0.115082
0.114903
0.114814
0.114775
0.114816
0.114894
0.114968
0.115253
0.115748
0.116019
0.116262
0.116749
0.116959
0.117106
0.117272
0.117411
0.117471
0.117392
0.117208
0.117102
0.116845
0.116607
0.11626
0.115622
0.114753
0.114124
0.113398
0.112536
0.110313
0.109834
0.108297
0.107599
0.10699
0.106489
0.10587
0.105314
0.105048
0.104883
0.10476
0.10469
0.104707
0.104783
0.104844
0.104939
0.105006
0.105104
0.105301
0.105435
0.106088
0.106248
0.106609
0.106686
0.106775
0.106743
0.106709
0.106804
0.107078
0.1073
0.107819
0.108458
0.109229
0.109836
0.11054
0.111141
0.11144
0.111652
0.111707
0.111528
0.110812
0.110435
0.109769
0.108825
0.108125
0.107322
0.106428
0.10407
0.103231
0.10242
0.101537
0.100603
0.10003
0.0993335
0.0991751
0.0989049
0.098609
0.0983308
0.0979963
0.097301
0.0972393
0.096709
0.0964271
0.0961287
0.0958347
0.0955713
0.0953229
0.0950796
0.0948252
0.0945925
0.0939774
0.0934352
0.0926966
0.091747
0.0909413
0.0900846
0.0890853
0.0880997
0.0876905
0.0875544
0.0882406
0.0891021
0.0901373
0.0913577
0.0924342
0.0936449
0.0949634
0.0984622
0.100674
0.101143
0.104693
0.107385
0.110622
0.11277
0.114846
0.116883
0.119349
0.122312
0.123771
0.127996
0.128885
0.132365
0.13412
0.135869
0.137601
0.139788
0.142576
0.14447
0.146825
0.149509
0.151206
0.154238
0.155993
0.157809
0.15968
0.161194
0.163037
0.165296
0.166881
0.168424
0.169852
0.172746
0.172746
0.175766
0.177136
0.178872
0.180907
0.181905
0.183248
0.184532
0.187148
0.187715
0.189976
0.191308
0.192482
0.193541
0.194274
0.19507
0.195985
0.19641
0.197081
0.197869
0.198333
0.198723
0.199104
0.20024
0.200667
0.20113
0.20178
0.202258
0.202812
0.203649
0.204679
0.206032
0.206771
0.207965
0.209354
0.210045
0.211104
0.212217
0.212733
0.214006
0.214651
0.215151
0.215455
0.215619
0.215735
0.215765
0.215735
0.215656
0.21562
0.215886
0.216121
0.216546
0.217751
0.217862
0.218544
0.218694
0.218827
0.219008
0.219101
0.219124
0.219029
0.218705
0.218441
0.218185
0.218062
0.21801
0.44993
0.427192
0.412305
0.39763
0.379628
0.358614
0.344939
0.33157
0.318469
0.302513
0.2752
0.269415
0.247479
0.234589
0.222268
0.212769
0.201252
0.188033
0.179557
0.171342
0.16334
0.153617
0.142174
0.136554
0.11846
0.111415
0.104439
0.097551
0.0907573
0.077623
0.0696947
0.0605191
0.0545104
0.0485567
0.0412827
0.0328348
0.02876
0.0221634
0.0146955
0.00997731
0.00540894
0.00323285
0.00848818
0.0146756
0.018694
0.0226688
0.0265915
0.0313689
0.0368452
0.0403942
0.0438442
0.0471648
0.0543317
0.0580912
0.0617626
0.0660797
0.0682582
0.071948
0.0763988
0.0785963
0.0823013
0.0859656
0.0902139
0.0928475
0.0953749
0.0977767
0.102712
0.10376
0.107648
0.11017
0.111748
0.113649
0.115372
0.116869
0.117991
0.119112
0.12061
0.122493
0.123803
0.125202
0.126668
0.130299
0.131648
0.132979
0.134564
0.136446
0.137676
0.138838
0.140276
0.141965
0.14297
0.143879
0.144758
0.146763
0.148016
0.14936
0.150372
0.151332
0.152419
0.15357
0.154207
0.154791
0.155408
0.155846
0.155958
0.155824
0.155573
0.15544
0.15539
0.155391
0.155473
0.15584
0.156187
0.156899
0.158258
0.15879
0.159312
0.159847
0.160469
0.160772
0.161172
0.161619
0.161938
0.162208
0.162639
0.162794
0.162871
0.162905
0.162867
0.162747
0.162692
0.162616
0.162588
0.162738
0.16303
0.163193
0.16338
0.163975
0.164299
0.16469
0.165023
0.165214
0.165456
0.165904
0.166794
0.167501
0.168448
0.168968
0.169525
0.169985
0.170439
0.170529
0.17061
0.170701
0.170788
0.170994
0.171295
0.171461
0.171701
0.171796
0.171772
0.171888
0.172005
0.172127
0.172136
0.172043
0.171672
0.170978
0.17043
0.169874
0.168842
0.168776
0.168634
0.168975
0.16909
0.17054
0.171441
0.17259
0.174039
0.175096
0.176151
0.178342
0.179732
0.18076
0.181693
0.182576
0.183515
0.184424
0.184934
0.185379
0.185633
0.185913
0.185992
0.186165
0.18652
0.186877
0.187288
0.187786
0.188476
0.18921
0.189629
0.19029
0.19071
0.191186
0.191762
0.192181
0.192751
0.193352
0.193598
0.193953
0.194437
0.194743
0.194993
0.195194
0.195626
0.195938
0.196175
0.19625
0.196258
0.196163
0.196144
0.196174
0.196297
0.196815
0.196994
0.198103
0.198907
0.199707
0.200327
0.200967
0.20183
0.203062
0.203697
0.206206
0.206206
0.207209
0.208161
0.209204
0.210893
0.211215
0.212418
0.213019
0.213724
0.214525
0.214982
0.215564
0.216394
0.216952
0.217693
0.218527
0.219019
0.219382
0.219569
0.21955
0.219365
0.219062
0.218289
0.217787
0.217068
0.216171
0.215733
0.215138
0.214316
0.213219
0.212391
0.210696
0.20979
0.209109
0.208565
0.208253
0.208034
0.207847
0.207799
0.20776
0.207792
0.207862
0.20793
0.207883
0.207822
0.207634
0.207459
0.207248
0.207065
0.206935
0.2066
0.206129
0.20588
0.205448
0.204801
0.204343
0.203519
0.203157
0.202914
0.202809
0.202775
0.202871
0.202985
0.203036
0.203047
0.20302
0.203052
0.203113
0.20299
0.202849
0.202389
0.202364
0.202592
0.203079
0.203726
0.204555
0.205333
0.206159
0.207358
0.209001
0.209837
0.211279
0.213239
0.214668
0.216558
0.218087
0.221561
0.222304
0.225246
0.226647
0.228065
0.229821
0.231966
0.233505
0.235213
0.237531
0.240545
0.242606
0.247438
0.249703
0.250843
0.255264
0.257402
0.260003
0.262556
0.264517
0.266331
0.269694
0.271681
0.273438
0.274941
0.276036
0.277364
0.27888
0.279931
0.281022
0.28218
0.283655
0.285504
0.286733
0.287979
0.291243
0.292507
0.293145
0.295887
0.297353
0.299312
0.301674
0.303238
0.304736
0.306606
0.308775
0.309813
0.311396
0.313197
0.314399
0.31701
0.318904
0.320998
0.323213
0.325448
0.327603
0.33002
0.331672
0.333428
0.335703
0.338449
0.34037
0.34242
0.345142
0.34851
0.350175
0.352964
0.356277
0.358455
0.362612
0.365146
0.367568
0.369978
0.371815
0.373942
0.376206
0.377595
0.378966
0.380596
0.382428
0.383613
0.384822
0.386043
0.388925
0.389211
0.391554
0.392709
0.393777
0.394795
0.395945
0.397255
0.398149
0.399043
0.401485
0.401749
0.404233
0.405412
0.406622
0.408168
0.409943
0.41076
0.411926
0.413143
0.413833
0.414496
0.416323
0.417401
0.419007
0.420851
0.42317
0.424595
0.425847
0.427007
0.428323
0.429594
0.430282
0.430941
0.431552
0.432998
0.433164
0.434429
0.434927
0.435353
0.435872
0.436408
0.436641
0.436886
0.436877
0.436818
0.436754
0.436685
0.436745
0.436891
0.43711
0.437543
0.437692
