0.56452
0.558294
0.545923
0.538167
0.528863
0.522633
0.516415
0.508608
0.499303
0.493087
0.486912
0.480761
0.473177
0.464097
0.458023
0.45192
0.438268
0.429307
0.423436
0.417637
0.411845
0.40464
0.395943
0.390177
0.384415
0.377295
0.368816
0.363119
0.35597
0.347449
0.341806
0.330768
0.325418
0.318778
0.310907
0.305791
0.30076
0.294445
0.286718
0.281459
0.274682
0.266324
0.26068
0.255075
0.248122
0.239898
0.230638
0.224134
0.219043
0.214033
0.209072
0.204187
0.198174
0.187338
0.184883
0.176197
0.170012
0.162595
0.157738
0.15304
0.14841
0.14272
0.136046
0.131749
0.123634
0.119663
0.114634
0.108524
0.105402
0.101196
0.0959277
0.0895769
0.0854049
0.0774374
0.0735233
0.0685661
0.0626065
0.0585874
0.0535089
0.0494124
0.045262
0.0370554
0.0320164
0.0269222
0.0217972
0.0176739
0.013596
0.00954456
0.00450992
0.0015494
0.00564925
0.0137107
0.0185646
0.0242103
0.027774
0.0311453
0.0342722
0.0379129
0.0419336
0.043786
0.0461248
0.0489189
0.0539042
0.0567727
0.059676
0.0625442
0.065329
0.0681093
0.0713772
0.0735667
0.0758387
0.078725
0.0823135
0.0847388
0.0871691
0.0902457
0.0938929
0.0962574
0.098496
0.101149
0.104048
0.105841
0.10932
0.111427
0.113393
0.115115
0.116302
0.117754
0.119576
0.120889
0.122601
0.124819
0.126313
0.127841
0.129707
0.13189
0.133262
0.134469
0.136481
0.13733
0.13821
0.13898
0.13936
0.139628
0.139847
0.13999
0.139981
0.13984
0.13957
0.138699
0.138494
0.138116
0.137259
0.137078
0.136356
0.136002
0.135735
0.135532
0.135361
0.135092
0.134719
0.13438
0.133995
0.133521
0.132077
0.131703
0.130958
0.129456
0.128661
0.127756
0.126955
0.126021
0.124601
0.122605
0.121184
0.119708
0.116858
0.115169
0.113454
0.111816
0.110553
0.108922
0.106765
0.105226
0.103683
0.101803
0.0997746
0.0985532
0.0974983
0.0965709
0.0947564
0.0943621
0.0926744
0.0918176
0.0907025
0.0892485
0.0883099
0.0873446
0.086329
0.0850526
0.0838858
0.082726
0.0820532
0.0807384
0.079743
0.07851
0.0771697
0.0760025
0.0748042
0.0732832
0.0715567
0.0704104
0.0688501
0.0669454
0.0659806
0.0628904
0.062549
0.0598638
0.0585586
0.0569822
0.0553008
0.0543243
0.0535058
0.0527865
0.0520363
0.0513649
0.050593
0.0500032
0.049353
0.0477226
0.0473189
0.0456687
0.0448016
0.0437557
0.0426917
0.0422819
0.0418347
0.0417059
0.0416931
0.0416685
0.0416516
0.0417989
0.0418411
0.0418082
0.0416201
0.0413009
0.0407449
0.0404245
0.0397849
0.0387943
0.0379193
0.0369476
0.0356423
0.0339184
0.0326339
0.0292135
0.0275115
0.0266187
0.0229799
0.021148
0.0192806
0.0168379
0.0139529
0.0122188
0.0107375
0.00917193
0.00757819
0.00655901
0.00557273
0.00349264
0.00235402
0.00126093
0.000379541
0.000837995
0.00249754
0.00369195
0.00499078
0.00662719
0.00850559
0.00960679
0.0106171
0.0118783
0.0134027
0.0143441
0.0153304
0.0163746
0.0171261
0.0178866
0.0195869
0.0205751
0.0215294
0.0222289
0.0229284
0.0237917
0.0246578
0.0250106
0.0259669
0.026463
0.0265555
0.0271234
0.0272366
0.0273074
0.0273141
0.0272428
0.0269999
0.0264222
0.025969
0.0250285
0.0238703
0.0225989
0.0210071
0.0202254
0.0175509
0.0160695
0.0147871
0.0130315
0.0111524
0.00914714
0.00753957
0.00563233
0.0036693
0.00259957
0.00161615
0.00073858
0.000279411
0.00159994
0.00254402
0.00369719
0.0050809
0.00607004
0.00798611
0.00910494
0.0102779
0.0115696
0.0128276
0.013977
0.0151285
0.0161422
0.017456
0.0192114
0.0205019
0.0219641
0.0235306
0.0256174
0.027737
0.0302892
0.0320796
0.0339086
0.0379897
0.0405985
0.0421651
0.0435889
0.0453283
0.0474174
0.0488137
0.0503109
0.0523038
0.0548623
0.0561604
0.0583852
0.0610733
0.062873
0.0647578
0.0700767
0.0706278
0.0748061
0.0767277
0.0790571
0.0816317
0.083127
0.0844809
0.0859528
0.0875727
0.0883824
0.0895339
0.0927857
0.0942626
0.0961859
0.0984772
0.0998928
0.101159
0.102491
0.103733
0.10432
0.104859
0.105406
0.106062
0.10681
0.107357
0.107904
0.109151
0.10946
0.110646
0.111158
0.111849
0.112939
0.113768
0.114643
0.115542
0.116606
0.117756
0.118241
0.118749
0.119478
0.119515
0.11995
0.120617
0.121146
0.12193
0.1228
0.123834
0.124776
0.125805
0.127082
0.128384
0.129091
0.129619
0.130054
0.130394
0.130514
0.130698
0.130891
0.131084
0.131171
0.131362
0.131612
0.131992
0.132549
0.133347
0.133889
0.134447
0.13497
0.136129
0.136384
0.136815
0.13743
0.137469
0.137727
0.137903
0.138041
0.138217
0.138527
0.138994
0.139729
0.140611
0.141042
0.141344
0.141545
0.14167
0.14172
0.1419
0.14204
0.142194
0.142275
0.142367
0.142519
0.142678
0.142792
0.142712
0.142623
0.142542
0.142617
0.143042
0.143122
0.143295
0.143786
0.143857
0.144476
0.14485
0.145055
0.145025
0.144987
0.145032
0.145148
0.145346
0.14578
0.146151
0.146758
0.147775
0.148578
0.149422
0.15023
0.151919
0.152844
0.153378
0.153818
0.154198
0.154502
0.154734
0.154925
0.155232
0.155521
0.155728
0.155802
0.155814
0.15576
0.155763
0.155785
0.15572
0.155672
0.155686
0.155672
0.155694
0.155759
0.155763
0.155711
0.155656
0.155485
0.155018
0.15484
0.15478
0.154802
0.154817
0.154906
0.155029
0.155036
0.154983
0.154924
0.1548
0.154682
0.154657
0.154623
0.154414
0.154327
0.153701
0.153141
0.152421
0.151541
0.150772
0.149905
0.149498
0.148719
0.148508
0.148459
0.148544
0.148701
0.148732
0.148639
0.148214
0.148073
0.147741
0.147285
0.146641
0.146224
0.145827
0.145013
0.144895
0.144627
0.144476
0.144195
0.143994
0.143698
0.14331
0.142945
0.142725
0.142518
0.142243
0.141985
0.141894
0.141807
0.14172
0.141612
0.141472
0.141157
0.141036
0.141104
0.141377
0.141778
0.142213
0.142641
0.143058
0.143698
0.143713
0.143731
0.143683
0.143683
0.143712
0.143777
0.143846
0.144027
0.144241
0.144246
0.144206
0.144117
0.143975
0.143781
0.143285
0.143019
0.142623
0.142038
0.141626
0.141158
0.14071
0.140165
0.139405
0.138763
0.13807
0.136729
0.136116
0.135505
0.134838
0.134454
0.133984
0.133576
0.133285
0.13302
0.132693
0.132326
0.131995
0.529066
0.504451
0.489747
0.475552
0.46184
0.451177
0.438312
0.423518
0.413943
0.404499
0.395193
0.374902
0.366055
0.357249
0.346379
0.333495
0.325036
0.316777
0.298736
0.298736
0.287063
0.28128
0.264174
0.260436
0.245626
0.238354
0.229331
0.218817
0.212073
0.205601
0.165679
0.165679
0.159341
0.154349
0.149485
0.143678
0.137039
0.132724
0.128495
0.124364
0.115171
0.113114
0.104728
0.0994955
0.0944226
0.0894782
0.0856007
0.0818438
0.077228
0.0725859
0.0689185
0.0619374
0.0586093
0.0546941
0.0501947
0.0480329
0.0452859
0.0400168
0.0366646
0.0331673
0.029505
0.0258033
0.0229306
0.0195291
0.0164603
0.0131579
0.0111003
0.0090946
0.00719684
0.00495219
0.00224569
0.000413933
0.0033713
0.0052084
0.00555551
0.00801484
0.00942567
0.0108951
0.011754
0.0125786
0.0134973
0.014362
0.0148485
0.0152394
0.0155812
0.0164228
0.0169349
0.0175791
0.0182351
0.0186519
0.0190613
0.0195116
0.0201947
0.0209222
0.0216193
0.021994
0.0224059
0.0233871
0.0239744
0.0246785
0.0254545
0.0258757
0.0263873
0.0269896
0.0273085
0.0278055
0.0283473
0.0287349
0.029199
0.0305019
0.0306302
0.0314466
0.0320267
0.0326837
0.0329997
0.0335977
0.0342939
0.0347097
0.0350428
0.0352363
0.0352444
0.0351771
0.0345621
0.0342164
0.0340022
0.0337957
0.0336006
0.03344
0.0332707
0.0332035
0.0331687
0.0331075
0.0330778
0.0330721
0.0327782
0.0323491
0.0317408
0.0317408
0.0306858
0.0304324
0.0295377
0.0288589
0.0284366
0.028081
0.0277066
0.0272275
0.0268201
0.0266252
0.0265454
0.0267274
0.0270817
0.0273753
0.027634
0.0277742
0.0278326
0.0277761
0.0274413
0.0270076
0.0255812
0.024361
0.0230143
0.0218138
0.0205803
0.0190862
0.0174746
0.0165717
0.0157552
0.0147322
0.0134058
0.0125103
0.0117055
0.010198
0.00938742
0.00887746
0.00832472
0.00760646
0.0065633
0.00569102
0.00435463
0.00245543
0.00137854
0.000484464
0.00226275
0.00428574
0.00521416
0.00669367
0.00838785
0.00916822
0.0102969
0.0112358
0.0128846
0.0130349
0.0136392
0.0149061
0.0151965
0.0162423
0.016625
0.017079
0.0176278
0.0180206
0.0184146
0.0188489
0.0197746
0.020499
0.0215897
0.0223619
0.0233271
0.0245931
0.025538
0.0265357
0.0276488
0.028855
0.0301741
0.0335446
0.0338671
0.0363856
0.0378149
0.0395071
0.0403238
0.0416804
0.0432732
0.0443963
0.0455156
0.04665
0.0491429
0.0507324
0.0525434
0.0536462
0.0546887
0.0559939
0.0576743
0.0585375
0.0600635
0.0619769
0.0633486
0.0647763
0.0661867
0.0689736
0.0695377
0.0717694
0.0728424
0.0740406
0.074685
0.0757025
0.0768711
0.0777047
0.0796588
0.0806588
0.0818718
0.0833934
0.0844529
0.0855155
0.0866173
0.0879702
0.0895593
0.0906898
0.0929941
0.0943737
0.0957304
0.0971484
0.0982336
0.0992522
0.100459
0.101912
0.102942
0.104076
0.105599
0.107529
0.108799
0.110348
0.112258
0.113548
0.115975
0.117219
0.118268
0.119134
0.119717
0.120394
0.121009
0.121273
0.12151
0.121552
0.121406
0.121189
0.120896
0.120575
0.120223
0.120045
0.120098
0.12022
0.120395
0.120412
0.120559
0.121216
0.12136
0.122045
0.122385
0.122662
0.122732
0.122702
0.122632
0.122448
0.122218
0.122115
0.122058
0.122069
0.12229
0.122757
0.123269
0.123833
0.12436
0.125054
0.125733
0.126491
0.126989
0.127522
0.128055
0.128994
0.129304
0.129545
0.129859
0.130094
0.130256
0.130324
0.13016
0.129802
0.12952
0.12915
0.127855
0.12699
0.126123
0.125816
0.125456
0.125151
0.124935
0.124716
0.124556
0.124524
0.124586
0.124739
0.125026
0.125248
0.125511
0.126159
0.126226
0.126788
0.127151
0.127595
0.128001
0.128626
0.129327
0.129643
0.129943
0.130253
0.130356
0.130429
0.130574
0.131165
0.131321
0.131589
0.132188
0.133829
0.134
0.135261
0.13572
0.136102
0.136399
0.136562
0.136315
0.136174
0.135361
0.134885
0.134324
0.133709
0.132199
0.131095
0.129989
0.12901
0.12826
0.127604
0.126893
0.12613
0.125718
0.12541
0.125193
0.125102
0.12497
0.124716
0.12454
0.124224
0.124036
0.12384
0.123575
0.123384
0.123081
0.122744
0.122575
0.122374
0.122152
0.121547
0.121006
0.120267
0.119111
0.118278
0.117401
0.116589
0.115708
0.115058
0.114976
0.115241
0.11579
0.117853
0.118105
0.120358
0.122035
0.123521
0.125615
0.127919
0.130978
0.132646
0.135531
0.139015
0.141341
0.143601
0.147958
0.150076
0.152737
0.15585
0.157863
0.159792
0.161673
0.165942
0.167841
0.169729
0.171657
0.173676
0.176248
0.179291
0.183076
0.18524
0.185643
0.188709
0.190663
0.193096
0.194743
0.196363
0.198013
0.200187
0.202782
0.204384
0.205891
0.207353
0.211263
0.213285
0.21491
0.216514
0.218493
0.220848
0.221958
0.223714
0.225784
0.227179
0.228556
0.229855
0.232482
0.233972
0.234889
0.235792
0.236655
0.237689
0.238914
0.23967
0.240355
0.241033
0.242739
0.243847
0.244538
0.245296
0.246084
0.246933
0.248937
0.250422
0.251979
0.253621
0.255497
0.25672
0.257913
0.259005
0.260265
0.261659
0.262483
0.263288
0.264857
0.265483
0.265597
0.266408
0.266723
0.267101
0.267501
0.267852
0.268345
0.268934
0.269803
0.270871
0.271534
0.272581
0.272902
0.273231
0.273635
0.273874
0.274069
0.274083
0.274065
0.274004
0.273925
0.27389
0.274072
0.274131
0.274102
0.273906
0.273779
0.486639
0.471164
0.45228
0.430246
0.41952
0.402113
0.369389
0.357147
0.345307
0.331069
0.314691
0.304127
0.293888
0.281499
0.267202
0.257952
0.248907
0.231159
0.220382
0.209869
0.19954
0.191371
0.183309
0.17536
0.167579
0.148808
0.146994
0.13982
0.123992
0.12055
0.107109
0.100653
0.0943623
0.0868156
0.0796099
0.0713071
0.0673114
0.0620722
0.0492589
0.0442913
0.0381527
0.0309323
0.02628
0.0206553
0.0151791
0.0109407
0.00582282
0.000831561
0.00490355
0.00955442
0.0141086
0.0186817
0.0233079
0.0270144
0.0315946
0.0371154
0.0398339
0.0442752
0.048469
0.0532517
0.0562698
0.0591295
0.061883
0.0684246
0.0690447
0.0714882
0.0775969
0.079973
0.0828162
0.0861917
0.0885176
0.0915438
0.0946567
0.0978639
0.100537
0.103256
0.10664
0.110547
0.113104
0.115599
0.121135
0.124138
0.124725
0.129967
0.132242
0.134387
0.136949
0.139973
0.141997
0.144088
0.146237
0.148386
0.153429
0.155288
0.157472
0.159859
0.16135
0.162694
0.163864
0.165127
0.166304
0.166987
0.167634
0.168317
0.170203
0.170405
0.172285
0.173769
0.175309
0.176832
0.177972
0.179098
0.180146
0.181398
0.182643
0.184009
0.184883
0.186647
0.187654
0.188577
0.18941
0.19004
0.190607
0.191139
0.1916
0.192148
0.193255
0.193373
0.194582
0.195393
0.196146
0.196784
0.197491
0.198365
0.199367
0.199941
0.200465
0.201604
0.202494
0.203783
0.204541
0.205844
0.207209
0.207904
0.208436
0.208882
0.209253
0.209629
0.210387
0.210463
0.211213
0.211622
0.21215
0.212688
0.212907
0.213086
0.213323
0.21369
0.21412
0.214296
0.214409
0.214243
0.213907
0.213279
0.212514
0.211607
0.211042
0.210463
0.210107
0.210028
0.210488
0.210865
0.211241
0.211718
0.212405
0.212873
0.213359
0.213865
0.214946
0.21502
0.215277
0.215486
0.215397
0.215157
0.214615
0.214167
0.21366
0.212996
0.212316
0.21196
0.211717
0.211543
0.211455
0.211455
0.211298
0.211091
0.211038
0.210674
0.210543
0.210486
0.210378
0.21034
0.210219
0.209991
0.209613
0.209395
0.208889
0.208563
0.208155
0.207785
0.207538
0.207214
0.206849
0.206284
0.205522
0.20518
0.204678
0.204265
0.204069
0.203959
0.204323
0.204386
0.204896
0.205132
0.205463
0.205979
0.20644
0.206907
0.207526
0.208397
0.208863
0.209434
0.210527
0.210627
0.211226
0.211572
0.211814
0.212077
0.212295
0.212373
0.212617
0.212667
0.213095
0.213353
0.213635
0.213878
0.21388
0.213635
0.213329
0.212887
0.211697
0.210857
0.209896
0.208855
0.207817
0.20721
0.206187
0.205076
0.20413
0.202034
0.20071
0.199465
0.198232
0.197351
0.19641
0.1956
0.195171
0.194881
0.194678
0.194585
0.194674
0.19489
0.195019
0.195159
0.195545
0.195572
0.195778
0.196009
0.196203
0.196227
0.196244
0.196237
0.196187
0.196092
0.195911
0.195724
0.195681
0.195885
0.196075
0.196332
0.196801
0.197395
0.197684
0.198095
0.19844
0.198921
0.199176
0.199622
0.199632
0.199581
0.199178
0.198969
0.198694
0.198243
0.197976
0.197811
0.197737
0.197827
0.198224
0.19948
0.199845
0.20184
0.203423
0.205547
0.207065
0.208651
0.21064
0.212272
0.213888
0.21594
0.218461
0.220175
0.22391
0.226016
0.228238
0.231177
0.234773
0.237228
0.239776
0.243017
0.246828
0.251743
0.254742
0.257094
0.259364
0.261988
0.264985
0.266912
0.26913
0.271438
0.272843
0.274218
0.275544
0.277216
0.279295
0.280758
0.282234
0.286022
0.286398
0.289466
0.291432
0.293685
0.295221
0.296822
0.298465
0.300642
0.302405
0.306321
0.308431
0.310551
0.312203
0.313784
0.315601
0.317643
0.318994
0.320427
0.322009
0.323741
0.328095
0.331125
0.33309
0.335435
0.337824
0.34037
0.342468
0.345089
0.348383
0.350734
0.353194
0.356342
0.360077
0.362572
0.365035
0.368085
0.371604
0.373921
0.37619
0.381686
0.382217
0.386198
0.388406
0.390469
0.392085
0.393628
0.395466
0.397603
0.399045
0.400843
0.402218
0.404899
0.406607
0.408574
0.409779
0.410917
0.411946
0.413192
0.414687
0.415677
0.416712
0.417818
0.420763
0.422012
0.422644
0.425241
0.426488
0.427917
0.429335
0.430181
0.431085
0.432151
0.432983
0.433972
0.435139
0.436833
0.439097
0.440605
0.442282
0.444039
0.445101
0.446782
0.447437
0.448072
0.448641
0.449301
0.45005
0.450981
0.45149
0.452002
0.452552
0.452879
0.453236
0.453298
0.453213
0.453066
0.452963
0.452859
0.45283
0.452929
0.453206
0.45342
0.453672
0.453824
0.454068
0.454226
0.454307
0.45432
0.454285
0.454275
0.454376
0.454423
0.454556
0.454595
0.454574
0.454568
0.454605
0.454768
