0.553118
0.550537
0.545363
0.533711
0.527216
0.52593
0.515568
0.509126
0.501355
0.496208
0.491082
0.484776
0.480983
0.474618
0.463054
0.460507
0.450383
0.4442
0.442981
0.43324
0.427172
0.419824
0.416181
0.410107
0.40294
0.398161
0.393329
0.388464
0.3824
0.371591
0.36923
0.360053
0.355521
0.349916
0.343395
0.339132
0.333672
0.329129
0.324409
0.318167
0.310221
0.304716
0.299142
0.286482
0.283671
0.278121
0.265804
0.259095
0.252476
0.247234
0.242084
0.235739
0.228129
0.224281
0.217828
0.210138
0.205045
0.198775
0.191588
0.188088
0.182364
0.175673
0.167251
0.162319
0.157441
0.153516
0.149586
0.145596
0.140551
0.134504
0.13148
0.12269
0.12084
0.117191
0.109016
0.104494
0.0999381
0.0962763
0.092602
0.0879665
0.0825139
0.0789592
0.0753876
0.0709011
0.0654838
0.0628027
0.0583814
0.0531458
0.0461803
0.0426588
0.0392451
0.0351329
0.0311441
0.0266687
0.0239156
0.0208154
0.0174901
0.0154847
0.013673
0.0116211
0.00929686
0.00776534
0.00617494
0.00412632
0.0016512
6.07934e-05
0.00344448
0.00534958
0.00727733
0.00933548
0.0114735
0.0137081
0.0155264
0.0173557
0.0192191
0.021518
0.0241655
0.0257785
0.0272876
0.0301905
0.0316211
0.0330244
0.0341144
0.0353672
0.0365716
0.0370291
0.0377637
0.038713
0.0392616
0.0400307
0.0410987
0.0422593
0.0436895
0.0455555
0.0466657
0.0476284
0.0484073
0.0490715
0.0495893
0.0498518
0.0499586
0.0499297
0.0496451
0.0493702
0.0489678
0.0483336
0.0473306
0.0467127
0.0455898
0.0441968
0.0433023
0.0415147
0.0404286
0.0391614
0.0384043
0.0377234
0.0370663
0.0364474
0.0356662
0.0341614
0.0337832
0.0330034
0.0309589
0.0296121
0.0282227
0.0271425
0.0261311
0.0251499
0.0238625
0.0221924
0.0209458
0.0195223
0.0158213
0.0136275
0.0114289
0.00974983
0.00813749
0.00612344
0.00419617
0.00202025
0.00056669
0.00097031
0.00258431
0.00464891
0.0070661
0.00855065
0.0111612
0.0124748
0.0138516
0.0146865
0.0155304
0.0164204
0.0175338
0.018911
0.019909
0.0209103
0.0231756
0.0245064
0.0255449
0.0266807
0.0278324
0.0285314
0.0292309
0.0300069
0.0312061
0.0328771
0.034107
0.036707
0.0383272
0.0395636
0.0411326
0.0431812
0.0441935
0.0459267
0.0481281
0.0492066
0.0509689
0.0529982
0.0539781
0.0554943
0.0570669
0.0586551
0.0592855
0.0599408
0.0606799
0.0611703
0.0617484
0.0623628
0.0630244
0.0639389
0.065098
0.066753
0.0677386
0.0685618
0.069139
0.0693834
0.0694263
0.0694191
0.0694434
0.0694377
0.0693443
0.069246
0.0692735
0.0694334
0.0696692
0.0703725
0.0709321
0.0717815
0.0724848
0.07337
0.0743367
0.0756263
0.0770145
0.0788741
0.0802895
0.0817903
0.0838146
0.0859164
0.0884551
0.0919282
0.0937663
0.0959818
0.0979325
0.0997764
0.100815
0.101738
0.102879
0.104156
0.104766
0.105593
0.106601
0.107783
0.108626
0.110874
0.112295
0.113835
0.115339
0.116467
0.117689
0.119027
0.119945
0.121057
0.122188
0.122777
0.123351
0.123979
0.125204
0.125833
0.126636
0.127559
0.128105
0.128648
0.12918
0.129733
0.130186
0.130433
0.130627
0.130849
0.130978
0.130894
0.130716
0.130183
0.129776
0.129451
0.129047
0.12859
0.128083
0.127776
0.127523
0.127396
0.12743
0.127544
0.127651
0.127689
0.127645
0.127509
0.127184
0.126925
0.126712
0.126594
0.126831
0.12716
0.128202
0.128807
0.129204
0.129659
0.130247
0.130594
0.130887
0.131289
0.131836
0.132174
0.132413
0.132601
0.132899
0.133338
0.133715
0.133815
0.133783
0.133499
0.133088
0.132567
0.131763
0.130752
0.130036
0.128999
0.127673
0.126789
0.125905
0.124902
0.123979
0.12343
0.122727
0.121866
0.12119
0.120414
0.11836
0.117131
0.115834
0.114799
0.113451
0.111541
0.110086
0.108598
0.106863
0.105904
0.10438
0.102664
0.101691
0.100059
0.0997953
0.0988539
0.098349
0.0975624
0.0964541
0.0955546
0.094577
0.0933183
0.0919126
0.0911307
0.0905186
0.0900572
0.0897431
0.0896141
0.0895265
0.0893675
0.0892636
0.0890978
0.088972
0.0888169
0.0885464
0.0882163
0.0880606
0.0878871
0.087598
0.0866785
0.0859957
0.0852935
0.0845674
0.084168
0.0839061
0.083815
0.0838472
0.0839968
0.0841175
0.0839108
0.0835911
0.0831181
0.0826664
0.0821022
0.081411
0.0803983
0.0793351
0.0782492
0.0778012
0.07702
0.0769577
0.0768281
0.0768238
0.0768045
0.076819
0.0768452
0.076876
0.076871
0.076674
0.0764669
0.0760146
0.0753325
0.0748426
0.0742204
0.0735319
0.0726448
0.0722402
0.0718931
0.0716623
0.071551
0.0714582
0.0713247
0.071186
0.0709919
0.070713
0.0696587
0.0689635
0.0682765
0.0677121
0.0671772
0.0668126
0.0664467
0.0662204
0.0659606
0.0655767
0.0650928
0.0646072
0.064342
0.0640235
0.0636378
0.0633522
0.063304
0.0632885
0.0631727
0.0628189
0.0624925
0.0621904
0.0618378
0.0614838
0.0609991
0.0606103
0.0598083
0.0594597
0.0593494
0.0592969
0.0591765
0.0589836
0.0587488
0.0583488
0.0576905
0.0564856
0.0556805
0.0545495
0.0533904
0.0520875
0.0512462
0.050505
0.0498174
0.0490829
0.0483467
0.0479479
0.047658
0.0470767
0.0470095
0.046712
0.0461057
0.0459486
0.0458663
0.045848
0.0457812
0.0456697
0.0456453
0.0456251
0.0455702
0.0455221
0.0454484
0.0453247
0.0453001
0.0453047
0.0454124
0.0454904
0.0456925
0.0460726
0.0460571
0.0459841
0.0459186
0.0457731
0.0455879
0.045523
0.0455154
0.0455657
0.0456713
0.0457822
0.0458103
0.0459364
0.0460626
0.046335
0.0468893
0.0472353
0.04794
0.0490259
0.0498429
0.0506283
0.0512791
0.051918
0.0523846
0.0526585
0.052654
0.0526261
0.0527164
0.053045
0.0533861
0.0538503
0.0543803
0.0548244
0.055435
0.056083
0.0565045
0.0568811
0.0571939
0.0573715
0.057465
0.0576183
0.0578255
0.058102
0.0583581
0.0587038
0.0590049
0.0591593
0.0593265
0.0594674
0.0595646
0.059553
0.0595077
0.059501
0.0595673
0.0596307
0.0596276
0.0594781
0.0592032
0.0586191
0.0577947
0.0572492
0.0567045
0.056232
0.0558388
0.0555406
0.0552886
0.0550719
0.0548368
0.0544916
0.0542501
0.0539373
0.0535683
0.053353
0.0532834
0.0532119
0.0531637
0.0532326
0.0533427
0.0536529
0.0539206
0.0542661
0.0545634
0.0550011
0.0554772
0.0557218
0.0562274
0.0570523
0.0576212
0.0581137
0.0586351
0.0592287
0.0596185
0.0599523
0.0605276
0.0608337
0.385501
0.363871
0.353515
0.341084
0.326929
0.317961
0.309292
0.300929
0.290884
0.279319
0.273759
0.264836
0.254605
0.247926
0.239671
0.23001
0.22371
0.209602
0.201862
0.194174
0.188104
0.180745
0.172137
0.166538
0.161007
0.155497
0.150028
0.137914
0.135248
0.124768
0.117058
0.113328
0.107359
0.100693
0.0965073
0.0924547
0.0885628
0.0838386
0.0784281
0.0750671
0.0711054
0.0650926
0.0622185
0.0587255
0.0552281
0.0509311
0.0479928
0.0450535
0.0422062
0.0394435
0.0334704
0.0303469
0.0272377
0.0240982
0.021068
0.0187804
0.0165732
0.0145276
0.0121159
0.00940654
0.007765
0.00620591
0.00261644
0.000413933
0.00148177
0.00391992
0.00672862
0.00844666
0.00995866
0.0115973
0.0133236
0.0144112
0.0153902
0.0162826
0.0183368
0.0188073
0.0196722
0.0212007
0.0218108
0.0222508
0.0225819
0.0228268
0.0229952
0.0231315
0.0231556
0.0230696
0.0228782
0.0225091
0.0222882
0.0219816
0.0217923
0.021717
0.0214207
0.0212206
0.0210479
0.0209932
0.0210448
0.0210678
0.0209547
0.0208233
0.0207464
0.0207616
0.0208612
0.0209385
0.020993
0.0209379
0.0209206
0.0208338
0.0208462
0.0209527
0.0210516
0.0211108
0.0211766
0.0211686
0.0210265
0.0208227
0.0206021
0.0203485
0.0199916
0.0196644
0.0193117
0.0190463
0.0181693
0.0174335
0.0165693
0.0157811
0.014676
0.0133842
0.0128122
0.0120738
0.0111902
0.0102673
0.00968949
0.00915465
0.00856963
0.0078892
0.00747506
0.00657337
0.00588986
0.00572782
0.00416668
0.00381012
0.00232609
0.00141515
0.000585429
9.91137e-05
0.000934177
0.00182106
0.00243384
0.00319426
0.00395015
0.00429314
0.00458329
0.00468034
0.00467088
0.00455779
0.00443482
0.00447903
0.00459562
0.00512039
0.00560198
0.00646295
0.00788077
0.00901688
0.0102237
0.0118803
0.0139499
0.015911
0.0170852
0.0183443
0.0197325
0.0206901
0.0216925
0.0229022
0.024141
0.0248467
0.0254749
0.0260153
0.0272219
0.0274925
0.0280821
0.0298571
0.0311789
0.0327116
0.034084
0.0358323
0.0377761
0.0390094
0.0403917
0.0419676
0.042944
0.0439999
0.0449774
0.0455524
0.046095
0.0465847
0.047182
0.0478312
0.048277
0.0487059
0.0493413
0.049623
0.0499171
0.0501696
0.0504988
0.0509592
0.0512915
0.0518157
0.0526641
0.0531319
0.0538845
0.0545666
0.0552302
0.0561333
0.0569128
0.0578462
0.0589689
0.0605299
0.0624873
0.0638463
0.0665579
0.0682905
0.0703769
0.0717984
0.073215
0.0750852
0.0773866
0.0789693
0.0806629
0.0828358
0.0854205
0.08705
0.0889928
0.0912946
0.092902
0.0949645
0.0975679
0.099359
0.101231
0.103669
0.106567
0.110035
0.111667
0.113688
0.115995
0.117399
0.119013
0.120258
0.121467
0.123037
0.125115
0.126531
0.128262
0.131091
0.132916
0.134755
0.136249
0.137694
0.139491
0.141756
0.143249
0.144695
0.146099
0.149276
0.149967
0.150973
0.154096
0.154712
0.155979
0.159128
0.161005
0.162906
0.164373
0.165827
0.167691
0.169912
0.171327
0.172596
0.173725
0.175836
0.176228
0.17769
0.178403
0.178941
0.179296
0.179512
0.179661
0.179656
0.179564
0.179434
0.179313
0.179523
0.179872
0.180151
0.180355
0.180621
0.181152
0.18158
0.181975
0.182388
0.182817
0.183547
0.183605
0.183581
0.18353
0.183473
0.183586
0.183737
0.184096
0.184662
0.185053
0.185474
0.186045
0.18659
0.187144
0.187674
0.18852
0.188602
0.18866
0.188381
0.187904
0.187114
0.186276
0.185367
0.184166
0.182598
0.181725
0.180115
0.178259
0.175884
0.17467
0.170705
0.169741
0.165804
0.163941
0.161855
0.159633
0.15825
0.156523
0.154519
0.153326
0.15222
0.150993
0.149857
0.148841
0.147703
0.147021
0.146316
0.145626
0.14482
0.143889
0.142824
0.142381
0.141956
0.1414
0.140894
0.140335
0.139632
0.138652
0.137969
0.137241
0.136546
0.136137
0.135816
0.13558
0.135623
0.13567
0.135704
0.135607
0.135325
0.135055
0.13466
0.133941
0.132811
0.131925
0.129723
0.128345
0.128062
0.125552
0.123809
0.121708
0.120418
0.119166
0.118022
0.11673
0.115297
0.114442
0.11373
0.112431
0.111761
0.111069
0.110446
0.109845
0.109108
0.108333
0.107453
0.10687
0.106222
0.105567
0.104781
0.104078
0.10292
0.102636
0.101395
0.100677
0.0998527
0.0986253
0.0970444
0.0959371
0.0948838
0.0939161
0.093099
0.092349
0.0916197
0.0916507
0.0917206
0.0918309
0.0919421
0.0921154
0.0922627
0.0924903
0.0927728
0.0932086
0.0939443
0.094533
0.0956525
0.0962934
0.0968028
0.097219
0.0976372
0.0978533
0.0981525
0.0984151
0.0984892
0.0985208
0.098584
0.0986722
0.0987258
0.0988389
0.0991603
0.0994106
0.0996561
0.0999685
0.0999942
0.0997558
0.0995354
0.0993218
0.0991708
0.0991081
0.0990226
0.0989613
0.099046
0.0990807
0.0990096
0.0988461
0.0984415
0.0983748
0.0983263
0.0983197
0.098302
0.0982806
0.0982821
0.0982136
0.0980892
0.0979687
0.0978564
0.0977511
0.0974003
0.0971371
0.096688
0.0960263
0.0955756
0.0950924
0.094459
0.0937039
0.0931491
0.0925372
0.0918056
0.0910525
0.0906927
0.0893651
0.0892463
0.0884842
0.0881556
0.0879081
0.0878937
0.0879739
0.088147
0.0883407
0.0887478
0.088847
0.0889893
0.089095
0.0890723
0.0889292
0.0888383
0.0886771
0.0883917
0.0879175
0.0872731
0.0867582
0.0860644
0.0850683
0.0843634
0.0837428
0.0825884
0.0820233
0.0813464
0.0805383
0.0797536
0.078804
0.0777791
0.0765499
0.0752055
0.0743648
0.0735065
0.0716925
0.0713211
0.0706191
0.348663
0.333614
0.318881
0.304429
0.272916
0.266072
0.23919
0.226087
0.210085
0.19141
0.179312
0.167465
0.155947
0.144768
0.131353
0.116225
0.0974823
0.0864842
0.0801186
0.0718352
0.0618769
0.0523224
0.0431525
0.0325565
0.0274164
0.0189879
0.00909407
0.00269617
0.011237
0.0188078
0.0203069
0.0320132
0.0390113
0.0471268
0.0523168
0.0573948
0.0636685
0.0709847
0.0757076
0.0802466
0.0846353
0.0898456
0.095667
0.0993535
0.10373
0.108766
0.112077
0.119273
0.123166
0.123939
0.130586
0.134004
0.137286
0.139769
0.142122
0.144955
0.148097
0.150094
0.152007
0.153902
0.155819
0.160702
0.163104
0.165054
0.167418
0.170069
0.171638
0.17312
0.174469
0.175676
0.176999
0.178468
0.179408
0.181121
0.181834
0.182243
0.182317
0.182239
0.182035
0.181795
0.181625
0.18146
0.181327
0.181259
0.181147
0.180975
0.180766
0.18025
0.179917
0.179495
0.179163
0.178766
0.178264
0.177812
0.177298
0.176787
0.176284
0.175753
0.175293
0.175017
0.17428
0.173682
0.172819
0.17213
0.171407
0.1706
0.169394
0.167712
0.166419
0.165059
0.162052
0.161439
0.159138
0.157873
0.156871
0.156171
0.155688
0.155241
0.154624
0.153873
0.153295
0.152713
0.151991
0.151014
0.150346
0.149704
0.148885
0.147822
0.14627
0.145269
0.144223
0.143363
0.142239
0.140977
0.140142
0.139385
0.138788
0.138294
0.137691
0.13702
0.136697
0.136149
0.13584
0.135443
0.135123
0.134872
0.13472
0.134759
0.134984
0.135294
0.135572
0.135687
0.135607
0.13515
0.13482
0.134422
0.134048
0.133632
0.133448
0.133276
0.133131
0.13292
0.132483
0.132213
0.131623
0.131399
0.131158
0.130898
0.130533
0.129861
0.128832
0.128066
0.127269
0.125753
0.125194
0.124898
0.124993
0.125899
0.126996
0.128724
0.131115
0.132874
0.134802
0.136831
0.138928
0.14446
0.147178
0.149261
0.151302
0.153689
0.156332
0.157989
0.159495
0.160892
0.162508
0.165212
0.165827
0.167088
0.168765
0.170905
0.172422
0.175925
0.177732
0.179112
0.180743
0.182708
0.184044
0.18544
0.187122
0.189112
0.190364
0.191531
0.192885
0.194501
0.195294
0.19654
0.197914
0.198847
0.200998
0.202041
0.202969
0.203608
0.204336
0.205275
0.205776
0.206703
0.207894
0.208804
0.209871
0.211313
0.212764
0.214455
0.21558
0.21672
0.219532
0.220163
0.221431
0.224458
0.225145
0.226442
0.229022
0.230337
0.231268
0.232373
0.233665
0.234469
0.235241
0.235927
0.236732
0.237794
0.238334
0.23925
0.241039
0.241201
0.241769
0.242422
0.242508
0.242399
0.242119
0.241669
0.241257
0.240773
0.240135
0.239384
0.23886
0.238257
0.237603
0.236659
0.235433
0.233889
0.233118
0.232425
0.231631
0.23088
0.230542
0.230228
0.229798
0.229464
0.229068
0.228554
0.227676
0.226324
0.224123
0.222825
0.22113
0.219076
0.217983
0.216033
0.213619
0.211981
0.210329
0.206833
0.205086
0.20295
0.200576
0.199491
0.197746
0.195801
0.189371
0.188325
0.187278
0.185928
0.184354
0.183406
0.1825
0.181389
0.18022
0.179673
0.178861
0.178007
0.177954
0.17778
0.17764
0.177674
0.177747
0.178018
0.178285
0.178545
0.178909
0.17957
0.180114
0.180722
0.181498
0.18249
0.183118
0.184326
0.185011
0.185877
0.186463
0.18708
0.187797
0.188924
0.190538
0.19176
0.193014
0.194633
0.196777
0.198279
0.200121
0.202273
0.20366
0.206404
0.207998
0.209383
0.210939
0.211908
0.212744
0.213404
0.214074
0.214808
0.215253
0.215735
0.2164
0.217358
0.218037
0.21954
0.220492
0.22174
0.222818
0.223839
0.224938
0.225898
0.226923
0.22834
0.23007
0.231224
0.232322
0.234544
0.235624
0.236883
0.238189
0.239004
0.239835
0.241024
0.242807
0.244219
0.246174
0.24866
0.249909
0.2519
0.254288
0.256017
0.258301
0.261087
0.263025
0.265095
0.270192
0.273124
0.273707
0.276058
0.281941
0.284806
0.287625
0.289861
0.29203
0.29474
0.297868
0.299802
0.301586
0.303253
0.305267
0.307582
0.309049
0.312268
0.314078
0.315846
0.317537
0.318567
0.320323
0.322391
0.323669
0.32489
0.326281
0.327616
0.32895
0.330273
0.331954
0.333148
0.334355
0.336909
0.338548
0.340207
0.341787
0.343474
0.344424
0.345305
0.346256
0.347372
0.348008
0.349274
0.350826
0.353037
0.354245
0.356261
0.358087
0.360033
0.361231
0.363423
0.364446
0.364649
0.366335
0.367306
0.367517
0.369338
0.370172
0.370931
0.37153
0.372069
0.37259
0.373004
0.373314
0.373458
0.373611
0.373793
0.374137
0.374472
0.374979
0.375593
0.375913
0.376222
0.376544
0.377392
0.377685
0.377851
0.37799
0.37818
0.378448
0.378845
0.379096
