1 0.00872685 2.29571
1 0.0529639 2.19256
1 0.0543755 2.19086
1 0.0543293 2.19152
1 0.0541938 2.19232
1 0.0539642 2.19343
1 0.0536863 2.19478
1 0.0535011 2.19607
1 0.0532693 2.19738
1 0.0531138 2.19872
1 0.0528472 2.19999
1 0.0523006 2.20138
1 0.0518828 2.20272
1 0.0515588 2.20403
1 0.0513478 2.20522
1 0.0512573 2.20634
1 0.0510813 2.20743
1 0.0507132 2.20852
1 0.0504326 2.20954
1 0.0502423 2.21054
1 0.0499644 2.21157
1 0.049633 2.21258
1 0.0493213 2.21357
1 0.0491996 2.21459
1 0.0490611 2.21559
1 0.0488632 2.2166
1 0.0486121 2.21762
1 0.0484287 2.21859
1 0.0482964 2.21954
1 0.048171 2.22045
1 0.0480334 2.22135
1 0.047938 2.22224
1 0.0478607 2.22311
1 0.0477352 2.22397
1 0.047541 2.22487
1 0.0474466 2.22575
1 0.0473537 2.22659
1 0.0472476 2.22744
1 0.0471956 2.22827
1 0.0471279 2.2291
1 0.0470362 2.22992
1 0.0469175 2.23074
1 0.0468352 2.23154
1 0.0467567 2.23233
1 0.0466767 2.23312
1 0.0466196 2.23392
1 0.0465825 2.2347
1 0.0465608 2.23547
1 0.0465521 2.23624
1 0.0465471 2.23701
1 0.0465598 2.23776
1 0.0465979 2.2385
1 0.0466315 2.23923
1 0.0466394 2.23997
1 0.0466608 2.24067
1 0.0467402 2.24137
1 0.0468276 2.24205
1 0.0469108 2.24272
1 0.0470061 2.24338
1 0.0470955 2.24402
1 0.0472013 2.24464
1 0.0473121 2.24524
1 0.0474133 2.24582
1 0.0475108 2.24637
1 0.0476315 2.24689
1 0.0477485 2.2474
1 0.0478399 2.24788
1 0.04789 2.24835
1 0.0479141 2.2488
1 0.0479332 2.24924
1 0.0479527 2.24965
1 0.0479912 2.25005
1 0.0480269 2.25043
1 0.0480479 2.25079
1 0.0480479 2.25079
1 0.0480479 2.25079
1 0.0480479 2.25079
1 0.0480479 2.25079
1 0.0480479 2.25079
1 0.0480726 2.25114
1 0.0480709 2.25232
1 0.0480663 2.25347
1 0.0480413 2.25459
1 0.0479987 2.25567
1 0.0479773 2.25672
1 0.0479623 2.25775
1 0.0479095 2.25882
1 0.0478482 2.25986
1 0.0477984 2.26087
1 0.0477413 2.26186
1 0.0476894 2.26283
1 0.0476705 2.26377
1 0.0476606 2.26469
1 0.0476512 2.26559
1 0.0476377 2.26646
1 0.0476249 2.26731
1 0.0476004 2.26814
1 0.0475714 2.26895
1 0.0475672 2.26972
1 0.0475745 2.27047
1 0.0475785 2.2712
1 0.0475714 2.27191
1 0.0475754 2.27259
1 0.0475808 2.27325
1 0.0475962 2.27389
1 0.0476009 2.27449
1 0.0475896 2.27508
1 0.0475619 2.27565
1 0.0475419 2.27619
1 0.0475395 2.27672
1 0.0475433 2.27723
1 0.0475461 2.27773
1 0.0475504 2.27821
1 0.0475412 2.27868
1 0.0475307 2.27914
1 0.0475221 2.27959
1 0.0475037 2.28003
1 0.0474743 2.28046
1 0.0474325 2.28088
1 0.0473847 2.28129
1 0.0473473 2.28168
1 0.0473021 2.28206
1 0.0472432 2.28243
1 0.0471787 2.28278
1 0.0471066 2.28313
1 0.0470173 2.28347
1 0.0469124 2.28381
1 0.046894 2.284
1 0.0468791 2.28419
1 0.046869 2.28436
1 0.0468347 2.28454
1 0.0467736 2.28471
1 0.046703 2.28488
1 0.0466303 2.28504
1 0.046564 2.2852
1 0.0464895 2.28535
1 0.0464085 2.2855
1 0.0463314 2.28564
1 0.0462538 2.28578
1 0.0461627 2.28591
1 0.0460668 2.28603
1 0.0459624 2.28614
1 0.0458506 2.28624
1 0.0457437 2.28633
1 0.0456313 2.28641
1 0.045511 2.28647
1 0.0453811 2.28652
1 0.0452524 2.28655
1 0.0451289 2.28658
1 0.0450006 2.28659
1 0.0448611 2.28659
1 0.0446416 2.28654
1 0.0444364 2.28647
1 0.0442107 2.2864
1 0.0439643 2.28632
1 0.0437093 2.28624
1 0.0434496 2.28615
1 0.0431541 2.28602
1 0.0428443 2.28589
1 0.0425241 2.28575
1 0.0422079 2.28561
1 0.0418963 2.28546
1 0.0415825 2.28532
1 0.0412641 2.28516
1 0.040934 2.285
1 0.0405993 2.28484
1 0.0402598 2.28466
1 0.0399142 2.28448
1 0.0395815 2.28429
1 0.0392554 2.28409
1 0.0389401 2.28389
1 0.0386402 2.28367
1 0.0383476 2.28346
1 0.038057 2.28324
1 0.0377697 2.28302
1 0.0374861 2.2828
1 0.0371524 2.28253
1 0.0368066 2.28226
1 0.0364578 2.28199
1 0.0361122 2.28172
1 0.0357609 2.28144
1 0.0354007 2.28116
1 0.0350479 2.28087
1 0.0346886 2.28059
1 0.0343311 2.28031
1 0.0339635 2.28002
1 0.0336098 2.27974
1 0.0332602 2.27945
1 0.0329156 2.27917
1 0.0325816 2.27889
1 0.0322513 2.27861
1 0.0319311 2.27835
1 0.0316104 2.2781
1 0.0312867 2.27786
1 0.030969 2.27764
1 0.0306522 2.27744
1 0.0303261 2.27727
1 0.0299973 2.27711
1 0.0296692 2.27697
1 0.0293445 2.27685
1 0.0290033 2.27676
1 0.0286537 2.27671
1 0.0283112 2.27667
1 0.0279811 2.27664
1 0.0276679 2.27663
1 0.027373 2.27664
1 0.0270875 2.27667
1 0.0268073 2.27671
1 0.0265285 2.27678
1 0.0262529 2.27686
1 0.0259844 2.27696
1 0.0257229 2.27706
1 0.025405 2.27718
1 0.0250974 2.2773
1 0.0247934 2.27744
1 0.0244925 2.2776
1 0.0241947 2.27776
1 0.0239018 2.27794
1 0.0236026 2.27814
1 0.0233099 2.27834
1 0.0230153 2.27858
1 0.0227146 2.27883
1 0.0224112 2.27909
1 0.0221139 2.27936
1 0.021816 2.27965
1 0.0215354 2.27995
1 0.0212569 2.28025
1 0.0209887 2.28055
1 0.0207325 2.28086
1 0.0204898 2.28118
1 0.020275 2.28149
1 0.020078 2.2818
1 0.0198978 2.28211
1 0.0197478 2.28242
1 0.0196089 2.28273
1 0.0194745 2.28305
1 0.0193412 2.28338
1 0.019216 2.2837
1 0.0190951 2.28404
1 0.0189849 2.28437
1 0.0188836 2.2847
1 0.0187861 2.28504
1 0.0186932 2.28537
1 0.0186135 2.28571
1 0.0185382 2.28604
1 0.0184657 2.28638
1 0.0183978 2.28672
1 0.0183305 2.28707
1 0.0182664 2.28742
1 0.0182016 2.28778
1 0.0181432 2.28814
1 0.018089 2.28851
1 0.0180423 2.28888
1 0.0179975 2.28926
1 0.0179496 2.28964
1 0.0178997 2.29004
1 0.0178545 2.29044
1 0.0178096 2.29084
1 0.0177653 2.29125
1 0.0177287 2.29165
1 0.0176934 2.29205
1 0.0176934 2.29205
1 0.0176934 2.29205
1 0.0176934 2.29205
1 0.0176934 2.29205
1 0.0176934 2.29205
1 0.0176934 2.29205
1 0.0176934 2.29205
1 0.0176934 2.29205
1 0.0176934 2.29205
1 0.0176934 2.29205
1 0.0176934 2.29205
1 0.0176934 2.29205
1 0.0176934 2.29205
1 0.0176934 2.29205
1 0.0176934 2.29205
1 0.0176934 2.29205
1 0.0176934 2.29205
1 0.0176934 2.29205
1 0.0176934 2.29205
1 0.0176934 2.29205
1 0.0176934 2.29205
1 0.0176934 2.29205
1 0.0176934 2.29205
1 0.0176454 2.29247
1 0.0177391 2.29309
1 0.0178404 2.29369
1 0.0179457 2.29429
1 0.0180461 2.29489
1 0.0181391 2.29549
1 0.0182253 2.29611
1 0.0183114 2.29671
1 0.0183963 2.29732
1 0.0184796 2.29792
1 0.0185666 2.29851
1 0.0186566 2.2991
1 0.0187456 2.29968
1 0.0188399 2.30025
1 0.0189437 2.30081
1 0.0190393 2.30138
1 0.0191355 2.30194
1 0.0192353 2.3025
1 0.0193396 2.30305
1 0.0194418 2.3036
1 0.0195432 2.30416
1 0.0196442 2.30471
1 0.0197437 2.30526
1 0.0198468 2.3058
1 0.019944 2.30634
1 0.0200364 2.30689
1 0.0201265 2.30744
1 0.0202106 2.30799
1 0.0203007 2.30853
1 0.0203866 2.30908
1 0.0204723 2.30962
1 0.0205657 2.31014
1 0.0206584 2.31067
1 0.0207529 2.31119
1 0.0208528 2.31169
1 0.0209536 2.3122
1 0.0210515 2.31271
1 0.0211439 2.31322
1 0.0212348 2.31374
1 0.021323 2.31425
1 0.0214082 2.31477
1 0.0214889 2.3153
1 0.0215612 2.31584
1 0.0216196 2.31639
1 0.0216718 2.31696
1 0.0217169 2.31754
1 0.0217623 2.31811
1 0.0218086 2.31867
1 0.021855 2.31924
1 0.0218921 2.31982
1 0.0219258 2.3204
1 0.0219601 2.32098
1 0.021992 2.32156
1 0.0220182 2.32214
1 0.022044 2.32272
1 0.0220616 2.3233
1 0.0220738 2.3239
1 0.0220875 2.32448
1 0.0220995 2.32507
1 0.0221029 2.32566
1 0.0221034 2.32626
1 0.0220982 2.32686
1 0.0220813 2.32748
1 0.0220627 2.3281
1 0.0220353 2.32873
1 0.022006 2.32937
1 0.0219819 2.32998
1 0.0219543 2.3306
1 0.0219229 2.33122
1 0.0218891 2.33184
1 0.0218565 2.33246
1 0.0218208 2.33308
1 0.0217779 2.33371
1 0.0217283 2.33435
1 0.0216729 2.335
1 0.0216083 2.33567
1 0.0215398 2.33635
1 0.0214683 2.33702
1 0.0213982 2.33769
1 0.0213294 2.33835
1 0.0212622 2.33901
1 0.0211928 2.33966
1 0.0211143 2.34034
1 0.0210295 2.34103
1 0.0209355 2.34175
1 0.0208455 2.34245
1 0.0207582 2.34314
1 0.0206674 2.34384
1 0.0205721 2.34456
1 0.0204772 2.34527
1 0.0203802 2.34598
1 0.020284 2.34669
1 0.0201855 2.3474
1 0.0200841 2.34812
1 0.0199817 2.34884
1 0.0198782 2.34955
1 0.0197702 2.35028
1 0.0196588 2.35102
1 0.0195499 2.35174
1 0.0194448 2.35246
1 0.0193415 2.35316
1 0.0192454 2.35385
1 0.0191479 2.35453
1 0.0190528 2.35521
1 0.0189621 2.35587
1 0.0188704 2.35654
1 0.0187768 2.3572
1 0.0186783 2.35788
1 0.0185816 2.35855
1 0.0184885 2.35921
1 0.0183992 2.35985
1 0.0183129 2.36049
1 0.018229 2.36111
1 0.0181486 2.36172
1 0.0180715 2.36232
1 0.0179959 2.36292
1 0.0179246 2.36349
1 0.0178579 2.36406
1 0.0177922 2.36462
1 0.017725 2.36518
1 0.0176586 2.36573
1 0.0175866 2.36631
1 0.0175299 2.36683
1 0.0174736 2.36735
1 0.0174212 2.36786
1 0.0173697 2.36836
1 0.0173139 2.36888
1 0.0172541 2.36941
1 0.0171938 2.36993
1 0.017132 2.37046
1 0.0170698 2.37099
1 0.017014 2.3715
1 0.0169565 2.37201
1 0.0169005 2.37251
1 0.0168407 2.37302
1 0.0167747 2.37354
1 0.0167024 2.37409
1 0.0166264 2.37464
1 0.0165483 2.37521
1 0.0164668 2.37578
1 0.0163865 2.37635
1 0.0163066 2.37692
1 0.0162229 2.37749
1 0.0161365 2.37808
1 0.0160495 2.37867
1 0.0159646 2.37925
1 0.0158837 2.37982
1 0.0158038 2.38038
1 0.01572 2.38095
1 0.0156255 2.38156
1 0.0155285 2.38218
1 0.0154222 2.38284
1 0.0153102 2.38351
1 0.015195 2.3842
1 0.0150813 2.38488
1 0.0149711 2.38554
1 0.014859 2.38622
1 0.0147452 2.3869
1 0.0146329 2.38757
1 0.0145229 2.38823
1 0.0144154 2.38889
1 0.0143101 2.38953
1 0.0142001 2.39019
1 0.0140808 2.39089
1 0.0139545 2.39161
1 0.0138225 2.39236
1 0.013685 2.39313
1 0.0135463 2.3939
1 0.0134054 2.39468
1 0.0132667 2.39545
1 0.0131232 2.39625
1 0.0129829 2.39703
1 0.0128404 2.39782
1 0.0126955 2.39862
1 0.0126955 2.39862
1 0.0125501 2.39943
1 0.0124033 2.40024
1 0.0122597 2.40105
1 0.0121156 2.40186
1 0.0119686 2.40268
1 0.0118245 2.4035
1 0.01168 2.40431
1 0.011538 2.40512
1 0.0114001 2.40591
1 0.0112673 2.40668
1 0.0111352 2.40745
1 0.0110036 2.40822
1 0.010875 2.40898
1 0.0107463 2.40974
1 0.010615 2.41051
1 0.0104814 2.4113
1 0.0103526 2.41206
1 0.0102189 2.41285
1 0.010083 2.41364
1 0.0099453 2.41445
1 0.00980477 2.41526
1 0.00966021 2.4161
1 0.00951213 2.41695
1 0.00936128 2.41781
1 0.00920994 2.41867
1 0.00905833 2.41954
1 0.00891751 2.42036
1 0.00876496 2.42123
1 0.00861776 2.42208
1 0.00847564 2.4229
1 0.00833788 2.42371
1 0.00833788 2.42371
1 0.00833788 2.42371
2 0.588614 -1.33573
2 0.588024 -1.33194
2 0.587444 -1.32821
2 0.586874 -1.32456
2 0.586305 -1.32092
2 0.585737 -1.3173
2 0.585174 -1.31371
2 0.584622 -1.31019
2 0.584079 -1.30674
2 0.583542 -1.30332
2 0.583542 -1.30332
2 0.583542 -1.30332
2 0.583542 -1.30332
2 0.583542 -1.30332
2 0.583542 -1.30332
2 0.583542 -1.30332
2 0.583542 -1.30332
2 0.583542 -1.30332
2 0.583542 -1.30332
2 0.583542 -1.30332
2 0.583542 -1.30332
2 0.583542 -1.30332
2 0.583542 -1.30332
2 0.583542 -1.30332
2 0.583542 -1.30332
2 0.583542 -1.30332
2 0.583542 -1.30332
2 0.583542 -1.30332
2 0.583542 -1.30332
2 0.583542 -1.30332
2 0.583542 -1.30332
2 0.583542 -1.30332
2 0.583542 -1.30332
2 0.583542 -1.30332
2 0.583542 -1.30332
2 0.583542 -1.30332
2 0.583542 -1.30332
2 0.583542 -1.30332
2 0.583542 -1.30332
2 0.583542 -1.30332
2 0.583542 -1.30332
2 0.583542 -1.30332
2 0.583542 -1.30332
2 0.583542 -1.30332
2 0.583542 -1.30332
2 0.583542 -1.30332
2 0.583542 -1.30332
2 0.583542 -1.30332
2 0.583542 -1.30332
2 0.583542 -1.30332
2 0.583542 -1.30332
2 0.583542 -1.30332
2 0.583542 -1.30332
2 0.583542 -1.30332
2 0.583542 -1.30332
2 0.583542 -1.30332
2 0.583542 -1.30332
2 0.583542 -1.30332
2 0.583542 -1.30332
2 0.583542 -1.30332
2 0.583542 -1.30332
2 0.583542 -1.30332
2 0.583542 -1.30332
2 0.583542 -1.30332
2 0.583542 -1.30332
2 0.583542 -1.30332
2 0.583542 -1.30332
2 0.583542 -1.30332
2 0.583542 -1.30332
2 0.583542 -1.30332
2 0.583542 -1.30332
2 0.583542 -1.30332
2 0.583542 -1.30332
2 0.583007 -1.29992
2 0.582587 -1.29735
2 0.582172 -1.29482
2 0.581757 -1.29229
2 0.581628 -1.29108
2 0.581499 -1.28988
2 0.581375 -1.28871
2 0.581255 -1.28757
2 0.581133 -1.28642
2 0.581009 -1.28525
2 0.5809 -1.28418
2 0.580792 -1.28312
2 0.580682 -1.28205
2 0.580568 -1.28093
2 0.580446 -1.27976
2 0.580327 -1.2786
2 0.580208 -1.27745
2 0.580085 -1.27626
2 0.579963 -1.27507
2 0.57984 -1.27387
2 0.579713 -1.27264
2 0.57959 -1.27144
2 0.579473 -1.27029
2 0.579358 -1.26915
2 0.57925 -1.26806
2 0.579142 -1.26697
2 0.579028 -1.26583
2 0.578901 -1.26459
2 0.578772 -1.26332
2 0.578643 -1.26206
2 0.578513 -1.26079
2 0.57838 -1.2595
2 0.578244 -1.25818
2 0.578106 -1.25684
2 0.577962 -1.25546
2 0.577813 -1.25403
2 0.577666 -1.25262
2 0.577515 -1.25117
2 0.57736 -1.2497
2 0.577205 -1.24821
2 0.577046 -1.2467
2 0.576881 -1.24513
2 0.576707 -1.24349
2 0.576526 -1.2418
2 0.576345 -1.24009
2 0.576164 -1.23838
2 0.575975 -1.23661
2 0.575787 -1.23484
2 0.575595 -1.23303
2 0.575397 -1.23118
2 0.575186 -1.2292
2 0.574978 -1.22725
2 0.574769 -1.22529
2 0.574553 -1.22327
2 0.574331 -1.22119
2 0.574111 -1.21913
2 0.573892 -1.21708
2 0.573668 -1.21498
2 0.573444 -1.21288
2 0.573218 -1.21076
2 0.57299 -1.20862
2 0.572763 -1.20649
2 0.572535 -1.20435
2 0.572308 -1.20221
2 0.572081 -1.20007
2 0.571859 -1.19797
2 0.571635 -1.19584
2 0.571411 -1.19372
2 0.571189 -1.19161
2 0.570961 -1.18945
2 0.570732 -1.18729
2 0.570506 -1.18514
2 0.570283 -1.18302
2 0.570061 -1.1809
2 0.569837 -1.17877
2 0.569611 -1.17661
2 0.569387 -1.17448
2 0.569165 -1.17236
2 0.568935 -1.17017
2 0.568701 -1.16793
2 0.568466 -1.16569
2 0.568238 -1.1635
2 0.568009 -1.16132
2 0.567777 -1.15909
2 0.567549 -1.1569
2 0.567322 -1.15472
2 0.567091 -1.1525
2 0.566857 -1.15026
2 0.566623 -1.148
2 0.566389 -1.14576
2 0.56616 -1.14354
2 0.565933 -1.14135
2 0.565708 -1.13918
2 0.565482 -1.13699
2 0.565254 -1.13479
2 0.56503 -1.13262
2 0.564809 -1.13048
2 0.564588 -1.12834
2 0.564365 -1.12618
2 0.564144 -1.12404
2 0.563929 -1.12194
2 0.563716 -1.11988
2 0.563502 -1.11779
2 0.563286 -1.11569
2 0.563071 -1.1136
2 0.562857 -1.11152
2 0.562642 -1.10943
2 0.562427 -1.10733
2 0.562215 -1.10526
2 0.562005 -1.10321
2 0.561794 -1.10114
2 0.561585 -1.09909
2 0.561378 -1.09705
2 0.561167 -1.09498
2 0.560955 -1.09289
2 0.560742 -1.09079
2 0.56053 -1.08869
2 0.560323 -1.08665
2 0.560116 -1.0846
2 0.559908 -1.08254
2 0.5597 -1.08048
2 0.559491 -1.07841
2 0.559281 -1.07632
2 0.559077 -1.0743
2 0.558875 -1.07228
2 0.558671 -1.07025
2 0.558461 -1.06816
2 0.558256 -1.06611
2 0.558051 -1.06407
2 0.557846 -1.06202
2 0.557593 -1.05955
2 0.557342 -1.0571
2 0.557092 -1.05467
2 0.556844 -1.05224
2 0.556599 -1.04984
2 0.556357 -1.04747
2 0.556117 -1.04511
2 0.555876 -1.04274
2 0.555635 -1.04037
2 0.555399 -1.03804
2 0.555165 -1.03573
2 0.554931 -1.03341
2 0.554695 -1.03107
2 0.554461 -1.02874
2 0.554232 -1.02646
3 1.73828 -15.2923
3 1.73828 -15.2923
3 1.73828 -15.2923
3 1.73828 -15.2923
3 1.73828 -15.2923
3 1.73828 -15.2923
3 1.73828 -15.2923
3 1.73828 -15.2923
3 1.73828 -15.2923
3 1.73828 -15.2923
3 1.73828 -15.2923
3 1.73828 -15.2923
3 1.73828 -15.2923
3 1.73828 -15.2923
3 1.73828 -15.2923
3 1.73828 -15.2923
3 1.73828 -15.2923
3 1.73828 -15.2923
3 1.73828 -15.2923
3 1.73828 -15.2923
3 1.73828 -15.2923
3 1.73828 -15.2923
3 1.73828 -15.2923
3 1.73828 -15.2923
3 1.73828 -15.2923
3 1.73828 -15.2923
3 1.73828 -15.2923
3 1.73828 -15.2923
3 1.73828 -15.2923
3 1.73828 -15.2923
3 1.73828 -15.2923
3 1.73828 -15.2923
3 1.73828 -15.2923
3 1.73828 -15.2923
3 1.73828 -15.2923
3 1.73828 -15.2923
3 1.73828 -15.2923
3 1.73828 -15.2923
3 1.73828 -15.2923
3 1.73828 -15.2923
3 1.73828 -15.2923
3 1.73828 -15.2923
3 1.73828 -15.2923
3 1.73828 -15.2923
3 1.73828 -15.2923
3 1.73828 -15.2923
3 1.73828 -15.2923
3 1.73828 -15.2923
3 1.73828 -15.2923
3 1.73828 -15.2923
3 1.73828 -15.2923
3 1.73828 -15.2923
3 1.73828 -15.2923
3 1.73828 -15.2923
3 1.73828 -15.2923
3 1.73828 -15.2923
3 1.73828 -15.2923
3 1.73828 -15.2923
3 1.73828 -15.2923
3 1.73828 -15.2923
3 1.73828 -15.2923
3 1.73828 -15.2923
3 1.73828 -15.2923
3 1.73828 -15.2923
3 1.73828 -15.2923
3 1.73828 -15.2923
3 1.73828 -15.2923
3 1.73828 -15.2923
3 1.73828 -15.2923
3 1.73828 -15.2923
3 1.73828 -15.2923
3 1.73828 -15.2923
3 1.73828 -15.2923
3 1.73828 -15.2923
3 1.73828 -15.2923
3 1.73828 -15.2923
3 1.73828 -15.2923
3 1.73828 -15.2923
3 1.73828 -15.2923
3 1.73828 -15.2923
3 1.73828 -15.2923
3 1.73828 -15.2923
3 1.73828 -15.2923
3 1.73828 -15.2923
3 1.73828 -15.2923
3 1.73828 -15.2923
3 1.73828 -15.2923
3 1.73828 -15.2923
3 1.73828 -15.2923
3 1.73828 -15.2923
3 1.73828 -15.2923
3 1.73828 -15.2923
3 1.73828 -15.2923
3 1.73828 -15.2923
3 1.73828 -15.2923
3 1.73828 -15.2923
3 1.73828 -15.2923
3 1.73828 -15.2923
3 1.73828 -15.2923
3 1.73828 -15.2923
3 1.73828 -15.2923
3 1.73828 -15.2923
3 1.73828 -15.2923
3 1.73828 -15.2923
3 1.73828 -15.2923
3 1.73828 -15.2923
3 1.73828 -15.2923
3 1.73828 -15.2923
3 1.73828 -15.2923
3 1.73828 -15.2923
3 1.73828 -15.2923
3 1.73828 -15.2923
3 1.73828 -15.2923
3 1.73828 -15.2923
3 1.73828 -15.2923
3 1.73828 -15.2923
3 1.73828 -15.2923
3 1.73828 -15.2923
3 1.73828 -15.2923
3 1.73828 -15.2923
3 1.73828 -15.2923
3 1.73828 -15.2923
3 1.73828 -15.2923
3 1.73828 -15.2923
3 1.73828 -15.2923
3 1.73828 -15.2923
3 1.73828 -15.2923
3 1.73828 -15.2923
3 1.73828 -15.2923
3 1.73828 -15.2923
3 1.73828 -15.2923
3 1.73828 -15.2923
3 1.73828 -15.2923
3 1.73828 -15.2923
3 1.73828 -15.2923
3 1.73828 -15.2923
3 1.73828 -15.2923
3 1.73828 -15.2923
3 1.73828 -15.2923
3 1.73828 -15.2923
3 1.73828 -15.2923
3 1.73828 -15.2923
3 1.73828 -15.2923
3 1.73828 -15.2923
3 1.73828 -15.2923
3 1.73828 -15.2923
3 1.73828 -15.2923
3 1.73828 -15.2923
3 1.73828 -15.2923
3 1.73828 -15.2923
3 1.73828 -15.2923
3 1.73828 -15.2923
3 1.73828 -15.2923
3 1.73828 -15.2923
3 1.73828 -15.2923
3 1.73828 -15.2923
3 1.73828 -15.2923
3 1.73828 -15.2923
3 1.73828 -15.2923
3 1.73828 -15.2923
3 1.73828 -15.2923
3 1.73828 -15.2923
3 1.73828 -15.2923
3 1.73828 -15.2923
3 1.73828 -15.2923
3 1.73828 -15.2923
3 1.73828 -15.2923
3 1.73828 -15.2923
3 1.73828 -15.2923
3 1.73828 -15.2923
3 1.73828 -15.2923
3 1.73828 -15.2923
3 1.73828 -15.2923
3 1.73828 -15.2923
3 1.73828 -15.2923
3 1.73828 -15.2923
3 1.73828 -15.2923
3 1.73828 -15.2923
3 1.73828 -15.2923
3 1.73828 -15.2923
3 1.73828 -15.2923
3 1.73828 -15.2923
3 1.73828 -15.2923
3 1.73828 -15.2923
3 1.73828 -15.2923
3 1.73828 -15.2923
3 1.73828 -15.2923
3 1.73828 -15.2923
3 1.73828 -15.2923
3 1.73828 -15.2923
3 1.73828 -15.2923
3 1.73828 -15.2923
3 1.73828 -15.2923
3 1.73828 -15.2923
3 1.73828 -15.2923
3 1.73828 -15.2923
3 1.73828 -15.2923
3 1.73828 -15.2923
3 1.73828 -15.2923
3 1.73828 -15.2923
3 1.73828 -15.2923
3 1.73828 -15.2923
3 1.73828 -15.2923
3 1.73828 -15.2923
3 1.73828 -15.2923
3 1.73828 -15.2923
3 1.73828 -15.2923
3 1.73828 -15.2923
3 1.73828 -15.2923
3 1.73828 -15.2923
3 1.73828 -15.2923
3 1.73828 -15.2923
3 1.73828 -15.2923
3 1.73828 -15.2923
3 1.73828 -15.2923
3 1.73828 -15.2923
3 1.73828 -15.2923
3 1.73828 -15.2923
3 1.73828 -15.2923
3 1.73828 -15.2923
3 1.73828 -15.2923
3 1.73828 -15.2923
3 1.73828 -15.2923
3 1.73828 -15.2923
3 1.73828 -15.2923
3 1.73828 -15.2923
3 1.73828 -15.2923
3 1.73828 -15.2923
3 1.73828 -15.2923
3 1.73828 -15.2923
3 1.73828 -15.2923
3 1.73828 -15.2923
3 1.73828 -15.2923
3 1.73828 -15.2923
3 1.73828 -15.2923
3 1.73828 -15.2923
3 1.73828 -15.2923
3 1.73828 -15.2923
3 1.73828 -15.2923
3 1.73828 -15.2923
3 1.73828 -15.2923
3 1.73828 -15.2923
3 1.73828 -15.2923
3 1.73828 -15.2923
3 1.73828 -15.2923
3 1.73828 -15.2923
3 1.73828 -15.2923
3 1.73828 -15.2923
3 1.73828 -15.2923
3 1.73828 -15.2923
3 1.73828 -15.2923
3 1.73828 -15.2923
3 1.73828 -15.2923
3 1.73828 -15.2923
3 1.73828 -15.2923
3 1.73828 -15.2923
3 1.73828 -15.2923
3 1.73828 -15.2923
3 1.73828 -15.2923
3 1.73828 -15.2923
3 1.73828 -15.2923
3 1.73828 -15.2923
3 1.73828 -15.2923
3 1.73828 -15.2923
3 1.73828 -15.2923
3 1.73828 -15.2923
3 1.73828 -15.2923
3 1.73828 -15.2923
3 1.73828 -15.2923
3 1.73828 -15.2923
3 1.73828 -15.2923
3 1.73828 -15.2923
3 1.73828 -15.2923
3 1.73828 -15.2923
3 1.73828 -15.2923
3 1.73828 -15.2923
3 1.73828 -15.2923
3 1.73828 -15.2923
3 1.73828 -15.2923
3 1.73828 -15.2923
3 1.73828 -15.2923
3 1.73828 -15.2923
3 1.73828 -15.2923
3 1.73828 -15.2923
3 1.73828 -15.2923
3 1.73828 -15.2923
3 1.73828 -15.2923
3 1.73828 -15.2923
3 1.73828 -15.2923
3 1.73828 -15.2923
3 1.73828 -15.2923
3 1.73828 -15.2923
3 1.73828 -15.2923
3 1.73828 -15.2923
3 1.73828 -15.2923
3 1.73828 -15.2923
3 1.73828 -15.2923
3 1.73828 -15.2923
3 1.73828 -15.2923
3 1.73828 -15.2923
3 1.73828 -15.2923
3 1.73828 -15.2923
3 1.73828 -15.2923
3 1.73828 -15.2923
3 1.73828 -15.2923
3 1.73828 -15.2923
3 1.73828 -15.2923
3 1.73828 -15.2923
3 1.73828 -15.2923
3 1.73828 -15.2923
3 1.73828 -15.2923
3 1.73828 -15.2923
3 1.73828 -15.2923
3 1.73828 -15.2923
3 1.73828 -15.2923
3 1.73828 -15.2923
3 1.73828 -15.2923
3 1.73828 -15.2923
3 1.73828 -15.2923
3 1.73828 -15.2923
3 1.73828 -15.2923
3 1.73828 -15.2923
3 1.73828 -15.2923
3 1.73828 -15.2923
3 1.73828 -15.2923
3 1.73828 -15.2923
3 1.73828 -15.2923
3 1.73828 -15.2923
3 1.73828 -15.2923
3 1.73828 -15.2923
3 1.73828 -15.2923
3 1.73828 -15.2923
3 1.73828 -15.2923
3 1.73828 -15.2923
3 1.73828 -15.2923
3 1.7378 -15.2867
3 1.73733 -15.2811
3 1.73686 -15.2755
3 1.73639 -15.27
3 1.73593 -15.2644
3 1.73546 -15.2589
3 1.73499 -15.2533
3 1.73454 -15.248
3 1.73409 -15.2427
3 1.73409 -15.2427
3 1.73409 -15.2427
3 1.73409 -15.2427
3 1.73409 -15.2427
3 1.73409 -15.2427
3 1.73409 -15.2427
3 1.73409 -15.2427
3 1.73409 -15.2427
3 1.73409 -15.2427
3 1.73409 -15.2427
3 1.73409 -15.2427
3 1.73409 -15.2427
3 1.73409 -15.2427
3 1.73409 -15.2427
3 1.73409 -15.2427
3 1.73409 -15.2427
3 1.73409 -15.2427
3 1.73409 -15.2427
3 1.73409 -15.2427
3 1.73409 -15.2427
3 1.73409 -15.2427
3 1.73409 -15.2427
3 1.73409 -15.2427
3 1.73409 -15.2427
3 1.73409 -15.2427
3 1.73409 -15.2427
3 1.73409 -15.2427
3 1.73409 -15.2427
3 1.73409 -15.2427
3 1.73409 -15.2427
3 1.73409 -15.2427
3 1.73409 -15.2427
