1 0.00872685 2.29571
1 -0.0279598 2.1554
1 -0.0285723 2.15086
1 -0.0283506 2.14903
1 -0.0279129 2.14798
1 -0.0274065 2.14728
1 -0.0271154 2.14681
1 -0.0266104 2.14642
1 -0.0262808 2.14615
1 -0.0261235 2.14597
1 -0.0259431 2.14584
1 -0.0260106 2.14579
1 -0.0261015 2.14577
1 -0.0263583 2.14585
1 -0.0265626 2.14598
1 -0.026868 2.14617
1 -0.0272414 2.14642
1 -0.0276558 2.14671
1 -0.0280278 2.14703
1 -0.028268 2.14738
1 -0.0283113 2.14776
1 -0.0282696 2.14813
1 -0.0280802 2.14859
1 -0.0278895 2.1491
1 -0.027732 2.14967
1 -0.0275716 2.15024
1 -0.0273695 2.15081
1 -0.0271479 2.15136
1 -0.0269101 2.1519
1 -0.0266294 2.15243
1 -0.0263546 2.15297
1 -0.0260945 2.15351
1 -0.0258256 2.15407
1 -0.0256301 2.15465
1 -0.0254254 2.15524
1 -0.0252004 2.15582
1 -0.0250234 2.15642
1 -0.0249226 2.15705
1 -0.0248539 2.1577
1 -0.0247691 2.15834
1 -0.0246965 2.15897
1 -0.0246158 2.1596
1 -0.0244886 2.16022
1 -0.0243562 2.16084
1 -0.0242379 2.16146
1 -0.024149 2.16211
1 -0.0240396 2.16276
1 -0.0239247 2.16342
1 -0.0238206 2.16414
1 -0.0237167 2.16487
1 -0.0236312 2.16562
1 -0.0235571 2.16641
1 -0.0235141 2.16724
1 -0.0234734 2.16808
1 -0.0234591 2.16895
1 -0.0234407 2.16985
1 -0.0234183 2.17075
1 -0.0234069 2.17166
1 -0.0233914 2.17257
1 -0.0233552 2.17349
1 -0.0233223 2.17441
1 -0.0232879 2.17533
1 -0.0232552 2.17627
1 -0.0232499 2.17725
1 -0.0232503 2.17823
1 -0.0232641 2.17923
1 -0.0233096 2.18028
1 -0.0233498 2.18133
1 -0.0233965 2.18243
1 -0.0234558 2.18356
1 -0.0235359 2.18471
1 -0.0236449 2.18591
1 -0.0237574 2.18712
1 -0.0238858 2.18834
1 -0.0240281 2.18957
1 -0.0241585 2.1908
1 -0.0243096 2.19204
1 -0.0244889 2.19331
1 -0.0246834 2.19461
1 -0.024898 2.19592
1 -0.0251209 2.19724
1 -0.0253595 2.19858
1 -0.0255859 2.19992
1 -0.0257987 2.20124
1 -0.0260614 2.20272
1 -0.0263331 2.2042
1 -0.0266075 2.20565
1 -0.0269098 2.20713
1 -0.0272166 2.20861
1 -0.0275402 2.21008
1 -0.0278716 2.21155
1 -0.0281961 2.21301
1 -0.0285132 2.21444
1 -0.0287831 2.21604
1 -0.0290345 2.21762
1 -0.0292667 2.21917
1 -0.0294725 2.22067
1 -0.0296711 2.22217
1 -0.0298557 2.22365
1 -0.0300104 2.22509
1 -0.0301617 2.22651
1 -0.0302995 2.22791
1 -0.0304184 2.22928
1 -0.0305193 2.23063
1 -0.0306121 2.23197
1 -0.0307092 2.23331
1 -0.0308341 2.23468
1 -0.030966 2.23605
1 -0.0311116 2.23743
1 -0.0312622 2.2388
1 -0.0314081 2.24016
1 -0.0315449 2.2415
1 -0.0316807 2.24283
1 -0.0318087 2.24414
1 -0.031904 2.24543
1 -0.0320062 2.24672
1 -0.0320943 2.24799
1 -0.0321729 2.24925
1 -0.0322395 2.25049
1 -0.0323033 2.25172
1 -0.0323636 2.25294
1 -0.0324253 2.25417
1 -0.0324859 2.25538
1 -0.0325422 2.25658
1 -0.0326092 2.2578
1 -0.0326841 2.25901
1 -0.0327708 2.26024
1 -0.0328817 2.2615
1 -0.0329895 2.26274
1 -0.0331055 2.26399
1 -0.0332117 2.26522
1 -0.0333087 2.26644
1 -0.0334034 2.26765
1 -0.0334833 2.26884
1 -0.033549 2.27001
1 -0.0336091 2.27116
1 -0.0336681 2.2723
1 -0.033733 2.27346
1 -0.0338024 2.27462
1 -0.0338783 2.27579
1 -0.0339579 2.27696
1 -0.0340479 2.27815
1 -0.0341393 2.27933
1 -0.0342347 2.28052
1 -0.0343276 2.28171
1 -0.0344139 2.28288
1 -0.0344857 2.28403
1 -0.0345422 2.28515
1 -0.0345811 2.28624
1 -0.0346099 2.28731
1 -0.0346248 2.28836
1 -0.034626 2.28937
1 -0.034622 2.29037
1 -0.0346133 2.29135
1 -0.0345945 2.29232
1 -0.0345785 2.29327
1 -0.0345591 2.29422
1 -0.0345274 2.29514
1 -0.0344906 2.29604
1 -0.0344437 2.29692
1 -0.0344033 2.2978
1 -0.0343736 2.2987
1 -0.034352 2.29961
1 -0.0343348 2.30051
1 -0.0343253 2.30143
1 -0.0343206 2.30234
1 -0.0343109 2.30324
1 -0.034296 2.30413
1 -0.0342769 2.305
1 -0.034254 2.30586
1 -0.0342179 2.30668
1 -0.034184 2.30751
1 -0.0341583 2.30834
1 -0.0341467 2.30921
1 -0.0341445 2.31008
1 -0.0341478 2.31097
1 -0.034151 2.31184
1 -0.0341488 2.3127
1 -0.0341386 2.31354
1 -0.0341221 2.31435
1 -0.0341023 2.31516
1 -0.0340865 2.31597
1 -0.0340679 2.31677
1 -0.0340524 2.31758
1 -0.0340522 2.31843
1 -0.0340409 2.31925
1 -0.0340239 2.32005
1 -0.0340041 2.32085
1 -0.033991 2.32166
1 -0.0339788 2.32247
1 -0.0339641 2.32327
1 -0.0339451 2.32406
1 -0.0339284 2.32485
1 -0.0339158 2.32565
1 -0.0339029 2.32644
1 -0.0338939 2.32724
1 -0.0338941 2.32806
1 -0.0338911 2.32886
1 -0.0338814 2.32964
1 -0.0338643 2.3304
1 -0.0338352 2.33112
1 -0.0338017 2.33183
1 -0.0337696 2.33253
1 -0.0337326 2.33321
1 -0.0336887 2.33387
1 -0.0336414 2.33452
1 -0.0335963 2.33516
1 -0.0335627 2.33584
1 -0.0335278 2.3365
1 -0.0334814 2.33713
1 -0.0334302 2.33774
1 -0.0333758 2.33833
1 -0.033316 2.33891
1 -0.0332486 2.33946
1 -0.0331801 2.33999
1 -0.0331122 2.34053
1 -0.033038 2.34104
1 -0.0329481 2.3415
1 -0.0328605 2.34196
1 -0.0327745 2.34243
1 -0.0326994 2.34292
1 -0.0326268 2.34341
1 -0.0325575 2.34391
1 -0.0324885 2.3444
1 -0.0324084 2.34485
1 -0.0323373 2.34532
1 -0.0322733 2.34582
1 -0.032217 2.34633
1 -0.0321609 2.34683
1 -0.0321071 2.34734
1 -0.0320473 2.34782
1 -0.03198 2.34827
1 -0.0319138 2.34871
1 -0.0318451 2.34914
1 -0.0317808 2.34958
1 -0.031727 2.35004
1 -0.0316831 2.35053
1 -0.0316458 2.35103
1 -0.0316149 2.35155
1 -0.0315939 2.35209
1 -0.0315596 2.3526
1 -0.0315261 2.3531
1 -0.0314928 2.35359
1 -0.0314582 2.35408
1 -0.0314197 2.35455
1 -0.0313669 2.35497
1 -0.0313048 2.35535
1 -0.031242 2.35573
1 -0.0311848 2.35611
1 -0.0311337 2.3565
1 -0.0310892 2.35691
1 -0.0310534 2.35735
1 -0.0310207 2.35778
1 -0.0309936 2.35823
1 -0.0309604 2.35865
1 -0.0309173 2.35903
1 -0.0308793 2.35942
1 -0.0308406 2.3598
1 -0.0307978 2.36015
1 -0.0307497 2.36048
1 -0.0306933 2.36077
1 -0.0306384 2.36106
1 -0.0305909 2.36137
1 -0.0305481 2.36169
1 -0.0305178 2.36204
1 -0.030496 2.36242
1 -0.0304819 2.36282
1 -0.0304697 2.36322
1 -0.0305048 2.3638
1 -0.0304935 2.36419
1 -0.0304826 2.36458
1 -0.0304719 2.36496
1 -0.0304632 2.36535
1 -0.0304588 2.36575
1 -0.0304563 2.36615
1 -0.0304581 2.36657
1 -0.030458 2.36697
1 -0.0304536 2.36736
1 -0.0304467 2.36773
1 -0.0304439 2.36811
1 -0.0304366 2.36847
1 -0.0304281 2.36882
1 -0.0304153 2.36915
1 -0.030393 2.36943
1 -0.0303652 2.3697
1 -0.0303378 2.36995
1 -0.0303073 2.3702
1 -0.0302748 2.37043
1 -0.0302476 2.37067
1 -0.0302208 2.37092
1 -0.0301959 2.37117
1 -0.0301687 2.3714
1 -0.0301637 2.37187
1 -0.0301632 2.37236
1 -0.0301659 2.37285
1 -0.0301789 2.37338
1 -0.030198 2.37393
1 -0.0302217 2.3745
1 -0.0302516 2.37508
1 -0.0302802 2.37566
1 -0.0303098 2.37623
1 -0.0303435 2.37682
1 -0.0303729 2.37738
1 -0.0303957 2.3779
1 -0.0304141 2.37841
1 -0.0304274 2.37889
1 -0.0304327 2.37933
1 -0.0304314 2.37973
1 -0.0304339 2.38015
1 -0.0304379 2.38057
1 -0.0304399 2.38097
1 -0.0304366 2.38135
1 -0.0304347 2.38174
1 -0.030432 2.38211
2 0.588614 -1.33573
2 0.587494 -1.32812
2 0.586413 -1.32076
2 0.585361 -1.31358
2 0.584329 -1.30653
2 0.583323 -1.29965
2 0.582342 -1.29293
2 0.581379 -1.28633
2 0.580431 -1.27982
2 0.5795 -1.27344
2 0.5795 -1.27344
2 0.5795 -1.27344
2 0.5795 -1.27344
2 0.5795 -1.27344
2 0.5795 -1.27344
2 0.5795 -1.27344
2 0.5795 -1.27344
2 0.5795 -1.27344
2 0.5795 -1.27344
2 0.5795 -1.27344
2 0.5795 -1.27344
2 0.5795 -1.27344
2 0.5795 -1.27344
2 0.5795 -1.27344
2 0.5795 -1.27344
2 0.5795 -1.27344
2 0.5795 -1.27344
2 0.5795 -1.27344
2 0.5795 -1.27344
2 0.5795 -1.27344
2 0.5795 -1.27344
2 0.5795 -1.27344
2 0.5795 -1.27344
2 0.578596 -1.26722
2 0.577996 -1.26305
2 0.577409 -1.25899
2 0.576828 -1.25496
2 0.576255 -1.25099
2 0.575696 -1.24712
2 0.575146 -1.24332
2 0.574619 -1.23968
2 0.574107 -1.23613
2 0.5736 -1.23263
2 0.573101 -1.22919
2 0.572608 -1.22579
2 0.572126 -1.22247
2 0.57166 -1.21926
2 0.571204 -1.21612
2 0.570758 -1.21305
2 0.570332 -1.21012
2 0.569913 -1.20724
2 0.569502 -1.20441
2 0.569109 -1.20171
2 0.568724 -1.19906
2 0.568342 -1.19644
2 0.567964 -1.19385
2 0.567595 -1.19133
2 0.567239 -1.1889
2 0.566892 -1.18653
2 0.566551 -1.1842
2 0.566224 -1.18197
2 0.565908 -1.17981
2 0.565591 -1.17765
2 0.565274 -1.17549
2 0.564965 -1.17339
2 0.564666 -1.17135
2 0.564374 -1.16937
2 0.56409 -1.16743
2 0.563823 -1.16561
2 0.563565 -1.16386
2 0.563308 -1.16211
2 0.563053 -1.16037
2 0.562802 -1.15866
2 0.562556 -1.15698
2 0.562312 -1.15532
2 0.562069 -1.15366
2 0.561831 -1.15203
2 0.561597 -1.15043
2 0.561372 -1.14889
2 0.561148 -1.14735
2 0.560926 -1.14582
2 0.560708 -1.14432
2 0.560489 -1.14281
2 0.560268 -1.14129
2 0.560047 -1.13976
2 0.559826 -1.13824
2 0.55961 -1.13675
2 0.559398 -1.13529
2 0.559189 -1.13385
2 0.558985 -1.13244
2 0.558784 -1.13105
2 0.558584 -1.12966
2 0.558388 -1.12831
2 0.558199 -1.12701
2 0.558016 -1.12574
2 0.55783 -1.12445
2 0.557647 -1.12318
2 0.557473 -1.12198
2 0.557301 -1.12079
2 0.557133 -1.11962
2 0.556966 -1.11847
2 0.556806 -1.11736
2 0.556645 -1.11625
2 0.55648 -1.11511
2 0.556316 -1.11399
2 0.556156 -1.11289
2 0.556003 -1.11184
2 0.555851 -1.11081
2 0.555697 -1.10976
2 0.555548 -1.10875
2 0.555406 -1.10779
2 0.555266 -1.10684
2 0.555128 -1.10592
2 0.554991 -1.10499
2 0.554855 -1.10408
2 0.55472 -1.10318
2 0.554587 -1.10229
2 0.554456 -1.10142
2 0.554324 -1.10054
2 0.554193 -1.09966
2 0.554064 -1.0988
2 0.553935 -1.09794
2 0.553804 -1.09708
2 0.553683 -1.09628
2 0.553566 -1.09552
2 0.553449 -1.09475
2 0.553334 -1.09401
2 0.553224 -1.09329
2 0.55312 -1.09262
2 0.553022 -1.09199
2 0.552918 -1.09133
2 0.552809 -1.09062
2 0.5527 -1.08992
2 0.552594 -1.08924
2 0.552492 -1.08859
2 0.552387 -1.08792
2 0.552283 -1.08726
2 0.552189 -1.08666
2 0.552094 -1.08606
2 0.551996 -1.08545
2 0.551896 -1.08482
2 0.5518 -1.08422
2 0.551708 -1.08365
2 0.55162 -1.08311
3 1.73828 -15.2923
3 1.73813 -15.2901
3 1.73799 -15.2881
3 1.73784 -15.2859
3 1.73768 -15.2837
3 1.73752 -15.2813
3 1.73738 -15.2793
3 1.73726 -15.2775
3 1.73715 -15.2758
3 1.73713 -15.2752
3 1.73711 -15.2747
3 1.73708 -15.2741
3 1.73706 -15.2735
3 1.73705 -15.2731
3 1.73704 -15.2727
3 1.73702 -15.2722
3 1.73702 -15.2719
3 1.73703 -15.2718
3 1.73705 -15.2717
3 1.73708 -15.2719
3 1.73711 -15.272
3 1.73713 -15.272
3 1.73714 -15.2719
3 1.73715 -15.2717
3 1.73715 -15.2715
3 1.73716 -15.2713
3 1.73716 -15.2712
3 1.73719 -15.2712
3 1.73723 -15.2715
3 1.73729 -15.272
3 1.73736 -15.2726
3 1.73743 -15.2732
3 1.7375 -15.2738
3 1.73758 -15.2746
3 1.73768 -15.2756
3 1.73779 -15.2767
3 1.73791 -15.2779
3 1.73803 -15.2792
3 1.73817 -15.2807
3 1.73833 -15.2824
3 1.73849 -15.2842
3 1.73865 -15.2859
3 1.73881 -15.2877
3 1.73898 -15.2896
3 1.73912 -15.2911
3 1.73925 -15.2924
3 1.73938 -15.2939
3 1.73952 -15.2955
3 1.73967 -15.297
3 1.73979 -15.2984
3 1.73994 -15.3001
3 1.74009 -15.3016
3 1.74022 -15.303
3 1.74033 -15.3043
3 1.74044 -15.3054
3 1.74053 -15.3064
3 1.74063 -15.3074
3 1.74072 -15.3084
3 1.74081 -15.3092
3 1.7409 -15.3102
3 1.741 -15.3112
3 1.74112 -15.3125
3 1.74124 -15.3139
3 1.74136 -15.3152
3 1.74148 -15.3164
3 1.74159 -15.3176
3 1.7417 -15.3189
3 1.74181 -15.32
3 1.74192 -15.3211
3 1.74203 -15.3224
3 1.74212 -15.3233
3 1.74221 -15.3241
3 1.74228 -15.3249
3 1.74236 -15.3256
3 1.74243 -15.3263
3 1.74248 -15.3267
3 1.74253 -15.3272
3 1.74257 -15.3276
3 1.7426 -15.3278
3 1.74261 -15.3278
3 1.74262 -15.3278
3 1.74263 -15.3278
3 1.74265 -15.3279
3 1.74265 -15.3277
3 1.74264 -15.3275
3 1.74264 -15.3274
3 1.74263 -15.3272
3 1.74261 -15.3268
3 1.74258 -15.3264
3 1.74262 -15.3267
3 1.74263 -15.3268
3 1.74264 -15.3269
3 1.74265 -15.3269
3 1.74267 -15.3271
3 1.74267 -15.3271
3 1.74266 -15.3269
3 1.74266 -15.3268
3 1.74265 -15.3267
3 1.74265 -15.3266
3 1.74266 -15.3267
3 1.74267 -15.3267
3 1.74266 -15.3266
3 1.74264 -15.3264
3 1.74261 -15.326
3 1.7426 -15.3258
3 1.74259 -15.3257
3 1.74259 -15.3256
3 1.74259 -15.3256
3 1.74259 -15.3255
3 1.74257 -15.3252
3 1.74254 -15.3249
3 1.74253 -15.3247
3 1.74252 -15.3246
3 1.74252 -15.3246
3 1.74253 -15.3247
3 1.74256 -15.325
3 1.74257 -15.3251
3 1.74257 -15.3252
3 1.74257 -15.3252
3 1.74259 -15.3253
3 1.7426 -15.3254
3 1.74261 -15.3255
3 1.74263 -15.3258
3 1.74264 -15.3259
3 1.74265 -15.3261
3 1.74265 -15.3261
3 1.74263 -15.3258
3 1.74261 -15.3256
3 1.7426 -15.3254
3 1.74259 -15.3253
3 1.74258 -15.3252
3 1.74257 -15.325
3 1.74254 -15.3247
3 1.74253 -15.3246
3 1.74251 -15.3244
3 1.7425 -15.3243
3 1.7425 -15.3243
3 1.74249 -15.3243
3 1.74248 -15.3241
3 1.74246 -15.3239
3 1.74244 -15.3237
3 1.74242 -15.3235
3 1.7424 -15.3233
3 1.74238 -15.3231
3 1.74236 -15.3229
3 1.74234 -15.3227
3 1.74231 -15.3224
3 1.74227 -15.322
3 1.74222 -15.3215
3 1.74217 -15.3209
3 1.74211 -15.3203
3 1.74205 -15.3196
3 1.74199 -15.3188
3 1.74192 -15.3181
3 1.74186 -15.3174
3 1.74179 -15.3167
3 1.74171 -15.3157
3 1.74163 -15.3148
3 1.74156 -15.3141
3 1.74151 -15.3135
3 1.74146 -15.3128
3 1.74139 -15.3121
3 1.74134 -15.3115
3 1.74128 -15.3109
3 1.74123 -15.3102
3 1.74117 -15.3096
3 1.74114 -15.3092
3 1.74112 -15.309
3 1.74112 -15.309
3 1.74111 -15.3089
3 1.74111 -15.3089
3 1.74111 -15.309
3 1.74111 -15.309
3 1.7411 -15.3089
3 1.7411 -15.3088
3 1.74109 -15.3088
3 1.7411 -15.3089
3 1.74112 -15.3092
3 1.74115 -15.3096
3 1.74116 -15.3098
3 1.74117 -15.3099
3 1.74118 -15.3101
3 1.74121 -15.3104
3 1.74124 -15.3108
3 1.74128 -15.3114
3 1.74131 -15.3117
3 1.74133 -15.312
3 1.74136 -15.3123
3 1.74139 -15.3127
3 1.74142 -15.3131
3 1.74147 -15.3137
3 1.74152 -15.3144
3 1.74159 -15.3152
3 1.74165 -15.316
3 1.74172 -15.3168
3 1.74177 -15.3175
3 1.74183 -15.3181
3 1.74187 -15.3187
3 1.74191 -15.3192
3 1.74196 -15.3198
3 1.742 -15.3203
3 1.74203 -15.3207
3 1.74206 -15.3211
3 1.74209 -15.3214
3 1.74215 -15.3222
3 1.74222 -15.323
3 1.74228 -15.3238
3 1.74234 -15.3245
3 1.74239 -15.3251
3 1.74245 -15.3258
3 1.74252 -15.3268
3 1.7426 -15.3277
3 1.74267 -15.3286
3 1.74275 -15.3296
3 1.74284 -15.3307
3 1.74293 -15.3319
3 1.74302 -15.333
3 1.7431 -15.3341
3 1.7432 -15.3354
3 1.74329 -15.3366
3 1.7434 -15.3381
3 1.74351 -15.3395
3 1.74362 -15.3411
3 1.74373 -15.3425
3 1.74382 -15.3437
3 1.7439 -15.3449
3 1.74398 -15.346
3 1.74406 -15.3471
3 1.74414 -15.3482
3 1.74421 -15.3493
3 1.7443 -15.3505
3 1.74439 -15.3518
3 1.74448 -15.3532
3 1.74458 -15.3547
3 1.74469 -15.3562
3 1.74479 -15.3577
3 1.7449 -15.3592
3 1.74501 -15.3608
3 1.74513 -15.3626
3 1.74525 -15.3644
3 1.74538 -15.3661
3 1.74549 -15.3678
3 1.74561 -15.3695
3 1.74571 -15.3711
3 1.74581 -15.3727
3 1.74592 -15.3743
3 1.74604 -15.3761
3 1.74616 -15.3779
3 1.74627 -15.3796
3 1.74639 -15.3812
3 1.7465 -15.3829
3 1.7466 -15.3846
3 1.7467 -15.3861
3 1.74681 -15.3877
3 1.74691 -15.3893
3 1.74704 -15.3913
3 1.74716 -15.3931
3 1.74727 -15.3948
3 1.74739 -15.3966
3 1.74751 -15.3985
3 1.74763 -15.4003
3 1.74775 -15.4022
3 1.74788 -15.4042
3 1.748 -15.4061
3 1.74812 -15.408
3 1.74825 -15.41
3 1.74838 -15.412
3 1.74851 -15.414
3 1.74865 -15.4162
3 1.7488 -15.4185
3 1.74895 -15.4207
3 1.74908 -15.4229
3 1.74922 -15.425
3 1.74935 -15.4271
3 1.74947 -15.4291
3 1.7496 -15.4311
3 1.74973 -15.4332
3 1.74986 -15.4353
3 1.74998 -15.4373
3 1.7501 -15.4392
3 1.75021 -15.4411
3 1.75032 -15.4429
3 1.75043 -15.4448
3 1.75059 -15.4474
3 1.75074 -15.4498
3 1.75087 -15.4522
3 1.751 -15.4544
3 1.75112 -15.4566
3 1.75126 -15.4589
3 1.75141 -15.4614
3 1.75155 -15.4639
3 1.75167 -15.4661
3 1.75182 -15.4686
3 1.75196 -15.4711
3 1.75211 -15.4737
3 1.75211 -15.4737
3 1.75211 -15.4737
3 1.75226 -15.4764
3 1.75241 -15.479
3 1.75256 -15.4815
3 1.7527 -15.4841
3 1.7527 -15.4841
3 1.7527 -15.4841
3 1.7527 -15.4841
3 1.7527 -15.4841
3 1.75286 -15.4868
3 1.753 -15.4894
3 1.75315 -15.492
3 1.75329 -15.4945
3 1.75343 -15.4971
3 1.75358 -15.4998
3 1.75373 -15.5024
3 1.75387 -15.505
3 1.75401 -15.5075
3 1.75415 -15.51
3 1.75428 -15.5125
3 1.75442 -15.515
3 1.75456 -15.5176
3 1.7547 -15.5202
3 1.75484 -15.5227
3 1.75495 -15.5249
3 1.75506 -15.5272
3 1.75517 -15.5295
3 1.75529 -15.5318
3 1.75541 -15.5342
3 1.75554 -15.5367
3 1.75554 -15.5367
3 1.75568 -15.5392
3 1.75581 -15.5419
3 1.75594 -15.5444
3 1.75607 -15.5469
3 1.7562 -15.5494
3 1.75633 -15.5519
3 1.75633 -15.5519
3 1.75633 -15.5519
3 1.75633 -15.5519
3 1.75633 -15.5519
3 1.75633 -15.5519
3 1.75633 -15.5519
3 1.75633 -15.5519
3 1.75633 -15.5519
3 1.75633 -15.5519
3 1.75633 -15.5519
3 1.75633 -15.5519
3 1.75646 -15.5545
3 1.75659 -15.5571
3 1.75671 -15.5596
3 1.75683 -15.5621
3 1.75696 -15.5647
3 1.75708 -15.5672
3 1.75719 -15.5696
3 1.75731 -15.572
3 1.75743 -15.5745
3 1.75743 -15.5745
3 1.75743 -15.5745
3 1.75743 -15.5745
