1 0.00872685 2.29571
1 0.074342 2.0388
1 0.07618 2.03295
1 0.0765248 2.03257
1 0.0763619 2.03388
1 0.0762249 2.03547
1 0.0761439 2.03785
1 0.0749354 2.04189
1 0.0735187 2.04564
1 0.072243 2.04897
1 0.0711275 2.05196
1 0.0702052 2.0547
1 0.0694655 2.05728
1 0.0689293 2.05976
1 0.0684741 2.06203
1 0.0680103 2.06414
1 0.0677035 2.06616
1 0.0673964 2.06824
1 0.067145 2.07023
1 0.067018 2.07217
1 0.0669863 2.07404
1 0.0669159 2.07587
1 0.066737 2.07766
1 0.0665961 2.07943
1 0.0665575 2.08114
1 0.066486 2.08281
1 0.0662939 2.08446
1 0.0661509 2.08612
1 0.0659764 2.08775
1 0.0657781 2.08935
1 0.0655736 2.09095
1 0.0653375 2.09256
1 0.0651141 2.09414
1 0.0649062 2.0957
1 0.0646962 2.09724
1 0.0644992 2.09877
1 0.0642707 2.10027
1 0.063955 2.10179
1 0.0636754 2.10328
1 0.0634201 2.10474
1 0.0632124 2.10616
1 0.0630409 2.10755
1 0.0628382 2.1089
1 0.0625629 2.11024
1 0.0623406 2.11154
1 0.0621195 2.11282
1 0.0618601 2.1141
1 0.0615801 2.11536
1 0.0613312 2.11659
1 0.0611434 2.11781
1 0.0609642 2.11902
1 0.0607487 2.12022
1 0.0605092 2.12139
1 0.0603013 2.12256
1 0.060079 2.1237
1 0.0598285 2.12482
1 0.0595616 2.12591
1 0.0593108 2.12698
1 0.0590436 2.12801
1 0.058741 2.12901
1 0.0583974 2.12999
1 0.0580573 2.13094
1 0.057738 2.13185
1 0.0574099 2.13274
1 0.057085 2.13358
1 0.0567606 2.13439
1 0.0564177 2.13517
1 0.0560242 2.13593
1 0.0556459 2.13666
1 0.0552683 2.13736
1 0.0548951 2.13803
1 0.0545291 2.13868
1 0.0541751 2.13931
1 0.0538308 2.13992
1 0.0534927 2.1405
1 0.0531519 2.14107
1 0.0528252 2.14162
1 0.0525158 2.14215
1 0.0522048 2.14266
1 0.0518653 2.14314
1 0.0515423 2.14361
1 0.0512478 2.14405
1 0.0509794 2.14445
1 0.0507104 2.14484
1 0.0504471 2.14521
1 0.0501785 2.14557
1 0.04992 2.1459
1 0.0493484 2.14715
1 0.0487733 2.14836
1 0.0482068 2.14952
1 0.0476586 2.15064
1 0.0471178 2.1517
1 0.0465573 2.15273
1 0.0459677 2.15372
1 0.0453598 2.15468
1 0.044741 2.15561
1 0.0441277 2.15651
1 0.0435185 2.15736
1 0.0429098 2.15819
1 0.042302 2.15898
1 0.0417019 2.15975
1 0.0410965 2.16048
1 0.0404904 2.16118
1 0.0398869 2.16187
1 0.0392768 2.16253
1 0.0386416 2.16318
1 0.0380192 2.1638
1 0.0373989 2.1644
1 0.0367796 2.16499
1 0.0361531 2.16556
1 0.0355383 2.1661
1 0.0349302 2.16663
1 0.0343439 2.16714
1 0.0337635 2.16757
1 0.0331922 2.16798
1 0.0326389 2.16838
1 0.0320921 2.16875
1 0.0315678 2.16912
1 0.0310789 2.16946
1 0.0306095 2.16979
1 0.0301515 2.1701
1 0.0297059 2.1704
1 0.0292557 2.17068
1 0.0288092 2.17095
1 0.0283756 2.1712
1 0.0279597 2.17144
1 0.0274075 2.17158
1 0.026869 2.17171
1 0.0263423 2.17182
1 0.0258279 2.17192
1 0.025322 2.172
1 0.0248267 2.17208
1 0.0243333 2.17213
1 0.0238381 2.17217
1 0.0233535 2.1722
1 0.0228839 2.17222
1 0.0224207 2.17223
1 0.0219713 2.17223
1 0.0215313 2.17223
1 0.0210829 2.17222
1 0.0206345 2.17221
1 0.0201943 2.1722
1 0.0197555 2.17218
1 0.019322 2.17216
1 0.0188671 2.17213
1 0.0184145 2.1721
1 0.0179634 2.17206
1 0.0175059 2.17202
1 0.0170441 2.17197
1 0.0165819 2.17192
1 0.0161214 2.17186
1 0.0156574 2.17181
1 0.0151927 2.17176
1 0.0147399 2.1717
1 0.0143037 2.17165
1 0.013885 2.17159
1 0.0134848 2.17154
1 0.0130878 2.17148
1 0.0126866 2.17143
1 0.0122886 2.17137
1 0.0119275 2.17124
1 0.0115743 2.17112
1 0.0112288 2.17099
1 0.0108975 2.17085
1 0.0105712 2.17071
1 0.0102512 2.17057
1 0.00993648 2.17042
1 0.00962174 2.17027
1 0.00931537 2.17011
1 0.00901091 2.16994
1 0.00871079 2.16976
1 0.00841644 2.16956
1 0.00812251 2.16937
1 0.00783347 2.16916
1 0.00755093 2.16893
1 0.00726775 2.1687
1 0.00698704 2.16846
1 0.00671993 2.16821
1 0.00646454 2.16794
1 0.00621508 2.16767
1 0.00595687 2.1674
1 0.00568521 2.16712
1 0.00540497 2.16684
1 0.00511662 2.16656
1 0.00480868 2.16628
1 0.00449651 2.166
1 0.00419861 2.16571
1 0.00390788 2.16542
1 0.00362128 2.16513
1 0.00333136 2.16483
1 0.00304039 2.16453
1 0.00274821 2.16423
1 0.00245553 2.16392
1 0.00216538 2.16361
1 0.00188459 2.16329
1 0.00161467 2.16297
1 0.0013538 2.16264
1 0.00110894 2.16231
1 0.00087557 2.16197
1 0.000649274 2.16164
1 0.000428355 2.1613
1 0.000212221 2.16095
1 -1.45478e-06 2.16061
1 -0.000228386 2.16027
1 -0.000453093 2.15992
1 -0.000673864 2.15958
1 -0.000897226 2.15923
1 -0.00112526 2.15888
1 -0.00135266 2.15854
1 -0.00158193 2.15819
1 -0.00181073 2.15785
1 -0.00204476 2.15751
1 -0.00226354 2.15716
1 -0.00248011 2.15682
1 -0.00268159 2.15648
1 -0.00289274 2.15599
1 -0.00309259 2.15551
1 -0.00328909 2.15503
1 -0.00348753 2.15455
1 -0.00369174 2.15409
1 -0.00389261 2.15363
1 -0.00409299 2.15317
1 -0.00431237 2.15272
1 -0.00453592 2.15227
1 -0.00476053 2.15184
1 -0.00498662 2.15142
1 -0.00521692 2.15101
1 -0.00545769 2.15062
1 -0.00569106 2.15025
1 -0.00591223 2.14988
1 -0.00611773 2.14953
1 -0.00630917 2.14918
1 -0.00649111 2.14885
1 -0.0066698 2.14853
1 -0.00684808 2.14822
1 -0.00702318 2.14793
1 -0.00719157 2.14764
1 -0.00735497 2.14736
1 -0.00751304 2.14709
1 -0.00766297 2.14682
1 -0.00781057 2.14657
1 -0.00795654 2.14632
1 -0.00810023 2.14608
1 -0.00824505 2.14586
1 -0.00839202 2.14564
1 -0.00853222 2.14544
1 -0.00867696 2.14524
1 -0.00882818 2.14506
1 -0.00898329 2.14489
1 -0.00913297 2.14473
1 -0.00928472 2.14458
1 -0.00940915 2.14447
1 -0.00952794 2.14436
1 -0.0096422 2.14426
1 -0.00975953 2.14417
1 -0.00987224 2.14409
1 -0.00997962 2.14401
1 -0.0100824 2.14394
1 -0.0101814 2.14388
1 -0.0102791 2.14383
1 -0.0103744 2.14379
1 -0.0104697 2.14376
1 -0.0105635 2.14374
1 -0.0106588 2.14374
1 -0.0107604 2.14375
1 -0.0108574 2.14378
1 -0.0109512 2.1438
1 -0.0110446 2.14383
1 -0.0111335 2.14388
1 -0.0112174 2.14392
1 -0.0112988 2.14397
1 -0.0113774 2.14403
1 -0.0114549 2.14409
1 -0.0115339 2.14417
1 -0.0116038 2.14426
1 -0.0116773 2.14437
1 -0.0117552 2.14449
1 -0.0118301 2.14461
1 -0.0119041 2.14476
1 -0.0119781 2.1449
1 -0.0120589 2.14507
1 -0.0121437 2.14525
1 -0.01223 2.14545
1 -0.0123241 2.14566
1 -0.0124151 2.14587
1 -0.0125048 2.14609
1 -0.0125994 2.14631
1 -0.012707 2.14656
1 -0.0128166 2.14681
1 -0.0129234 2.14707
1 -0.0130397 2.14734
1 -0.0131609 2.14763
1 -0.0132791 2.14793
1 -0.0133933 2.14822
1 -0.0135061 2.14853
1 -0.0136217 2.14884
1 -0.0137418 2.14916
1 -0.0138683 2.14949
1 -0.0139968 2.14982
1 -0.0141293 2.15017
1 -0.0142668 2.15052
1 -0.0144073 2.15088
1 -0.0145476 2.15124
1 -0.0146886 2.15161
1 -0.0148268 2.15197
1 -0.014954 2.15233
1 -0.0150808 2.15269
1 -0.0152062 2.15306
1 -0.0152062 2.15306
1 -0.0152062 2.15306
1 -0.0153289 2.15342
1 -0.0154542 2.15389
1 -0.0155738 2.15436
1 -0.0156885 2.15482
1 -0.0158002 2.15529
1 -0.0159151 2.15576
1 -0.0160324 2.15624
1 -0.0160324 2.15624
1 -0.0160324 2.15624
1 -0.0160324 2.15624
1 -0.0160324 2.15624
1 -0.0160324 2.15624
1 -0.0160324 2.15624
1 -0.0161544 2.15672
1 -0.0161544 2.15672
1 -0.0161544 2.15672
1 -0.0161544 2.15672
1 -0.0161544 2.15672
1 -0.0161544 2.15672
1 -0.0161544 2.15672
1 -0.0161544 2.15672
1 -0.0161544 2.15672
1 -0.0161544 2.15672
1 -0.0161544 2.15672
1 -0.0161544 2.15672
1 -0.0161544 2.15672
1 -0.0161544 2.15672
1 -0.0161544 2.15672
1 -0.0161544 2.15672
1 -0.0161544 2.15672
1 -0.0161544 2.15672
1 -0.0161544 2.15672
1 -0.0161544 2.15672
1 -0.0161544 2.15672
1 -0.0161544 2.15672
1 -0.0161544 2.15672
1 -0.0161544 2.15672
1 -0.0161544 2.15672
1 -0.0161544 2.15672
1 -0.0161544 2.15672
1 -0.0161544 2.15672
1 -0.0161544 2.15672
1 -0.0161544 2.15672
1 -0.0161544 2.15672
1 -0.0161544 2.15672
1 -0.0161544 2.15672
1 -0.0161544 2.15672
1 -0.0161544 2.15672
1 -0.0161544 2.15672
1 -0.0161544 2.15672
1 -0.0162719 2.15723
1 -0.0163884 2.15791
1 -0.016499 2.15857
1 -0.0166016 2.15923
1 -0.0166983 2.15987
1 -0.016794 2.1605
1 -0.0168827 2.16113
1 -0.0169665 2.16175
1 -0.017041 2.16234
1 -0.0171158 2.16294
1 -0.0171897 2.16354
1 -0.0172632 2.16413
1 -0.0173396 2.16473
1 -0.0174177 2.16534
1 -0.0174963 2.16594
1 -0.017578 2.16655
1 -0.0176563 2.16715
1 -0.017728 2.16774
1 -0.017798 2.16833
1 -0.0178641 2.16891
1 -0.01792 2.16946
1 -0.017958 2.17004
1 -0.0180004 2.17063
1 -0.0180485 2.17124
1 -0.0181006 2.17185
1 -0.0181513 2.17246
1 -0.0182011 2.17306
1 -0.0182449 2.17365
1 -0.0182839 2.17423
1 -0.0183168 2.17479
1 -0.0183486 2.17535
1 -0.0183769 2.1759
1 -0.0184033 2.17645
1 -0.0184347 2.17702
1 -0.0184694 2.17759
1 -0.0185042 2.17816
1 -0.0185167 2.17869
1 -0.0185275 2.17922
1 -0.0185398 2.17976
1 -0.0185493 2.18029
1 -0.0185586 2.18082
1 -0.0185657 2.18134
1 -0.0185718 2.18186
1 -0.0185799 2.18239
1 -0.0185867 2.1829
1 -0.0185953 2.18343
1 -0.0186085 2.18396
1 -0.0186197 2.18449
1 -0.0186254 2.18501
1 -0.0186293 2.18552
1 -0.0186276 2.18601
1 -0.0186174 2.18648
1 -0.0186085 2.18696
1 -0.0185971 2.18743
1 -0.0185803 2.18788
1 -0.0185634 2.18833
1 -0.0185482 2.18879
1 -0.0185355 2.18924
1 -0.018525 2.18971
1 -0.0185103 2.19016
1 -0.0184912 2.19059
1 -0.0184699 2.19102
1 -0.0184466 2.19144
1 -0.018418 2.19184
1 -0.018392 2.19225
1 -0.0183656 2.19266
1 -0.0183326 2.19304
1 -0.0182876 2.1934
1 -0.0182459 2.19376
1 -0.0182081 2.19413
1 -0.0181733 2.19451
1 -0.0181392 2.19489
1 -0.0181056 2.19527
1 -0.0180735 2.19565
1 -0.0180364 2.19602
1 -0.0179995 2.19638
1 -0.0179672 2.19676
1 -0.0179387 2.19714
1 -0.0179088 2.19752
1 -0.0178779 2.19789
1 -0.0178442 2.19825
1 -0.0178067 2.1986
1 -0.0177717 2.19894
1 -0.0177371 2.19929
1 -0.0177048 2.19964
1 -0.0176748 2.19999
1 -0.0176523 2.20037
1 -0.0176304 2.20074
1 -0.0176116 2.20112
1 -0.0175948 2.20151
1 -0.0175771 2.2019
1 -0.0175559 2.20227
1 -0.0175319 2.20263
1 -0.0175083 2.20299
1 -0.0174845 2.20334
1 -0.0174583 2.20369
1 -0.017425 2.20401
1 -0.0173906 2.20432
1 -0.0173601 2.20465
1 -0.0173328 2.20498
1 -0.0173073 2.20532
1 -0.0172818 2.20565
1 -0.0172579 2.20599
1 -0.0172328 2.20632
1 -0.0172004 2.20663
1 -0.0171631 2.20691
1 -0.0171307 2.20721
1 -0.0170995 2.20752
1 -0.0170612 2.20779
1 -0.0170205 2.20806
1 -0.0169769 2.20831
1 -0.0169345 2.20856
1 -0.0168988 2.20884
1 -0.0168644 2.20912
1 -0.0168304 2.2094
1 -0.0167987 2.20969
1 -0.01677 2.20998
1 -0.0167366 2.21026
1 -0.0167014 2.21052
1 -0.0166626 2.21077
1 -0.0166269 2.21102
1 -0.0165887 2.21127
1 -0.0165518 2.21152
1 -0.0165165 2.21178
1 -0.0164814 2.21204
1 -0.0164451 2.21229
1 -0.016405 2.21253
1 -0.0163651 2.21277
1 -0.016326 2.21301
1 -0.0162898 2.21326
1 -0.0162501 2.2135
1 -0.0162102 2.21373
1 -0.0161687 2.21396
1 -0.0161237 2.21417
1 -0.0160692 2.21434
1 -0.016018 2.21452
1 -0.0159671 2.2147
1 -0.0159143 2.21487
1 -0.0158623 2.21504
1 -0.0158133 2.21522
1 -0.0157643 2.2154
1 -0.0157113 2.21556
1 -0.015661 2.21573
1 -0.0156154 2.21592
1 -0.0155709 2.21611
1 -0.0155286 2.21631
1 -0.0154888 2.21651
1 -0.0154507 2.21672
1 -0.0154135 2.21693
1 -0.0153768 2.21714
1 -0.0153392 2.21734
1 -0.0153021 2.21755
1 -0.0152646 2.21774
1 -0.0152201 2.21791
1 -0.0151754 2.21807
1 -0.0151279 2.21821
1 -0.0150829 2.21837
1 -0.0150344 2.21851
1 -0.0149882 2.21865
1 -0.0149467 2.21881
1 -0.014902 2.21896
1 -0.0148531 2.21909
1 -0.014803 2.21921
1 -0.0147568 2.21934
2 0.588614 -1.33573
2 0.588533 -1.33497
2 0.58845 -1.3342
2 0.588365 -1.33341
2 0.588277 -1.33259
2 0.588188 -1.33178
2 0.588105 -1.33101
2 0.588025 -1.33026
2 0.587947 -1.32953
2 0.58787 -1.3288
2 0.587782 -1.32798
2 0.587692 -1.32715
2 0.5876 -1.3263
2 0.587511 -1.32548
2 0.587426 -1.3247
2 0.587344 -1.32394
2 0.587261 -1.32317
2 0.587181 -1.32243
2 0.587107 -1.32173
2 0.587035 -1.32106
2 0.586969 -1.32043
2 0.586908 -1.31984
2 0.586853 -1.31929
2 0.5868 -1.31876
2 0.58675 -1.31825
2 0.586696 -1.31771
2 0.586642 -1.31715
2 0.58659 -1.31661
2 0.586545 -1.31612
2 0.586506 -1.31568
2 0.586467 -1.31523
2 0.586431 -1.31479
2 0.586397 -1.31438
2 0.586362 -1.31394
2 0.586329 -1.31351
2 0.586307 -1.31318
2 0.586286 -1.31284
2 0.586263 -1.31248
2 0.586238 -1.3121
2 0.586221 -1.31177
2 0.586206 -1.31147
2 0.586193 -1.31117
2 0.586183 -1.3109
2 0.586173 -1.31062
2 0.586165 -1.31036
2 0.586163 -1.31013
2 0.586164 -1.30994
2 0.586166 -1.30974
2 0.586172 -1.30959
2 0.586189 -1.30951
2 0.586207 -1.30943
2 0.586225 -1.30936
2 0.586249 -1.30934
2 0.586269 -1.30927
2 0.586293 -1.30924
2 0.58632 -1.30923
2 0.586351 -1.30926
2 0.586385 -1.30931
2 0.586419 -1.30935
2 0.586454 -1.30941
2 0.586494 -1.3095
2 0.586534 -1.30959
2 0.58657 -1.30964
2 0.586601 -1.30965
2 0.586641 -1.30973
2 0.586685 -1.30984
2 0.586725 -1.30992
2 0.586765 -1.31
2 0.586811 -1.31012
2 0.58686 -1.31027
2 0.586907 -1.3104
2 0.586951 -1.31051
2 0.586996 -1.31061
2 0.587041 -1.31072
2 0.587089 -1.31086
2 0.587146 -1.31107
2 0.587205 -1.3113
2 0.587261 -1.3115
2 0.587321 -1.31175
2 0.587384 -1.31201
2 0.587448 -1.31229
2 0.587516 -1.31259
2 0.587582 -1.31289
2 0.587648 -1.31319
2 0.58772 -1.31354
2 0.587798 -1.31395
2 0.587872 -1.31431
2 0.587948 -1.31471
2 0.588026 -1.31511
2 0.588103 -1.31551
2 0.58818 -1.31591
2 0.588261 -1.31635
2 0.588344 -1.31681
2 0.588431 -1.3173
2 0.588514 -1.31775
2 0.588601 -1.31825
2 0.588689 -1.31875
2 0.588774 -1.31922
2 0.588857 -1.31967
2 0.588938 -1.3201
2 0.589021 -1.32055
2 0.589108 -1.32104
2 0.589196 -1.32155
2 0.589283 -1.32204
2 0.589369 -1.32253
2 0.589454 -1.32301
2 0.589542 -1.32351
2 0.589633 -1.32405
2 0.589772 -1.32496
2 0.589907 -1.32584
2 0.590039 -1.32668
2 0.590169 -1.32752
2 0.590299 -1.32835
2 0.59043 -1.32919
2 0.590558 -1.33001
2 0.590688 -1.33085
2 0.59082 -1.33172
2 0.590952 -1.33258
2 0.591085 -1.33346
2 0.591218 -1.33434
2 0.591348 -1.3352
2 0.591472 -1.336
2 0.591597 -1.33681
2 0.591722 -1.33763
2 0.591844 -1.33842
2 0.591964 -1.33919
2 0.592083 -1.33996
2 0.592194 -1.34066
2 0.592309 -1.3414
2 0.592422 -1.34212
2 0.592528 -1.34277
2 0.592629 -1.34339
3 1.73828 -15.2923
3 1.73828 -15.2923
3 1.73828 -15.2923
3 1.73828 -15.2923
3 1.73828 -15.2923
3 1.73828 -15.2923
3 1.73828 -15.2923
3 1.73828 -15.2923
3 1.73828 -15.2923
3 1.73828 -15.2923
3 1.73828 -15.2923
3 1.73828 -15.2923
3 1.73828 -15.2923
3 1.73828 -15.2923
3 1.73828 -15.2923
3 1.73828 -15.2923
3 1.73828 -15.2923
3 1.73828 -15.2923
3 1.73828 -15.2923
3 1.73828 -15.2923
3 1.73828 -15.2923
3 1.73828 -15.2923
3 1.73828 -15.2923
3 1.73828 -15.2923
3 1.73828 -15.2923
3 1.73828 -15.2923
3 1.73828 -15.2923
3 1.73828 -15.2923
3 1.73828 -15.2923
3 1.73828 -15.2923
3 1.73828 -15.2923
3 1.73828 -15.2923
3 1.73828 -15.2923
3 1.73828 -15.2923
3 1.73828 -15.2923
3 1.73828 -15.2923
3 1.73828 -15.2923
3 1.73828 -15.2923
3 1.73828 -15.2923
3 1.73828 -15.2923
3 1.73828 -15.2923
3 1.73828 -15.2923
3 1.73828 -15.2923
3 1.73828 -15.2923
3 1.73828 -15.2923
3 1.73828 -15.2923
3 1.73828 -15.2923
3 1.73828 -15.2923
3 1.73828 -15.2923
3 1.73828 -15.2923
3 1.73828 -15.2923
3 1.73828 -15.2923
3 1.73828 -15.2923
3 1.73828 -15.2923
3 1.73828 -15.2923
3 1.73828 -15.2923
3 1.73828 -15.2923
3 1.73828 -15.2923
3 1.73828 -15.2923
3 1.73828 -15.2923
3 1.73828 -15.2923
3 1.73828 -15.2923
3 1.73828 -15.2923
3 1.73828 -15.2923
3 1.73828 -15.2923
3 1.73828 -15.2923
3 1.73828 -15.2923
3 1.73828 -15.2923
3 1.73828 -15.2923
3 1.73828 -15.2923
3 1.73828 -15.2923
3 1.73828 -15.2923
3 1.73828 -15.2923
3 1.73828 -15.2923
3 1.73828 -15.2923
3 1.73828 -15.2923
3 1.73828 -15.2923
3 1.73828 -15.2923
3 1.73828 -15.2923
3 1.73828 -15.2923
3 1.73828 -15.2923
3 1.73828 -15.2923
3 1.73828 -15.2923
3 1.73828 -15.2923
3 1.73828 -15.2923
3 1.73828 -15.2923
3 1.73828 -15.2923
3 1.73828 -15.2923
3 1.73828 -15.2923
3 1.73828 -15.2923
3 1.73828 -15.2923
3 1.73828 -15.2923
3 1.73828 -15.2923
3 1.73828 -15.2923
3 1.73828 -15.2923
3 1.73828 -15.2923
3 1.73828 -15.2923
3 1.73828 -15.2923
3 1.73828 -15.2923
3 1.73828 -15.2923
3 1.73828 -15.2923
3 1.73828 -15.2923
3 1.73828 -15.2923
3 1.73828 -15.2923
3 1.73828 -15.2923
3 1.73828 -15.2923
3 1.73828 -15.2923
3 1.73828 -15.2923
3 1.73828 -15.2923
3 1.73828 -15.2923
3 1.73828 -15.2923
3 1.73828 -15.2923
3 1.73828 -15.2923
3 1.73828 -15.2923
3 1.73828 -15.2923
3 1.73828 -15.2923
3 1.73828 -15.2923
3 1.73828 -15.2923
3 1.73828 -15.2923
3 1.73828 -15.2923
3 1.73828 -15.2923
3 1.73828 -15.2923
3 1.73828 -15.2923
3 1.73828 -15.2923
3 1.73828 -15.2923
3 1.73828 -15.2923
3 1.73828 -15.2923
3 1.73828 -15.2923
3 1.73828 -15.2923
3 1.73828 -15.2923
3 1.73828 -15.2923
3 1.73828 -15.2923
3 1.73828 -15.2923
3 1.73828 -15.2923
3 1.73828 -15.2923
3 1.73828 -15.2923
3 1.73828 -15.2923
3 1.73828 -15.2923
3 1.73828 -15.2923
3 1.73828 -15.2923
3 1.73828 -15.2923
3 1.73828 -15.2923
3 1.73828 -15.2923
3 1.73828 -15.2923
3 1.73828 -15.2923
3 1.73828 -15.2923
3 1.73828 -15.2923
3 1.73828 -15.2923
3 1.73828 -15.2923
3 1.73828 -15.2923
3 1.73828 -15.2923
3 1.73828 -15.2923
3 1.73828 -15.2923
3 1.73828 -15.2923
3 1.73828 -15.2923
3 1.73828 -15.2923
3 1.73828 -15.2923
3 1.73828 -15.2923
3 1.73828 -15.2923
3 1.73828 -15.2923
3 1.73828 -15.2923
3 1.73828 -15.2923
3 1.73828 -15.2923
3 1.73828 -15.2923
3 1.73828 -15.2923
3 1.73828 -15.2923
3 1.73828 -15.2923
3 1.73828 -15.2923
3 1.73828 -15.2923
3 1.73828 -15.2923
3 1.73828 -15.2923
3 1.73828 -15.2923
3 1.73828 -15.2923
3 1.73828 -15.2923
3 1.73828 -15.2923
3 1.73828 -15.2923
3 1.73828 -15.2923
3 1.73828 -15.2923
3 1.73828 -15.2923
3 1.73828 -15.2923
3 1.73828 -15.2923
3 1.73828 -15.2923
3 1.73828 -15.2923
3 1.73828 -15.2923
3 1.73828 -15.2923
3 1.73828 -15.2923
3 1.73828 -15.2923
3 1.73828 -15.2923
3 1.73828 -15.2923
3 1.73828 -15.2923
3 1.73828 -15.2923
3 1.73828 -15.2923
3 1.73828 -15.2923
3 1.73828 -15.2923
3 1.73828 -15.2923
3 1.73828 -15.2923
3 1.73828 -15.2923
3 1.73828 -15.2923
3 1.73828 -15.2923
3 1.73828 -15.2923
3 1.73828 -15.2923
3 1.73828 -15.2923
3 1.73828 -15.2923
3 1.73828 -15.2923
3 1.73828 -15.2923
3 1.73828 -15.2923
3 1.73828 -15.2923
3 1.73828 -15.2923
3 1.73828 -15.2923
3 1.73828 -15.2923
3 1.73828 -15.2923
3 1.73828 -15.2923
3 1.73828 -15.2923
3 1.73828 -15.2923
3 1.73828 -15.2923
3 1.73828 -15.2923
3 1.73828 -15.2923
3 1.73828 -15.2923
3 1.73828 -15.2923
3 1.73828 -15.2923
3 1.73828 -15.2923
3 1.73828 -15.2923
3 1.73828 -15.2923
3 1.73828 -15.2923
3 1.73828 -15.2923
3 1.73828 -15.2923
3 1.73828 -15.2923
3 1.73828 -15.2923
3 1.73828 -15.2923
3 1.73828 -15.2923
3 1.73828 -15.2923
3 1.73828 -15.2923
3 1.73828 -15.2923
3 1.73828 -15.2923
3 1.73828 -15.2923
3 1.73828 -15.2923
3 1.73828 -15.2923
3 1.73828 -15.2923
3 1.73828 -15.2923
3 1.73828 -15.2923
3 1.73828 -15.2923
3 1.73828 -15.2923
3 1.73828 -15.2923
3 1.73828 -15.2923
3 1.73828 -15.2923
3 1.73828 -15.2923
3 1.73828 -15.2923
3 1.73828 -15.2923
3 1.73828 -15.2923
3 1.73828 -15.2923
3 1.73828 -15.2923
3 1.73828 -15.2923
3 1.73828 -15.2923
3 1.73828 -15.2923
3 1.73828 -15.2923
3 1.73828 -15.2923
3 1.73828 -15.2923
3 1.73828 -15.2923
3 1.73828 -15.2923
3 1.73828 -15.2923
3 1.73828 -15.2923
3 1.73828 -15.2923
3 1.73828 -15.2923
3 1.73828 -15.2923
3 1.73828 -15.2923
3 1.73828 -15.2923
3 1.73828 -15.2923
3 1.73828 -15.2923
3 1.73828 -15.2923
3 1.73828 -15.2923
3 1.73828 -15.2923
3 1.73828 -15.2923
3 1.73828 -15.2923
3 1.73828 -15.2923
3 1.73828 -15.2923
3 1.73828 -15.2923
3 1.73828 -15.2923
3 1.73828 -15.2923
3 1.73828 -15.2923
3 1.73828 -15.2923
3 1.73828 -15.2923
3 1.73828 -15.2923
3 1.73828 -15.2923
3 1.73828 -15.2923
3 1.73828 -15.2923
3 1.73828 -15.2923
3 1.73828 -15.2923
3 1.73828 -15.2923
3 1.73828 -15.2923
3 1.73828 -15.2923
3 1.73828 -15.2923
3 1.73828 -15.2923
3 1.73828 -15.2923
3 1.73828 -15.2923
3 1.73828 -15.2923
3 1.73828 -15.2923
3 1.73828 -15.2923
3 1.73828 -15.2923
3 1.73828 -15.2923
3 1.73828 -15.2923
3 1.73828 -15.2923
3 1.73828 -15.2923
3 1.73828 -15.2923
3 1.73828 -15.2923
3 1.73828 -15.2923
3 1.73828 -15.2923
3 1.73828 -15.2923
3 1.73828 -15.2923
3 1.73828 -15.2923
3 1.73828 -15.2923
3 1.73828 -15.2923
3 1.73828 -15.2923
3 1.73828 -15.2923
3 1.73828 -15.2923
3 1.73828 -15.2923
3 1.73828 -15.2923
3 1.73828 -15.2923
3 1.73828 -15.2923
3 1.73828 -15.2923
3 1.73828 -15.2923
3 1.73828 -15.2923
3 1.73828 -15.2923
3 1.73828 -15.2923
3 1.73828 -15.2923
3 1.73828 -15.2923
3 1.73828 -15.2923
3 1.73828 -15.2923
3 1.73828 -15.2923
3 1.73828 -15.2923
3 1.73828 -15.2923
3 1.73828 -15.2923
3 1.73828 -15.2923
3 1.73828 -15.2923
3 1.73828 -15.2923
3 1.73828 -15.2923
3 1.73828 -15.2923
3 1.73828 -15.2923
3 1.73828 -15.2923
