1 0.00872685 2.29571
1 0.218737 1.60993
1 0.222809 1.59248
1 0.223557 1.58926
1 0.223313 1.58913
1 0.222703 1.59028
1 0.223275 1.59262
1 0.222772 1.59523
1 0.222199 1.59794
1 0.221103 1.60156
1 0.220124 1.60517
1 0.21929 1.60875
1 0.218289 1.61223
1 0.217253 1.61562
1 0.216236 1.619
1 0.215094 1.62249
1 0.213953 1.62581
1 0.212726 1.62917
1 0.211488 1.63261
1 0.210361 1.63597
1 0.209213 1.63932
1 0.208023 1.64272
1 0.206953 1.64598
1 0.206026 1.6492
1 0.205008 1.65246
1 0.203932 1.65581
1 0.202825 1.65912
1 0.201744 1.66238
1 0.200744 1.66555
1 0.199753 1.66865
1 0.198758 1.67169
1 0.197808 1.67471
1 0.195374 1.68014
1 0.19303 1.68533
1 0.19068 1.6905
1 0.188431 1.69544
1 0.186251 1.70021
1 0.184106 1.70495
1 0.182025 1.70957
1 0.180078 1.71407
1 0.17826 1.71844
1 0.176488 1.7227
1 0.174709 1.72687
1 0.172936 1.73098
1 0.171255 1.73499
1 0.169661 1.7389
1 0.168119 1.74274
1 0.166614 1.74653
1 0.165162 1.75023
1 0.163791 1.75386
1 0.16245 1.75746
1 0.161141 1.76105
1 0.159855 1.76458
1 0.158621 1.76803
1 0.157426 1.77144
1 0.156225 1.7748
1 0.155007 1.77812
1 0.153813 1.78137
1 0.152658 1.78457
1 0.151548 1.78771
1 0.15049 1.79078
1 0.149464 1.79379
1 0.148462 1.79672
1 0.14706 1.80061
1 0.1457 1.80439
1 0.144364 1.80809
1 0.14308 1.8117
1 0.141867 1.81524
1 0.1407 1.8187
1 0.139515 1.82211
1 0.13837 1.82545
1 0.137292 1.82872
1 0.136226 1.83193
1 0.135136 1.83508
1 0.134102 1.83818
1 0.133086 1.84122
1 0.132082 1.8442
1 0.131092 1.84713
1 0.130115 1.85001
1 0.129156 1.85286
1 0.128219 1.85565
1 0.127297 1.8584
1 0.126392 1.86111
1 0.125474 1.86377
1 0.124551 1.86639
1 0.123658 1.86896
1 0.122791 1.87149
1 0.121962 1.87396
1 0.12116 1.87639
1 0.120361 1.87877
1 0.119536 1.88111
1 0.118732 1.8834
1 0.117964 1.88565
1 0.117202 1.88787
1 0.116371 1.89038
1 0.115549 1.89286
1 0.114787 1.89531
1 0.114026 1.89771
1 0.113255 1.90008
1 0.112504 1.90241
1 0.111778 1.9047
1 0.111048 1.90695
1 0.110315 1.90915
1 0.109585 1.91132
1 0.10887 1.91345
1 0.108145 1.91554
1 0.107408 1.91758
1 0.106664 1.91959
1 0.105928 1.92155
1 0.10521 1.92347
1 0.104497 1.92535
1 0.103786 1.92718
1 0.103088 1.92897
1 0.102389 1.93073
1 0.101669 1.93244
1 0.100964 1.9341
1 0.100258 1.93574
1 0.0995582 1.93733
1 0.098869 1.9389
1 0.0981918 1.94043
1 0.0975278 1.94193
1 0.0968712 1.9434
1 0.0962148 1.94484
1 0.0955727 1.94624
1 0.0949491 1.94762
1 0.0942302 1.94902
1 0.0935214 1.95039
1 0.0928265 1.95172
1 0.0921468 1.95303
1 0.0914804 1.9543
1 0.090824 1.95555
1 0.0901741 1.95677
1 0.0895304 1.95796
1 0.0888974 1.95912
1 0.0882801 1.96026
1 0.087659 1.96135
1 0.0870495 1.96241
1 0.0864554 1.96343
1 0.085816 1.9644
1 0.0851718 1.96535
1 0.0845131 1.96627
1 0.0838414 1.96717
1 0.0831561 1.96804
1 0.0824768 1.96889
1 0.0818049 1.96972
1 0.0811365 1.97052
1 0.0804688 1.9713
1 0.0798044 1.97206
1 0.0791488 1.97279
1 0.0784805 1.9735
1 0.0778068 1.97419
1 0.077123 1.97487
1 0.0764385 1.97553
1 0.0757634 1.97618
1 0.0750954 1.97681
1 0.0744262 1.97743
1 0.0737518 1.97804
1 0.0730811 1.97863
1 0.0724222 1.97921
1 0.0717857 1.97976
1 0.0711519 1.9803
1 0.0705384 1.98083
1 0.0699288 1.98134
1 0.0693344 1.98184
1 0.068757 1.98233
1 0.0681949 1.9828
1 0.0676462 1.98327
1 0.0671093 1.98372
1 0.0665822 1.98416
1 0.0660579 1.98459
1 0.0655364 1.98499
1 0.0650272 1.98538
1 0.0645297 1.98576
1 0.0640348 1.98613
1 0.0635573 1.98648
1 0.0630796 1.98682
1 0.0626126 1.98715
1 0.0621477 1.98746
1 0.0616887 1.98776
1 0.0612349 1.98805
1 0.0607707 1.98832
1 0.0603089 1.98859
1 0.0598577 1.98884
1 0.0594135 1.98908
1 0.0589843 1.98932
1 0.0585515 1.98954
1 0.0581137 1.98976
1 0.0576838 1.98998
1 0.0572532 1.99019
1 0.0568249 1.99039
1 0.0563971 1.99059
1 0.0559648 1.99079
1 0.0555258 1.99097
1 0.055088 1.99116
1 0.0546417 1.99133
1 0.0541945 1.9915
1 0.0537479 1.99166
1 0.0533 1.99182
1 0.0527698 1.99179
1 0.0522422 1.99177
1 0.0517251 1.99174
1 0.0512264 1.99172
1 0.050744 1.99169
1 0.0502713 1.99166
1 0.0497986 1.99164
1 0.0493273 1.99161
1 0.0488581 1.99159
1 0.0483942 1.99156
1 0.0479411 1.99154
1 0.0474962 1.99151
1 0.0470669 1.99147
1 0.0466373 1.99143
1 0.0462143 1.99139
1 0.0457962 1.99135
1 0.0453826 1.9913
1 0.0449793 1.99124
1 0.0445826 1.99118
1 0.0441935 1.99111
1 0.0438033 1.99104
1 0.0434202 1.99095
1 0.0430342 1.99086
1 0.0426589 1.99076
1 0.04228 1.99065
1 0.0419096 1.99053
1 0.0415481 1.9904
1 0.0411988 1.99026
1 0.0408458 1.99011
1 0.0404896 1.98996
1 0.0401284 1.98981
1 0.0397596 1.98966
1 0.0393798 1.98951
1 0.0389976 1.98936
1 0.038613 1.98921
1 0.0382289 1.98905
1 0.0378565 1.98889
1 0.0374876 1.98873
1 0.0371166 1.98856
1 0.0367462 1.98839
1 0.0363742 1.98821
1 0.0360045 1.98803
1 0.0356378 1.98785
1 0.035282 1.98766
1 0.0349357 1.98747
1 0.0345984 1.98727
1 0.0342741 1.98707
1 0.0339599 1.98687
1 0.0336489 1.98667
1 0.0333427 1.98646
1 0.0330407 1.98625
1 0.0327349 1.98605
1 0.0324262 1.98584
1 0.032119 1.98563
1 0.0318157 1.98542
1 0.0315108 1.98521
1 0.0312024 1.985
1 0.030895 1.98479
1 0.0305904 1.98458
1 0.0302838 1.98437
1 0.0299773 1.98416
1 0.0296689 1.98396
1 0.0293722 1.98375
1 0.0290774 1.98354
1 0.0287941 1.98334
1 0.028511 1.98314
1 0.0282395 1.98294
1 0.0279673 1.98274
1 0.0276924 1.98255
1 0.0274235 1.98236
1 0.027151 1.98217
1 0.0268724 1.98199
1 0.0265923 1.98182
1 0.0263151 1.98165
1 0.0260317 1.98148
1 0.0257473 1.98132
1 0.0254589 1.98116
1 0.0251725 1.981
1 0.024892 1.98085
1 0.0246229 1.9807
1 0.0243657 1.98054
1 0.0241199 1.98039
1 0.0238787 1.98025
1 0.0236398 1.9801
1 0.0234015 1.97996
1 0.0231686 1.97983
1 0.0229415 1.97969
1 0.0227252 1.97955
1 0.0225114 1.97941
1 0.0222995 1.97927
1 0.0220895 1.97913
1 0.0218836 1.979
1 0.0216731 1.97886
1 0.0214646 1.97873
1 0.0212605 1.9786
1 0.021055 1.97847
1 0.0208462 1.97834
1 0.0206121 1.97813
1 0.0203779 1.97793
1 0.0201477 1.97772
1 0.0199182 1.97752
1 0.0196996 1.97732
1 0.0194846 1.97711
1 0.0192683 1.97692
1 0.0190862 1.9767
1 0.018909 1.97648
1 0.0187362 1.97626
1 0.0185659 1.97605
1 0.018399 1.97584
1 0.0182327 1.97564
1 0.0180673 1.97545
1 0.0179004 1.97526
1 0.0177353 1.97508
1 0.0175705 1.97491
1 0.0174049 1.97474
1 0.0172445 1.97458
1 0.0170853 1.97442
1 0.016928 1.97426
1 0.0167764 1.97411
1 0.0166179 1.97397
1 0.0164608 1.97383
1 0.0163059 1.97371
1 0.016148 1.97359
1 0.0159934 1.97348
1 0.015831 1.97339
1 0.0156712 1.97329
1 0.0155065 1.97321
1 0.015347 1.97314
1 0.0151875 1.97307
1 0.015025 1.97301
1 0.0148609 1.97296
1 0.0146933 1.97292
1 0.0145236 1.97288
1 0.0143506 1.97286
1 0.0141841 1.97284
1 0.0140159 1.97283
1 0.0138351 1.97283
1 0.0136571 1.97284
1 0.0134747 1.97285
1 0.0132906 1.97287
1 0.0131306 1.97288
1 0.0129719 1.97289
1 0.0128164 1.9729
1 0.0126629 1.97292
1 0.0125079 1.97295
1 0.0123498 1.97298
1 0.0121889 1.97301
1 0.0120238 1.97306
1 0.0118547 1.97311
1 0.0116812 1.97317
1 0.0115061 1.97324
1 0.0113279 1.97332
1 0.0111532 1.97339
1 0.0109802 1.97346
1 0.0108124 1.97353
1 0.0106478 1.9736
1 0.0104849 1.97368
1 0.0103249 1.97375
1 0.0101691 1.97382
1 0.0100187 1.97388
1 0.00987323 1.97395
1 0.00973349 1.97401
1 0.0095984 1.97407
1 0.00946316 1.97414
1 0.00932517 1.97421
1 0.00918347 1.97429
1 0.00903875 1.97438
1 0.00889095 1.97447
1 0.00873942 1.97457
1 0.00854453 1.97478
1 0.00835179 1.97498
1 0.00815989 1.97519
1 0.00797391 1.97539
1 0.00779408 1.97559
1 0.00761465 1.97579
1 0.00743662 1.97599
1 0.00726376 1.97619
1 0.00710261 1.97639
1 0.00694405 1.97659
1 0.00678577 1.9768
1 0.0066279 1.97701
1 0.00647142 1.97722
1 0.00631717 1.97743
1 0.00616069 1.97764
1 0.00600183 1.97786
1 0.00583937 1.97809
1 0.00566986 1.97833
1 0.00550081 1.97858
1 0.00533233 1.97882
1 0.00516207 1.97907
1 0.00499532 1.97932
1 0.00483085 1.97956
1 0.00467031 1.97981
1 0.00451506 1.98005
1 0.00436397 1.98028
1 0.0042148 1.98052
1 0.00406453 1.98077
1 0.0039116 1.98102
1 0.00375879 1.98128
1 0.00360254 1.98154
1 0.00344351 1.98182
1 0.00328205 1.9821
1 0.0031181 1.98238
1 0.00295168 1.98268
1 0.00278649 1.98297
1 0.00262531 1.98327
1 0.00247709 1.98354
1 0.00233794 1.9838
1 0.00220201 1.98406
1 0.00207045 1.98431
1 0.00194825 1.98455
1 0.00183039 1.98478
1 0.00171943 1.98501
1 0.00161249 1.98523
1 0.00150567 1.98545
1 0.00140159 1.98566
1 0.00130471 1.98587
1 0.00121706 1.98606
1 0.00112935 1.98625
1 0.00104168 1.98645
1 0.000952643 1.98665
1 0.000861107 1.98686
1 0.000769081 1.98707
1 0.000675949 1.98728
1 0.000581835 1.9875
1 0.00049258 1.98771
1 0.000406153 1.98792
1 0.000320594 1.98813
1 0.000238824 1.98833
1 0.000159115 1.98853
1 8.48553e-05 1.98872
1 9.3557e-06 1.98891
1 -7.03944e-05 1.98912
1 -0.000153013 1.98934
1 -0.000234949 1.98956
1 -0.000316506 1.98978
1 -0.000394323 1.98999
1 -0.000468129 1.99019
1 -0.000539216 1.99039
1 -0.000605673 1.99058
1 -0.00067227 1.99077
1 -0.000738712 1.99097
1 -0.000806548 1.99118
1 -0.000878216 1.99139
1 -0.000946185 1.99161
1 -0.00100857 1.99181
1 -0.00107221 1.99202
1 -0.00113696 1.99223
1 -0.00120082 1.99245
1 -0.00126295 1.99266
1 -0.00132331 1.99287
1 -0.00138311 1.99308
1 -0.0014448 1.9933
1 -0.001505 1.99352
1 -0.00156529 1.99374
1 -0.0016271 1.99396
1 -0.00168993 1.99419
1 -0.00172704 1.99438
1 -0.00176235 1.99457
1 -0.0017919 1.99474
1 -0.00181969 1.99491
1 -0.00184765 1.99508
1 -0.0018728 1.99524
1 -0.00189462 1.99539
1 -0.0019148 1.99554
1 -0.00193587 1.9957
1 -0.00195902 1.99585
1 -0.00198249 1.99601
1 -0.002003 1.99617
1 -0.00202086 1.99631
1 -0.00203476 1.99645
1 -0.00204805 1.99658
1 -0.00205529 1.9967
1 -0.00206229 1.99683
1 -0.00206754 1.99695
1 -0.00206776 1.99705
1 -0.002066 1.99715
1 -0.00206718 1.99726
1 -0.00207108 1.99738
1 -0.00207749 1.9975
1 -0.00208401 1.99763
1 -0.00209057 1.99775
1 -0.00209798 1.99788
1 -0.00210063 1.99799
1 -0.00210314 1.9981
1 -0.00211505 1.99824
1 -0.00212504 1.99838
1 -0.00213197 1.9985
1 -0.00213914 1.99863
1 -0.00214489 1.99875
1 -0.00214728 1.99885
1 -0.00214979 1.99896
1 -0.00215296 1.99907
1 -0.00215704 1.99917
1 -0.00216342 1.99929
1 -0.00217373 1.99941
1 -0.00218735 1.99955
1 -0.00220209 1.99968
1 -0.00221652 1.99982
1 -0.00223173 1.99996
1 -0.00224251 2.00009
1 -0.00225423 2.00022
1 -0.00226857 2.00036
1 -0.00228174 2.00049
1 -0.00228924 2.0006
1 -0.00229244 2.0007
1 -0.00229775 2.0008
1 -0.00230735 2.00092
1 -0.00231737 2.00104
1 -0.00232786 2.00116
1 -0.0023385 2.00128
1 -0.00235031 2.0014
1 -0.00236163 2.00152
1 -0.00237011 2.00164
1 -0.00237278 2.00173
1 -0.00237424 2.00181
1 -0.0023775 2.00191
1 -0.00237761 2.00199
1 -0.00237256 2.00205
1 -0.00236565 2.0021
1 -0.00235771 2.00215
1 -0.00235323 2.00222
1 -0.00235282 2.0023
1 -0.0023542 2.00238
1 -0.00235831 2.00248
1 -0.0023637 2.00258
1 -0.00236752 2.00267
1 -0.00237072 2.00276
1 -0.00237101 2.00284
1 -0.00237363 2.00293
1 -0.002376 2.00302
1 -0.00237847 2.00312
1 -0.00238295 2.00322
1 -0.00238673 2.00332
1 -0.00239002 2.00342
1 -0.00239335 2.00352
1 -0.0023931 2.0036
1 -0.00239352 2.00369
1 -0.00239629 2.00379
1 -0.0023818 2.00382
1 -0.00236568 2.00384
1 -0.00234777 2.00386
1 -0.00232586 2.00386
1 -0.00230248 2.00385
1 -0.00228056 2.00385
1 -0.00225818 2.00385
1 -0.00223952 2.00386
1 -0.00222134 2.00388
1 -0.00220553 2.0039
1 -0.00218966 2.00393
1 -0.00217303 2.00395
1 -0.00215675 2.00397
1 -0.00214427 2.00401
1 -0.00213132 2.00404
1 -0.00211988 2.00408
1 -0.00211087 2.00413
1 -0.00210282 2.00419
1 -0.00209584 2.00424
1 -0.00208849 2.0043
1 -0.00207983 2.00435
1 -0.00207299 2.0044
1 -0.00206634 2.00445
1 -0.00205519 2.00449
1 -0.00204012 2.0045
1 -0.00202418 2.00451
1 -0.00200665 2.00452
1 -0.00198924 2.00452
1 -0.00197257 2.00452
2 0.588614 -1.33573
2 0.588088 -1.3324
2 0.587573 -1.32914
2 0.587069 -1.32594
2 0.586578 -1.32283
2 0.586104 -1.31981
2 0.585639 -1.31685
2 0.585186 -1.31397
2 0.584743 -1.31115
2 0.584306 -1.30837
2 0.584306 -1.30837
2 0.584306 -1.30837
2 0.584306 -1.30837
2 0.584306 -1.30837
2 0.584306 -1.30837
2 0.584306 -1.30837
2 0.584306 -1.30837
2 0.584306 -1.30837
2 0.584306 -1.30837
2 0.584306 -1.30837
2 0.584306 -1.30837
2 0.584306 -1.30837
2 0.583877 -1.30564
2 0.583533 -1.3035
2 0.583191 -1.30137
2 0.582855 -1.29929
2 0.582527 -1.29727
2 0.582202 -1.29528
2 0.581884 -1.29333
2 0.581577 -1.29146
2 0.581272 -1.28961
2 0.580969 -1.28777
2 0.580669 -1.28595
2 0.580376 -1.28418
2 0.580087 -1.28245
2 0.579801 -1.28073
2 0.579522 -1.27907
2 0.579256 -1.27749
2 0.578994 -1.27595
2 0.578734 -1.27442
2 0.578482 -1.27294
2 0.57825 -1.27157
2 0.578019 -1.27022
2 0.577789 -1.26888
2 0.57756 -1.26755
2 0.577336 -1.26625
2 0.57712 -1.26501
2 0.57691 -1.26381
2 0.576704 -1.26265
2 0.5765 -1.2615
2 0.576298 -1.26036
2 0.576096 -1.25923
2 0.5759 -1.25814
2 0.57571 -1.2571
2 0.575524 -1.25607
2 0.57534 -1.25507
2 0.57516 -1.2541
2 0.574985 -1.25316
2 0.574817 -1.25227
2 0.574655 -1.25142
2 0.574494 -1.25058
2 0.574333 -1.24975
2 0.574173 -1.24891
2 0.574017 -1.24812
2 0.573867 -1.24736
2 0.573721 -1.24663
2 0.573575 -1.2459
2 0.573434 -1.24521
2 0.573297 -1.24455
2 0.573163 -1.2439
2 0.573025 -1.24322
2 0.572888 -1.24256
2 0.572754 -1.24191
2 0.572628 -1.24132
2 0.572506 -1.24076
2 0.57239 -1.24024
2 0.572277 -1.23974
2 0.572165 -1.23924
2 0.572051 -1.23873
2 0.571939 -1.23822
2 0.571828 -1.23773
2 0.571718 -1.23724
2 0.571607 -1.23674
2 0.571497 -1.23625
2 0.571389 -1.23577
2 0.571281 -1.23529
2 0.571177 -1.23484
2 0.571072 -1.23437
2 0.570969 -1.23392
2 0.570864 -1.23345
2 0.570756 -1.23297
2 0.570649 -1.23248
2 0.57054 -1.23198
2 0.570436 -1.23152
2 0.57033 -1.23104
2 0.570226 -1.23058
2 0.570125 -1.23013
2 0.570025 -1.22968
2 0.569924 -1.22924
2 0.569825 -1.2288
2 0.569941 -1.22981
2 0.570056 -1.23081
2 0.570174 -1.23185
2 0.570294 -1.23291
2 0.570412 -1.23395
2 0.570525 -1.23495
2 0.570636 -1.23593
2 0.570748 -1.23692
2 0.570856 -1.23788
2 0.570966 -1.23886
2 0.571079 -1.23988
2 0.571193 -1.2409
2 0.571305 -1.24192
2 0.571417 -1.24293
2 0.57153 -1.24396
2 0.571645 -1.24502
2 0.571758 -1.24606
2 0.571867 -1.24705
2 0.57198 -1.2481
2 0.572091 -1.24913
2 0.5722 -1.25014
3 1.73828 -15.2923
3 1.73828 -15.2923
3 1.73828 -15.2923
3 1.73828 -15.2923
3 1.73828 -15.2923
3 1.73828 -15.2923
3 1.73828 -15.2923
3 1.73828 -15.2923
3 1.73828 -15.2923
3 1.73828 -15.2923
3 1.73828 -15.2923
3 1.73828 -15.2923
3 1.73828 -15.2923
3 1.73828 -15.2923
3 1.73828 -15.2923
3 1.73828 -15.2923
3 1.73828 -15.2923
3 1.73828 -15.2923
3 1.73828 -15.2923
3 1.73828 -15.2923
3 1.73828 -15.2923
3 1.73828 -15.2923
3 1.73828 -15.2923
3 1.73828 -15.2923
3 1.73828 -15.2923
3 1.73828 -15.2923
3 1.73828 -15.2923
3 1.73828 -15.2923
3 1.73828 -15.2923
3 1.73828 -15.2923
3 1.73828 -15.2923
3 1.73828 -15.2923
3 1.73828 -15.2923
3 1.73828 -15.2923
3 1.73828 -15.2923
3 1.73828 -15.2923
3 1.73792 -15.2872
3 1.73757 -15.2823
3 1.73723 -15.2776
3 1.7369 -15.2729
3 1.73658 -15.2684
3 1.73629 -15.2642
3 1.736 -15.2601
3 1.73573 -15.2562
3 1.73546 -15.2523
3 1.73546 -15.2523
3 1.73546 -15.2523
3 1.73546 -15.2523
3 1.73546 -15.2523
3 1.73546 -15.2523
3 1.73546 -15.2523
3 1.73546 -15.2523
3 1.73546 -15.2523
3 1.73546 -15.2523
3 1.73546 -15.2523
3 1.73546 -15.2523
3 1.73546 -15.2523
3 1.73546 -15.2523
3 1.73546 -15.2523
3 1.7352 -15.2486
3 1.73499 -15.2457
3 1.73477 -15.2428
3 1.73456 -15.24
3 1.73437 -15.2374
3 1.7342 -15.2351
3 1.73403 -15.2328
3 1.73385 -15.2304
3 1.73368 -15.2281
3 1.73352 -15.2259
3 1.73338 -15.224
3 1.73326 -15.2222
3 1.73314 -15.2206
3 1.73304 -15.2192
3 1.73294 -15.2177
3 1.73282 -15.2162
3 1.73272 -15.2147
3 1.73262 -15.2133
3 1.73253 -15.212
3 1.73245 -15.2108
3 1.73236 -15.2096
3 1.73228 -15.2084
3 1.73221 -15.2073
3 1.73212 -15.2062
3 1.73205 -15.2052
3 1.73198 -15.2042
3 1.73192 -15.2034
3 1.73186 -15.2026
3 1.73179 -15.2017
3 1.73174 -15.2009
3 1.73169 -15.2003
3 1.73165 -15.1996
3 1.73161 -15.199
3 1.73157 -15.1985
3 1.73154 -15.198
3 1.7315 -15.1975
3 1.73146 -15.1969
3 1.73142 -15.1962
3 1.73137 -15.1955
3 1.73133 -15.1949
3 1.73127 -15.1941
3 1.73121 -15.1933
3 1.73115 -15.1924
3 1.7311 -15.1917
3 1.73105 -15.191
3 1.73108 -15.1912
3 1.73109 -15.1913
3 1.7311 -15.1913
3 1.7311 -15.1912
3 1.7311 -15.1911
3 1.73113 -15.1913
3 1.73115 -15.1915
3 1.73118 -15.1917
3 1.73121 -15.192
3 1.73123 -15.1921
3 1.73126 -15.1924
3 1.73129 -15.1926
3 1.73132 -15.1928
3 1.73134 -15.193
3 1.73137 -15.1932
3 1.7314 -15.1935
3 1.73144 -15.1939
3 1.73149 -15.1943
3 1.73153 -15.1947
3 1.73158 -15.1951
3 1.73161 -15.1954
3 1.73164 -15.1956
3 1.73166 -15.1958
3 1.73169 -15.196
3 1.73172 -15.1962
3 1.73176 -15.1965
3 1.7318 -15.1969
3 1.73186 -15.1975
3 1.73193 -15.1981
3 1.73199 -15.1987
3 1.73205 -15.1993
3 1.73212 -15.2
3 1.7322 -15.2008
3 1.73228 -15.2017
3 1.73237 -15.2026
3 1.73246 -15.2036
3 1.73257 -15.2047
3 1.73269 -15.206
3 1.7328 -15.2072
3 1.73291 -15.2085
3 1.73303 -15.2097
3 1.73315 -15.211
3 1.73325 -15.2121
3 1.73334 -15.2131
3 1.73344 -15.2141
3 1.73354 -15.2151
3 1.73363 -15.2161
3 1.73376 -15.2174
3 1.7339 -15.219
3 1.73404 -15.2205
3 1.73417 -15.2219
3 1.73429 -15.2231
3 1.73439 -15.2242
3 1.73449 -15.2252
3 1.7346 -15.2263
3 1.7347 -15.2274
3 1.7348 -15.2283
3 1.7349 -15.2294
3 1.735 -15.2304
3 1.73512 -15.2317
3 1.73524 -15.233
3 1.73536 -15.2342
3 1.73547 -15.2354
3 1.73559 -15.2366
3 1.7357 -15.2377
3 1.73581 -15.2388
3 1.73592 -15.24
3 1.73604 -15.2412
3 1.73616 -15.2425
3 1.73629 -15.2439
3 1.73643 -15.2453
3 1.73657 -15.2469
3 1.73673 -15.2486
3 1.73688 -15.2502
3 1.73704 -15.2519
3 1.73721 -15.2538
3 1.73738 -15.2557
3 1.73754 -15.2576
3 1.73771 -15.2594
3 1.73788 -15.2613
3 1.73808 -15.2636
3 1.73828 -15.2659
3 1.73847 -15.2681
3 1.73867 -15.2704
3 1.73888 -15.2729
3 1.73888 -15.2729
3 1.73888 -15.2729
3 1.7391 -15.2753
3 1.7393 -15.2777
3 1.7393 -15.2777
3 1.7393 -15.2777
3 1.7393 -15.2777
3 1.7393 -15.2777
3 1.7393 -15.2777
3 1.7393 -15.2777
3 1.7393 -15.2777
3 1.7393 -15.2777
3 1.7393 -15.2777
3 1.7393 -15.2777
3 1.7393 -15.2777
3 1.7393 -15.2777
3 1.7393 -15.2777
3 1.7393 -15.2777
3 1.7393 -15.2777
3 1.7393 -15.2777
3 1.7393 -15.2777
3 1.7393 -15.2777
3 1.7393 -15.2777
3 1.7393 -15.2777
3 1.7393 -15.2777
3 1.7393 -15.2777
3 1.7393 -15.2777
3 1.7393 -15.2777
3 1.7393 -15.2777
3 1.7393 -15.2777
3 1.7393 -15.2777
3 1.7393 -15.2777
3 1.7393 -15.2777
3 1.7393 -15.2777
3 1.7393 -15.2777
3 1.7393 -15.2777
3 1.7393 -15.2777
3 1.7393 -15.2777
3 1.7393 -15.2777
3 1.7393 -15.2777
3 1.7393 -15.2777
3 1.7393 -15.2777
3 1.7393 -15.2777
3 1.7393 -15.2777
3 1.7393 -15.2777
3 1.7393 -15.2777
3 1.7393 -15.2777
3 1.7393 -15.2777
3 1.7393 -15.2777
3 1.7393 -15.2777
3 1.7393 -15.2777
3 1.7393 -15.2777
3 1.7393 -15.2777
3 1.7393 -15.2777
3 1.7393 -15.2777
3 1.7393 -15.2777
3 1.7393 -15.2777
3 1.7393 -15.2777
3 1.7393 -15.2777
3 1.7393 -15.2777
3 1.7393 -15.2777
3 1.7393 -15.2777
3 1.7393 -15.2777
3 1.7393 -15.2777
3 1.7393 -15.2777
3 1.7393 -15.2777
3 1.7393 -15.2777
3 1.7393 -15.2777
3 1.7393 -15.2777
3 1.7393 -15.2777
3 1.7393 -15.2777
3 1.7393 -15.2777
3 1.7393 -15.2777
3 1.7393 -15.2777
3 1.7393 -15.2777
3 1.7393 -15.2777
3 1.7393 -15.2777
3 1.7393 -15.2777
3 1.7393 -15.2777
3 1.7393 -15.2777
3 1.7393 -15.2777
3 1.7393 -15.2777
3 1.7393 -15.2777
3 1.7393 -15.2777
3 1.7393 -15.2777
3 1.7393 -15.2777
3 1.7393 -15.2777
3 1.7393 -15.2777
3 1.7393 -15.2777
3 1.7393 -15.2777
3 1.7393 -15.2777
3 1.7393 -15.2777
3 1.7393 -15.2777
3 1.7393 -15.2777
3 1.7393 -15.2777
3 1.7393 -15.2777
3 1.7393 -15.2777
3 1.7393 -15.2777
3 1.7393 -15.2777
3 1.7393 -15.2777
3 1.7393 -15.2777
3 1.7393 -15.2777
3 1.7393 -15.2777
3 1.7393 -15.2777
3 1.7393 -15.2777
3 1.7393 -15.2777
3 1.7393 -15.2777
3 1.7393 -15.2777
3 1.7393 -15.2777
3 1.7393 -15.2777
3 1.7393 -15.2777
3 1.7393 -15.2777
3 1.7393 -15.2777
3 1.7393 -15.2777
3 1.7393 -15.2777
3 1.7393 -15.2777
3 1.7393 -15.2777
3 1.7393 -15.2777
3 1.7393 -15.2777
3 1.7393 -15.2777
3 1.7393 -15.2777
3 1.7393 -15.2777
3 1.7393 -15.2777
3 1.7393 -15.2777
3 1.7393 -15.2777
3 1.7393 -15.2777
3 1.7393 -15.2777
3 1.7393 -15.2777
3 1.7393 -15.2777
3 1.7393 -15.2777
3 1.7393 -15.2777
3 1.7393 -15.2777
3 1.7393 -15.2777
3 1.7393 -15.2777
3 1.7393 -15.2777
3 1.7393 -15.2777
3 1.7393 -15.2777
3 1.7393 -15.2777
3 1.7393 -15.2777
3 1.7393 -15.2777
3 1.7393 -15.2777
3 1.7393 -15.2777
3 1.7393 -15.2777
3 1.7393 -15.2777
3 1.7393 -15.2777
3 1.7393 -15.2777
3 1.7393 -15.2777
3 1.7393 -15.2777
3 1.7393 -15.2777
3 1.7393 -15.2777
3 1.7393 -15.2777
3 1.7393 -15.2777
3 1.7393 -15.2777
3 1.7393 -15.2777
3 1.7393 -15.2777
3 1.7393 -15.2777
3 1.7393 -15.2777
3 1.7393 -15.2777
3 1.7393 -15.2777
3 1.7393 -15.2777
3 1.7393 -15.2777
3 1.7393 -15.2777
3 1.7393 -15.2777
3 1.7393 -15.2777
3 1.7393 -15.2777
3 1.7393 -15.2777
3 1.7393 -15.2777
3 1.7393 -15.2777
3 1.7393 -15.2777
3 1.7393 -15.2777
3 1.7393 -15.2777
3 1.7393 -15.2777
3 1.7393 -15.2777
3 1.7393 -15.2777
3 1.7393 -15.2777
3 1.7393 -15.2777
3 1.7393 -15.2777
3 1.7393 -15.2777
3 1.7393 -15.2777
3 1.7393 -15.2777
3 1.7393 -15.2777
3 1.7393 -15.2777
3 1.7393 -15.2777
3 1.7393 -15.2777
3 1.7393 -15.2777
3 1.7393 -15.2777
3 1.7393 -15.2777
3 1.7393 -15.2777
3 1.7393 -15.2777
3 1.7393 -15.2777
3 1.7393 -15.2777
3 1.7393 -15.2777
3 1.7393 -15.2777
3 1.7393 -15.2777
3 1.7393 -15.2777
3 1.7393 -15.2777
3 1.7393 -15.2777
3 1.7393 -15.2777
3 1.7393 -15.2777
3 1.7393 -15.2777
3 1.7393 -15.2777
3 1.7393 -15.2777
3 1.7393 -15.2777
3 1.7393 -15.2777
3 1.7393 -15.2777
3 1.7393 -15.2777
3 1.7393 -15.2777
3 1.7393 -15.2777
3 1.7393 -15.2777
3 1.7393 -15.2777
3 1.7393 -15.2777
3 1.7393 -15.2777
3 1.7393 -15.2777
3 1.7393 -15.2777
3 1.7393 -15.2777
3 1.7393 -15.2777
3 1.7393 -15.2777
3 1.7393 -15.2777
3 1.7393 -15.2777
3 1.7393 -15.2777
3 1.7393 -15.2777
3 1.7393 -15.2777
3 1.7393 -15.2777
3 1.7393 -15.2777
3 1.7393 -15.2777
3 1.7393 -15.2777
3 1.7393 -15.2777
3 1.7393 -15.2777
3 1.7393 -15.2777
3 1.7393 -15.2777
3 1.7393 -15.2777
3 1.7393 -15.2777
3 1.7393 -15.2777
3 1.7393 -15.2777
3 1.7393 -15.2777
3 1.7393 -15.2777
3 1.7393 -15.2777
3 1.7393 -15.2777
3 1.7393 -15.2777
3 1.7393 -15.2777
3 1.7393 -15.2777
3 1.7393 -15.2777
3 1.7393 -15.2777
3 1.7393 -15.2777
3 1.7393 -15.2777
3 1.7393 -15.2777
3 1.7393 -15.2777
3 1.7393 -15.2777
3 1.7393 -15.2777
3 1.7393 -15.2777
3 1.7393 -15.2777
3 1.7393 -15.2777
3 1.7393 -15.2777
3 1.7393 -15.2777
3 1.7393 -15.2777
3 1.7393 -15.2777
3 1.7393 -15.2777
3 1.7393 -15.2777
3 1.7393 -15.2777
3 1.7393 -15.2777
3 1.7393 -15.2777
3 1.7393 -15.2777
3 1.7393 -15.2777
3 1.7393 -15.2777
3 1.7393 -15.2777
3 1.7393 -15.2777
3 1.7393 -15.2777
3 1.7393 -15.2777
3 1.7393 -15.2777
3 1.7393 -15.2777
3 1.7393 -15.2777
3 1.7393 -15.2777
3 1.7393 -15.2777
3 1.7393 -15.2777
3 1.7393 -15.2777
3 1.7393 -15.2777
3 1.7393 -15.2777
3 1.7393 -15.2777
3 1.7393 -15.2777
