1 0.00872685 2.29571
1 0.487297 1.27783
1 0.492968 1.25195
1 0.490824 1.24674
1 0.488298 1.2458
1 0.485737 1.24655
1 0.482893 1.24817
1 0.479445 1.25062
1 0.475593 1.25376
1 0.471845 1.25697
1 0.467334 1.26106
1 0.463204 1.26507
1 0.459351 1.26893
1 0.455593 1.27276
1 0.45164 1.27676
1 0.44776 1.28065
1 0.444118 1.28443
1 0.440757 1.28809
1 0.437549 1.29174
1 0.434365 1.29544
1 0.431279 1.29908
1 0.427945 1.30294
1 0.424763 1.30675
1 0.421732 1.31051
1 0.418695 1.31424
1 0.415689 1.31789
1 0.412519 1.32285
1 0.409474 1.32762
1 0.406572 1.33225
1 0.403753 1.33678
1 0.401051 1.34113
1 0.39823 1.34557
1 0.395561 1.3498
1 0.392938 1.3541
1 0.390376 1.35831
1 0.387915 1.36246
1 0.385569 1.3666
1 0.383303 1.37066
1 0.3811 1.37468
1 0.378875 1.37869
1 0.376732 1.38259
1 0.374668 1.38645
1 0.372603 1.3903
1 0.370581 1.39406
1 0.368608 1.39778
1 0.366638 1.40149
1 0.364676 1.40514
1 0.362727 1.40875
1 0.360772 1.41243
1 0.358887 1.416
1 0.356959 1.41963
1 0.355091 1.42318
1 0.353315 1.42669
1 0.351548 1.43018
1 0.349815 1.43361
1 0.348106 1.43699
1 0.346393 1.44036
1 0.344707 1.44367
1 0.343067 1.44693
1 0.341477 1.45013
1 0.339852 1.45338
1 0.338284 1.45654
1 0.336731 1.45973
1 0.335166 1.46289
1 0.333613 1.46602
1 0.332064 1.46911
1 0.330539 1.47217
1 0.32901 1.47522
1 0.327499 1.47823
1 0.327499 1.47823
1 0.327499 1.47823
1 0.327499 1.47823
1 0.327499 1.47823
1 0.327499 1.47823
1 0.327499 1.47823
1 0.327499 1.47823
1 0.327499 1.47823
1 0.327499 1.47823
1 0.327499 1.47823
1 0.327499 1.47823
1 0.327499 1.47823
1 0.327499 1.47823
1 0.327499 1.47823
1 0.327499 1.47823
1 0.327499 1.47823
1 0.327499 1.47823
1 0.327499 1.47823
1 0.327499 1.47823
1 0.327499 1.47823
1 0.327499 1.47823
1 0.327499 1.47823
1 0.327499 1.47823
1 0.327499 1.47823
1 0.327499 1.47823
1 0.327499 1.47823
1 0.327499 1.47823
1 0.327499 1.47823
1 0.327499 1.47823
1 0.327499 1.47823
1 0.327499 1.47823
1 0.327499 1.47823
1 0.327499 1.47823
1 0.327499 1.47823
1 0.327499 1.47823
1 0.327499 1.47823
1 0.327499 1.47823
1 0.327499 1.47823
1 0.327499 1.47823
1 0.327499 1.47823
1 0.327499 1.47823
1 0.327499 1.47823
1 0.327499 1.47823
1 0.327499 1.47823
1 0.327499 1.47823
1 0.327499 1.47823
1 0.327499 1.47823
1 0.327499 1.47823
1 0.327499 1.47823
1 0.327499 1.47823
1 0.327499 1.47823
1 0.327499 1.47823
1 0.327499 1.47823
1 0.327499 1.47823
1 0.327499 1.47823
1 0.327499 1.47823
1 0.327499 1.47823
1 0.327499 1.47823
1 0.327499 1.47823
1 0.327499 1.47823
1 0.327499 1.47823
1 0.327499 1.47823
1 0.327499 1.47823
1 0.327499 1.47823
1 0.327499 1.47823
1 0.327499 1.47823
1 0.327499 1.47823
1 0.327499 1.47823
1 0.327499 1.47823
1 0.327499 1.47823
1 0.327499 1.47823
1 0.327499 1.47823
1 0.327499 1.47823
1 0.327499 1.47823
1 0.327499 1.47823
1 0.327499 1.47823
1 0.327499 1.47823
1 0.327499 1.47823
1 0.327499 1.47823
1 0.327499 1.47823
1 0.327499 1.47823
1 0.327499 1.47823
1 0.327499 1.47823
1 0.327499 1.47823
1 0.327499 1.47823
1 0.327499 1.47823
1 0.327499 1.47823
1 0.327499 1.47823
1 0.327499 1.47823
1 0.327499 1.47823
1 0.327499 1.47823
1 0.327499 1.47823
1 0.327499 1.47823
1 0.327499 1.47823
1 0.327499 1.47823
1 0.327499 1.47823
1 0.327499 1.47823
1 0.327499 1.47823
1 0.327499 1.47823
1 0.327499 1.47823
1 0.327499 1.47823
1 0.327499 1.47823
1 0.327499 1.47823
1 0.327499 1.47823
1 0.327499 1.47823
1 0.327499 1.47823
1 0.327499 1.47823
1 0.327499 1.47823
1 0.327499 1.47823
1 0.327499 1.47823
1 0.327499 1.47823
1 0.327499 1.47823
1 0.327499 1.47823
1 0.327499 1.47823
1 0.327499 1.47823
1 0.327499 1.47823
1 0.327499 1.47823
1 0.327499 1.47823
1 0.327499 1.47823
1 0.327499 1.47823
1 0.327499 1.47823
1 0.327499 1.47823
1 0.327499 1.47823
1 0.327499 1.47823
1 0.327499 1.47823
1 0.327499 1.47823
1 0.327499 1.47823
1 0.327499 1.47823
1 0.327499 1.47823
1 0.327499 1.47823
1 0.327499 1.47823
1 0.327499 1.47823
1 0.327499 1.47823
1 0.327499 1.47823
1 0.327499 1.47823
1 0.327499 1.47823
1 0.327499 1.47823
1 0.327499 1.47823
1 0.327499 1.47823
1 0.327499 1.47823
1 0.327499 1.47823
1 0.327499 1.47823
1 0.327499 1.47823
1 0.327499 1.47823
1 0.327499 1.47823
1 0.327499 1.47823
1 0.327499 1.47823
1 0.327499 1.47823
1 0.327499 1.47823
1 0.327499 1.47823
1 0.327499 1.47823
1 0.327499 1.47823
1 0.327499 1.47823
1 0.327499 1.47823
1 0.327499 1.47823
1 0.327499 1.47823
1 0.327499 1.47823
1 0.327499 1.47823
1 0.327499 1.47823
1 0.327499 1.47823
1 0.327499 1.47823
1 0.327499 1.47823
1 0.327499 1.47823
1 0.327499 1.47823
1 0.327499 1.47823
1 0.327499 1.47823
1 0.327499 1.47823
1 0.327499 1.47823
1 0.327499 1.47823
1 0.327499 1.47823
1 0.327499 1.47823
1 0.327499 1.47823
1 0.327499 1.47823
1 0.327499 1.47823
1 0.327499 1.47823
1 0.327499 1.47823
1 0.327499 1.47823
1 0.327499 1.47823
1 0.327499 1.47823
1 0.327499 1.47823
1 0.327499 1.47823
1 0.327499 1.47823
1 0.327499 1.47823
1 0.327499 1.47823
1 0.327499 1.47823
1 0.327499 1.47823
1 0.327499 1.47823
1 0.327499 1.47823
1 0.327499 1.47823
1 0.327499 1.47823
1 0.327499 1.47823
1 0.327499 1.47823
1 0.327499 1.47823
1 0.327499 1.47823
1 0.327499 1.47823
1 0.327499 1.47823
1 0.327499 1.47823
1 0.327499 1.47823
1 0.327499 1.47823
1 0.327499 1.47823
1 0.327499 1.47823
1 0.327499 1.47823
1 0.327499 1.47823
1 0.327499 1.47823
1 0.327499 1.47823
1 0.327499 1.47823
1 0.327499 1.47823
1 0.327499 1.47823
1 0.327499 1.47823
1 0.327499 1.47823
1 0.327499 1.47823
1 0.327499 1.47823
1 0.327499 1.47823
1 0.327499 1.47823
1 0.327499 1.47823
1 0.327499 1.47823
1 0.327499 1.47823
1 0.327499 1.47823
1 0.327499 1.47823
1 0.327499 1.47823
1 0.327499 1.47823
1 0.327499 1.47823
1 0.327499 1.47823
1 0.327499 1.47823
1 0.327499 1.47823
1 0.327499 1.47823
1 0.327499 1.47823
1 0.327499 1.47823
1 0.327499 1.47823
1 0.327499 1.47823
1 0.327499 1.47823
1 0.327499 1.47823
1 0.327499 1.47823
1 0.327499 1.47823
1 0.327499 1.47823
1 0.327499 1.47823
1 0.327499 1.47823
1 0.327499 1.47823
1 0.327499 1.47823
1 0.327499 1.47823
1 0.327499 1.47823
1 0.327499 1.47823
1 0.327499 1.47823
1 0.327499 1.47823
1 0.327499 1.47823
1 0.327499 1.47823
1 0.327499 1.47823
1 0.327499 1.47823
1 0.327499 1.47823
1 0.327499 1.47823
1 0.327499 1.47823
1 0.327499 1.47823
1 0.327499 1.47823
1 0.327499 1.47823
1 0.327499 1.47823
1 0.327499 1.47823
1 0.327499 1.47823
1 0.327499 1.47823
1 0.327499 1.47823
1 0.327499 1.47823
1 0.327499 1.47823
1 0.327499 1.47823
1 0.327499 1.47823
1 0.327499 1.47823
1 0.327499 1.47823
1 0.327499 1.47823
1 0.327499 1.47823
1 0.327499 1.47823
1 0.327499 1.47823
1 0.327499 1.47823
1 0.327499 1.47823
1 0.327499 1.47823
1 0.327499 1.47823
1 0.327499 1.47823
1 0.327499 1.47823
1 0.327499 1.47823
1 0.327499 1.47823
1 0.327499 1.47823
1 0.327499 1.47823
1 0.327499 1.47823
1 0.327499 1.47823
1 0.327499 1.47823
1 0.327499 1.47823
1 0.327499 1.47823
1 0.327499 1.47823
1 0.327499 1.47823
1 0.327499 1.47823
1 0.327499 1.47823
1 0.327499 1.47823
1 0.327499 1.47823
1 0.327499 1.47823
1 0.327499 1.47823
1 0.327499 1.47823
1 0.327499 1.47823
1 0.327499 1.47823
1 0.327499 1.47823
1 0.327499 1.47823
1 0.327499 1.47823
1 0.327499 1.47823
1 0.327499 1.47823
1 0.327499 1.47823
1 0.327499 1.47823
1 0.327499 1.47823
1 0.327499 1.47823
1 0.327499 1.47823
1 0.327499 1.47823
1 0.327499 1.47823
1 0.327499 1.47823
1 0.327499 1.47823
1 0.327499 1.47823
1 0.327499 1.47823
1 0.327499 1.47823
1 0.327499 1.47823
1 0.327499 1.47823
1 0.327499 1.47823
1 0.327499 1.47823
1 0.327499 1.47823
1 0.327499 1.47823
1 0.327499 1.47823
1 0.327499 1.47823
1 0.327499 1.47823
1 0.327499 1.47823
1 0.327499 1.47823
1 0.327499 1.47823
1 0.327499 1.47823
1 0.327499 1.47823
1 0.327499 1.47823
1 0.327499 1.47823
1 0.327499 1.47823
1 0.327499 1.47823
1 0.327499 1.47823
1 0.327499 1.47823
1 0.327499 1.47823
1 0.327499 1.47823
1 0.327499 1.47823
1 0.327499 1.47823
1 0.327499 1.47823
1 0.327499 1.47823
1 0.327499 1.47823
1 0.327499 1.47823
1 0.327499 1.47823
1 0.327499 1.47823
1 0.327499 1.47823
1 0.327499 1.47823
1 0.327499 1.47823
1 0.327499 1.47823
1 0.327499 1.47823
1 0.327499 1.47823
1 0.327499 1.47823
1 0.327499 1.47823
1 0.327499 1.47823
1 0.327499 1.47823
1 0.327499 1.47823
1 0.327499 1.47823
1 0.327499 1.47823
1 0.327499 1.47823
1 0.327499 1.47823
1 0.327499 1.47823
1 0.327499 1.47823
1 0.327499 1.47823
1 0.327499 1.47823
1 0.327499 1.47823
1 0.327499 1.47823
1 0.327499 1.47823
1 0.327499 1.47823
1 0.327499 1.47823
1 0.327499 1.47823
1 0.327499 1.47823
1 0.327499 1.47823
1 0.327499 1.47823
1 0.327499 1.47823
1 0.327499 1.47823
1 0.327499 1.47823
1 0.327499 1.47823
1 0.327499 1.47823
1 0.327499 1.47823
1 0.327499 1.47823
1 0.327499 1.47823
1 0.327499 1.47823
1 0.327499 1.47823
1 0.327499 1.47823
1 0.327499 1.47823
1 0.327499 1.47823
1 0.327499 1.47823
1 0.327499 1.47823
1 0.327499 1.47823
1 0.327499 1.47823
1 0.327499 1.47823
1 0.327499 1.47823
1 0.327499 1.47823
1 0.327499 1.47823
1 0.327499 1.47823
1 0.327499 1.47823
1 0.327499 1.47823
1 0.327499 1.47823
1 0.327499 1.47823
1 0.327499 1.47823
1 0.327499 1.47823
1 0.327499 1.47823
1 0.327499 1.47823
1 0.327499 1.47823
1 0.327499 1.47823
1 0.327499 1.47823
1 0.327499 1.47823
1 0.327499 1.47823
1 0.327499 1.47823
1 0.327499 1.47823
1 0.327499 1.47823
1 0.327499 1.47823
1 0.327499 1.47823
1 0.327499 1.47823
1 0.327499 1.47823
1 0.327499 1.47823
1 0.327499 1.47823
1 0.327499 1.47823
1 0.327499 1.47823
1 0.327499 1.47823
1 0.327499 1.47823
1 0.327499 1.47823
1 0.327499 1.47823
1 0.327499 1.47823
1 0.327499 1.47823
1 0.327499 1.47823
1 0.327499 1.47823
1 0.327499 1.47823
1 0.327499 1.47823
1 0.327499 1.47823
1 0.327499 1.47823
1 0.327499 1.47823
1 0.327499 1.47823
1 0.327499 1.47823
1 0.327499 1.47823
1 0.327499 1.47823
1 0.327499 1.47823
1 0.327499 1.47823
1 0.327499 1.47823
1 0.327499 1.47823
1 0.327499 1.47823
1 0.327499 1.47823
1 0.327499 1.47823
1 0.327499 1.47823
1 0.327499 1.47823
1 0.327499 1.47823
1 0.327499 1.47823
1 0.327499 1.47823
1 0.327499 1.47823
1 0.327499 1.47823
1 0.327499 1.47823
1 0.327499 1.47823
1 0.327499 1.47823
1 0.327499 1.47823
1 0.327499 1.47823
1 0.327499 1.47823
1 0.327499 1.47823
1 0.327499 1.47823
1 0.327499 1.47823
1 0.327499 1.47823
1 0.327499 1.47823
1 0.327499 1.47823
1 0.327499 1.47823
1 0.327499 1.47823
1 0.327499 1.47823
1 0.327499 1.47823
1 0.327499 1.47823
1 0.327499 1.47823
1 0.327499 1.47823
1 0.327499 1.47823
1 0.327499 1.47823
1 0.327499 1.47823
1 0.327499 1.47823
1 0.327499 1.47823
1 0.327499 1.47823
1 0.327499 1.47823
1 0.327499 1.47823
1 0.327499 1.47823
1 0.327499 1.47823
1 0.327499 1.47823
1 0.327499 1.47823
1 0.327499 1.47823
1 0.327499 1.47823
1 0.327499 1.47823
1 0.327499 1.47823
1 0.327499 1.47823
1 0.327499 1.47823
1 0.327499 1.47823
1 0.327499 1.47823
1 0.327499 1.47823
1 0.327499 1.47823
1 0.327499 1.47823
1 0.327499 1.47823
1 0.327499 1.47823
1 0.327499 1.47823
1 0.327499 1.47823
1 0.327499 1.47823
1 0.327499 1.47823
1 0.327499 1.47823
1 0.327499 1.47823
1 0.327499 1.47823
1 0.327499 1.47823
1 0.327499 1.47823
1 0.327499 1.47823
1 0.327499 1.47823
1 0.327499 1.47823
1 0.327499 1.47823
1 0.327499 1.47823
1 0.327499 1.47823
1 0.327499 1.47823
1 0.327499 1.47823
1 0.327499 1.47823
1 0.327499 1.47823
1 0.327499 1.47823
1 0.327499 1.47823
1 0.327499 1.47823
1 0.327499 1.47823
1 0.327499 1.47823
1 0.327499 1.47823
1 0.327499 1.47823
1 0.327499 1.47823
1 0.327499 1.47823
1 0.327499 1.47823
1 0.327499 1.47823
1 0.327499 1.47823
1 0.327499 1.47823
1 0.327499 1.47823
1 0.327499 1.47823
1 0.327499 1.47823
1 0.327499 1.47823
1 0.327499 1.47823
1 0.327499 1.47823
1 0.327499 1.47823
1 0.327499 1.47823
1 0.327499 1.47823
1 0.327499 1.47823
1 0.327499 1.47823
1 0.327499 1.47823
1 0.327499 1.47823
1 0.327499 1.47823
1 0.327499 1.47823
1 0.327499 1.47823
1 0.327499 1.47823
1 0.327499 1.47823
1 0.327499 1.47823
1 0.327499 1.47823
1 0.327499 1.47823
1 0.327499 1.47823
1 0.327499 1.47823
1 0.327499 1.47823
1 0.327499 1.47823
1 0.327499 1.47823
1 0.327499 1.47823
1 0.327499 1.47823
1 0.327499 1.47823
1 0.327499 1.47823
1 0.327499 1.47823
1 0.327499 1.47823
1 0.327499 1.47823
1 0.327499 1.47823
1 0.327499 1.47823
1 0.327499 1.47823
1 0.327499 1.47823
1 0.327499 1.47823
1 0.327499 1.47823
1 0.327499 1.47823
1 0.327499 1.47823
1 0.327499 1.47823
1 0.327499 1.47823
1 0.327499 1.47823
1 0.327499 1.47823
1 0.327499 1.47823
2 0.588614 -1.33573
2 0.588378 -1.33437
2 0.588182 -1.33326
2 0.588012 -1.33232
2 0.587882 -1.33164
2 0.587776 -1.33112
2 0.587655 -1.33043
2 0.587521 -1.32961
2 0.587393 -1.32878
2 0.587287 -1.32808
2 0.587261 -1.32791
2 0.587233 -1.32771
2 0.587234 -1.32765
2 0.587235 -1.32755
2 0.587235 -1.32738
2 0.587259 -1.32737
2 0.587322 -1.32763
2 0.587397 -1.32794
2 0.587457 -1.3281
2 0.587511 -1.32819
2 0.587587 -1.32843
2 0.587693 -1.32887
2 0.587803 -1.3293
2 0.587923 -1.3298
2 0.58804 -1.33025
2 0.588169 -1.33076
2 0.588331 -1.33152
2 0.588499 -1.3323
2 0.588679 -1.33315
2 0.588874 -1.33411
2 0.589122 -1.33515
2 0.589388 -1.33631
2 0.589663 -1.33754
2 0.589952 -1.33889
2 0.590224 -1.34009
2 0.590495 -1.34128
2 0.590777 -1.34256
2 0.59107 -1.34394
2 0.591398 -1.34557
2 0.591705 -1.34703
2 0.592032 -1.34865
2 0.592379 -1.35043
2 0.592695 -1.35197
2 0.592988 -1.35332
2 0.593274 -1.3546
2 0.593589 -1.35613
2 0.593922 -1.35781
2 0.594244 -1.35941
2 0.594552 -1.36089
2 0.594877 -1.36251
2 0.595217 -1.36426
2 0.595546 -1.36591
2 0.595857 -1.36744
2 0.596162 -1.36891
2 0.596467 -1.37038
2 0.596792 -1.37203
2 0.597131 -1.37379
2 0.597477 -1.37563
2 0.597813 -1.37739
2 0.59815 -1.37917
2 0.598509 -1.38114
2 0.598877 -1.3832
2 0.599249 -1.3853
2 0.599607 -1.38729
2 0.599977 -1.3894
2 0.600365 -1.39167
2 0.600911 -1.395
2 0.601448 -1.39826
2 0.601969 -1.40141
2 0.602491 -1.40459
2 0.60301 -1.40775
2 0.603519 -1.41085
2 0.604042 -1.41408
2 0.604562 -1.41731
2 0.60509 -1.42061
2 0.605603 -1.42379
2 0.606116 -1.42699
2 0.606632 -1.43022
2 0.607127 -1.43329
2 0.60761 -1.43626
2 0.608075 -1.43909
2 0.60855 -1.44202
2 0.609036 -1.44506
2 0.609517 -1.44807
2 0.609988 -1.45101
2 0.610457 -1.45395
2 0.610913 -1.45678
2 0.611362 -1.45957
2 0.611833 -1.46258
2 0.612302 -1.46559
2 0.612747 -1.4684
2 0.613178 -1.4711
2 0.6136 -1.47374
2 0.614026 -1.47643
2 0.614435 -1.47897
2 0.614841 -1.4815
2 0.615251 -1.48408
2 0.615666 -1.48672
2 0.616077 -1.48933
2 0.616488 -1.49196
2 0.616896 -1.49457
2 0.617369 -1.49764
2 0.61782 -1.50053
2 0.618255 -1.50329
2 0.618696 -1.50612
2 0.619124 -1.50886
2 0.619538 -1.51148
2 0.619926 -1.51389
2 0.620306 -1.51624
2 0.620685 -1.51859
2 0.621064 -1.52096
2 0.621425 -1.52318
2 0.621762 -1.52519
2 0.622084 -1.52709
2 0.622414 -1.52907
2 0.622741 -1.53104
2 0.623047 -1.53282
2 0.623332 -1.53442
2 0.623619 -1.53606
2 0.623915 -1.53779
2 0.624218 -1.5396
2 0.624537 -1.54158
2 0.624837 -1.54338
2 0.625114 -1.54497
2 0.625388 -1.54655
2 0.625659 -1.54811
2 0.62593 -1.54967
2 0.626196 -1.55119
2 0.626452 -1.55264
2 0.626706 -1.55406
2 0.626959 -1.55549
2 0.627186 -1.55657
2 0.627418 -1.55769
2 0.627653 -1.55886
2 0.627878 -1.55995
2 0.62809 -1.56091
2 0.628291 -1.56179
2 0.628479 -1.56256
2 0.628665 -1.56332
2 0.628859 -1.56418
2 0.629053 -1.56505
2 0.629235 -1.56582
2 0.629403 -1.56648
2 0.629579 -1.56722
2 0.629763 -1.56806
2 0.629946 -1.5689
2 0.630114 -1.56961
2 0.630266 -1.57017
2 0.630415 -1.57071
2 0.630572 -1.57133
2 0.630726 -1.57193
2 0.630878 -1.57252
2 0.631024 -1.57305
2 0.631178 -1.57368
2 0.631333 -1.57431
2 0.631485 -1.57493
2 0.631642 -1.57561
2 0.631796 -1.57626
2 0.631935 -1.57677
3 1.73828 -15.2923
3 1.73828 -15.2923
3 1.73828 -15.2923
3 1.73828 -15.2923
3 1.73828 -15.2923
3 1.73828 -15.2923
3 1.73828 -15.2923
3 1.73828 -15.2923
3 1.73828 -15.2923
3 1.73828 -15.2923
3 1.73828 -15.2923
3 1.73828 -15.2923
3 1.73828 -15.2923
3 1.73828 -15.2923
3 1.73828 -15.2923
3 1.73828 -15.2923
3 1.73828 -15.2923
3 1.73828 -15.2923
3 1.73828 -15.2923
3 1.73828 -15.2923
3 1.73828 -15.2923
3 1.73828 -15.2923
3 1.73828 -15.2923
3 1.73828 -15.2923
3 1.73828 -15.2923
3 1.73828 -15.2923
3 1.73828 -15.2923
3 1.73739 -15.2775
3 1.73659 -15.2637
3 1.73583 -15.2506
3 1.7351 -15.2378
3 1.73451 -15.2268
3 1.73395 -15.2164
3 1.73342 -15.2062
3 1.73292 -15.1965
3 1.73244 -15.1871
3 1.732 -15.1783
3 1.73159 -15.17
3 1.73121 -15.162
3 1.73084 -15.1542
3 1.73049 -15.1468
3 1.73021 -15.1403
3 1.72998 -15.1343
3 1.72979 -15.129
3 1.72962 -15.1239
3 1.72947 -15.1192
3 1.72933 -15.1146
3 1.72925 -15.1108
3 1.72922 -15.1077
3 1.72923 -15.105
3 1.72928 -15.1029
3 1.72935 -15.101
3 1.72945 -15.0996
3 1.72956 -15.0985
3 1.72973 -15.0979
3 1.72991 -15.0977
3 1.73011 -15.0977
3 1.73037 -15.0985
3 1.73065 -15.0996
3 1.73098 -15.1013
3 1.73136 -15.1037
3 1.73174 -15.1061
3 1.73212 -15.1085
3 1.73249 -15.1109
3 1.73287 -15.1134
3 1.73325 -15.1161
3 1.73365 -15.1189
3 1.73407 -15.1221
3 1.7345 -15.1253
3 1.73497 -15.1292
3 1.73551 -15.1338
3 1.73551 -15.1338
3 1.73551 -15.1338
3 1.73551 -15.1338
3 1.73551 -15.1338
3 1.73551 -15.1338
3 1.73551 -15.1338
3 1.73551 -15.1338
3 1.73551 -15.1338
3 1.73551 -15.1338
3 1.73551 -15.1338
3 1.73551 -15.1338
3 1.73551 -15.1338
3 1.73551 -15.1338
3 1.73551 -15.1338
3 1.73551 -15.1338
3 1.73551 -15.1338
3 1.73551 -15.1338
3 1.73551 -15.1338
3 1.73551 -15.1338
3 1.73551 -15.1338
3 1.73551 -15.1338
3 1.73551 -15.1338
3 1.73551 -15.1338
3 1.73551 -15.1338
3 1.73551 -15.1338
3 1.73551 -15.1338
3 1.73551 -15.1338
3 1.73551 -15.1338
3 1.73551 -15.1338
3 1.73551 -15.1338
3 1.73551 -15.1338
3 1.73551 -15.1338
3 1.73551 -15.1338
3 1.73551 -15.1338
3 1.73551 -15.1338
3 1.73551 -15.1338
3 1.73551 -15.1338
3 1.73551 -15.1338
3 1.73551 -15.1338
3 1.73551 -15.1338
3 1.73551 -15.1338
3 1.73551 -15.1338
3 1.73551 -15.1338
3 1.73551 -15.1338
3 1.73551 -15.1338
3 1.73551 -15.1338
3 1.73551 -15.1338
3 1.73551 -15.1338
3 1.73551 -15.1338
3 1.73551 -15.1338
3 1.73551 -15.1338
3 1.73551 -15.1338
3 1.73551 -15.1338
3 1.73551 -15.1338
3 1.73551 -15.1338
3 1.73551 -15.1338
3 1.73551 -15.1338
3 1.73551 -15.1338
3 1.73551 -15.1338
3 1.73551 -15.1338
3 1.73551 -15.1338
3 1.73551 -15.1338
3 1.73551 -15.1338
3 1.73551 -15.1338
3 1.73551 -15.1338
3 1.73551 -15.1338
3 1.73551 -15.1338
3 1.73551 -15.1338
3 1.73551 -15.1338
3 1.73551 -15.1338
3 1.73551 -15.1338
3 1.73551 -15.1338
3 1.73551 -15.1338
3 1.73551 -15.1338
3 1.73551 -15.1338
3 1.73551 -15.1338
3 1.73551 -15.1338
3 1.73551 -15.1338
3 1.73551 -15.1338
3 1.73551 -15.1338
3 1.73551 -15.1338
3 1.73551 -15.1338
3 1.73551 -15.1338
3 1.73551 -15.1338
3 1.73551 -15.1338
3 1.73551 -15.1338
3 1.73551 -15.1338
3 1.73551 -15.1338
3 1.73551 -15.1338
3 1.73551 -15.1338
3 1.73551 -15.1338
3 1.73551 -15.1338
3 1.73551 -15.1338
3 1.73551 -15.1338
3 1.73551 -15.1338
3 1.73551 -15.1338
3 1.73551 -15.1338
3 1.73551 -15.1338
3 1.73551 -15.1338
3 1.73551 -15.1338
3 1.73551 -15.1338
3 1.73551 -15.1338
3 1.73551 -15.1338
3 1.73551 -15.1338
3 1.73551 -15.1338
3 1.73551 -15.1338
3 1.73551 -15.1338
3 1.73551 -15.1338
3 1.73551 -15.1338
3 1.73551 -15.1338
3 1.73551 -15.1338
3 1.73551 -15.1338
3 1.73551 -15.1338
3 1.73551 -15.1338
3 1.73551 -15.1338
3 1.73551 -15.1338
3 1.73551 -15.1338
3 1.73551 -15.1338
3 1.73551 -15.1338
3 1.73551 -15.1338
3 1.73551 -15.1338
3 1.73551 -15.1338
3 1.73551 -15.1338
3 1.73551 -15.1338
3 1.73551 -15.1338
3 1.73551 -15.1338
3 1.73551 -15.1338
3 1.73551 -15.1338
3 1.73551 -15.1338
3 1.73551 -15.1338
3 1.73551 -15.1338
3 1.73551 -15.1338
3 1.73551 -15.1338
3 1.73551 -15.1338
3 1.73551 -15.1338
3 1.73551 -15.1338
3 1.73551 -15.1338
3 1.73551 -15.1338
3 1.73551 -15.1338
3 1.73551 -15.1338
3 1.73551 -15.1338
3 1.73551 -15.1338
3 1.73551 -15.1338
3 1.73551 -15.1338
3 1.73551 -15.1338
3 1.73551 -15.1338
3 1.73551 -15.1338
3 1.73551 -15.1338
3 1.73551 -15.1338
3 1.73551 -15.1338
3 1.73551 -15.1338
3 1.73551 -15.1338
3 1.73551 -15.1338
3 1.73551 -15.1338
3 1.73551 -15.1338
3 1.73551 -15.1338
3 1.73551 -15.1338
3 1.73551 -15.1338
3 1.73551 -15.1338
3 1.73551 -15.1338
3 1.73551 -15.1338
3 1.73551 -15.1338
3 1.73551 -15.1338
3 1.73551 -15.1338
3 1.73551 -15.1338
3 1.73551 -15.1338
3 1.73551 -15.1338
3 1.73551 -15.1338
3 1.73551 -15.1338
3 1.73551 -15.1338
3 1.73551 -15.1338
3 1.73551 -15.1338
3 1.73551 -15.1338
3 1.73551 -15.1338
3 1.73551 -15.1338
3 1.73551 -15.1338
3 1.73551 -15.1338
3 1.73551 -15.1338
3 1.73551 -15.1338
3 1.73551 -15.1338
3 1.73551 -15.1338
3 1.73551 -15.1338
3 1.73551 -15.1338
3 1.73551 -15.1338
3 1.73551 -15.1338
3 1.73551 -15.1338
3 1.73551 -15.1338
3 1.73551 -15.1338
3 1.73551 -15.1338
3 1.73551 -15.1338
3 1.73551 -15.1338
3 1.73551 -15.1338
3 1.73551 -15.1338
3 1.73551 -15.1338
3 1.73551 -15.1338
3 1.73551 -15.1338
3 1.73551 -15.1338
3 1.73551 -15.1338
3 1.73551 -15.1338
3 1.73551 -15.1338
3 1.73551 -15.1338
3 1.73551 -15.1338
3 1.73551 -15.1338
3 1.73551 -15.1338
3 1.73551 -15.1338
3 1.73551 -15.1338
3 1.73551 -15.1338
3 1.73551 -15.1338
3 1.73551 -15.1338
3 1.73551 -15.1338
3 1.73551 -15.1338
3 1.73551 -15.1338
3 1.73551 -15.1338
3 1.73551 -15.1338
3 1.73551 -15.1338
3 1.73551 -15.1338
3 1.73551 -15.1338
3 1.73551 -15.1338
3 1.73551 -15.1338
3 1.73551 -15.1338
3 1.73551 -15.1338
3 1.73551 -15.1338
3 1.73551 -15.1338
3 1.73551 -15.1338
3 1.73551 -15.1338
3 1.73551 -15.1338
3 1.73551 -15.1338
3 1.73551 -15.1338
3 1.73551 -15.1338
3 1.73551 -15.1338
3 1.73551 -15.1338
3 1.73551 -15.1338
3 1.73551 -15.1338
3 1.73551 -15.1338
3 1.73551 -15.1338
3 1.73551 -15.1338
3 1.73551 -15.1338
3 1.73551 -15.1338
3 1.73551 -15.1338
3 1.73551 -15.1338
3 1.73551 -15.1338
3 1.73551 -15.1338
3 1.73551 -15.1338
3 1.73551 -15.1338
3 1.73551 -15.1338
3 1.73551 -15.1338
3 1.73551 -15.1338
3 1.73551 -15.1338
3 1.73551 -15.1338
3 1.73551 -15.1338
3 1.73551 -15.1338
3 1.73551 -15.1338
3 1.73551 -15.1338
3 1.73551 -15.1338
3 1.73551 -15.1338
3 1.73551 -15.1338
3 1.73551 -15.1338
3 1.73551 -15.1338
3 1.73551 -15.1338
3 1.73551 -15.1338
3 1.73551 -15.1338
3 1.73551 -15.1338
3 1.73551 -15.1338
3 1.73551 -15.1338
3 1.73551 -15.1338
3 1.73551 -15.1338
3 1.73551 -15.1338
3 1.73551 -15.1338
3 1.73551 -15.1338
3 1.73551 -15.1338
3 1.73551 -15.1338
3 1.73551 -15.1338
3 1.73551 -15.1338
3 1.73551 -15.1338
3 1.73551 -15.1338
3 1.73551 -15.1338
3 1.73551 -15.1338
3 1.73551 -15.1338
3 1.73551 -15.1338
3 1.73551 -15.1338
3 1.73551 -15.1338
3 1.73551 -15.1338
3 1.73551 -15.1338
3 1.73551 -15.1338
3 1.73551 -15.1338
3 1.73551 -15.1338
3 1.73551 -15.1338
3 1.73551 -15.1338
3 1.73551 -15.1338
3 1.73551 -15.1338
3 1.73551 -15.1338
3 1.73551 -15.1338
3 1.73551 -15.1338
3 1.73551 -15.1338
3 1.73551 -15.1338
3 1.73551 -15.1338
3 1.73551 -15.1338
3 1.73551 -15.1338
3 1.73551 -15.1338
3 1.73551 -15.1338
3 1.73551 -15.1338
3 1.73551 -15.1338
3 1.73551 -15.1338
3 1.73551 -15.1338
3 1.73551 -15.1338
3 1.73551 -15.1338
3 1.73551 -15.1338
3 1.73551 -15.1338
3 1.73551 -15.1338
3 1.73551 -15.1338
3 1.73551 -15.1338
3 1.73551 -15.1338
3 1.73551 -15.1338
3 1.73551 -15.1338
3 1.73551 -15.1338
3 1.73551 -15.1338
3 1.73551 -15.1338
3 1.73551 -15.1338
3 1.73551 -15.1338
3 1.73551 -15.1338
3 1.73551 -15.1338
3 1.73551 -15.1338
3 1.73551 -15.1338
3 1.73551 -15.1338
3 1.73551 -15.1338
